w1,w2,c1,c2,c3,c4,c5,c6,c7,c8,c9,c10,c11,c12,c13,c14,c15,c16,c17,c18,c19,c20,c21,c22,c23,c24
acacia,leaf,38056.0,430.05465610282187,7996.420620092605,NaN,7391.810197779702,183.93405806404496,384.24619965449097,NaN,NaN,NaN,NaN,NaN,0.0,0.0,-6.060556080360738E-4,NaN,0.0,0.0,-0.0012128462683547697,NaN,NaN,NaN,NaN,NaN
acacia,manuscript,38056.0,430.05465610282187,7996.420620092605,NaN,7391.810197779702,183.93405806404496,384.24619965449097,NaN,NaN,NaN,NaN,NaN,0.0,0.0,-6.060556080360738E-4,NaN,0.0,0.0,-0.0012128462683547697,NaN,NaN,NaN,NaN,NaN
acacia,root,38056.0,430.05465610282187,7996.420620092605,NaN,7391.810197779702,183.93405806404496,384.24619965449097,NaN,NaN,NaN,NaN,NaN,0.0,0.0,-6.060556080360738E-4,NaN,0.0,0.0,-0.0012128462683547697,NaN,NaN,NaN,NaN,NaN
acacia,treetop,38056.0,430.05465610282187,7996.420620092605,NaN,7391.810197779702,183.93405806404496,384.24619965449097,NaN,NaN,NaN,NaN,NaN,0.0,0.0,-6.060556080360738E-4,NaN,0.0,0.0,-0.0012128462683547697,NaN,NaN,NaN,NaN,NaN
allig,handgun,57906.0,1289.5972527835818,11733.547323521252,NaN,9023.844191917322,124.35764682300633,476.95225859449016,NaN,NaN,NaN,NaN,NaN,0.0,0.0,0.0,NaN,0.0,0.0,0.0,NaN,NaN,NaN,NaN,NaN
allig,methyl,57906.0,1289.5972527835818,11733.547323521252,NaN,9023.844191917322,124.35764682300633,476.95225859449016,NaN,NaN,NaN,NaN,NaN,0.0,0.0,0.0,NaN,0.0,0.0,0.0,NaN,NaN,NaN,NaN,NaN
allig,recombin,57906.0,1289.5972527835818,11733.547323521252,NaN,9023.844191917322,124.35764682300633,476.95225859449016,NaN,NaN,NaN,NaN,NaN,0.0,0.0,0.0,NaN,0.0,0.0,0.0,NaN,NaN,NaN,NaN,NaN
allig,rectifi,57906.0,1289.5972527835818,11733.547323521252,NaN,9023.844191917322,124.35764682300633,476.95225859449016,NaN,NaN,NaN,NaN,NaN,0.0,0.0,0.0,NaN,0.0,0.0,0.0,NaN,NaN,NaN,NaN,NaN
allig,vertebr,57906.0,1289.5972527835818,11733.547323521252,NaN,9023.844191917322,124.35764682300633,476.95225859449016,NaN,NaN,NaN,NaN,NaN,0.0,0.0,0.0,NaN,0.0,0.0,0.0,NaN,NaN,NaN,NaN,NaN
ambul,barg,211212.0,5615.35194197429,41775.49317876207,NaN,16377.915618295267,401.8356788377351,891.7611126028969,NaN,0.7835964371585955,0.8536379043490699,0.15963619875064627,NaN,0.34908146189476796,0.3619303755737137,0.10031639638501859,NaN,0.5175098342904919,0.5314961499720569,0.18234100066962228,NaN,NaN,NaN,NaN,NaN
ambul,bike,158120.0,2752.147465589041,20214.475053108927,NaN,23162.987458443265,369.8276255191457,597.6678681853931,NaN,NaN,NaN,NaN,NaN,0.0,0.0,-6.122749430895101E-4,NaN,0.0,0.0,-0.0012253001067321371,NaN,NaN,NaN,NaN,NaN
ambul,bomber,158120.0,2752.147465589041,20214.475053108927,NaN,23162.987458443265,369.8276255191457,597.6678681853931,NaN,NaN,NaN,NaN,NaN,0.0,0.0,-6.122749430895101E-4,NaN,0.0,0.0,-0.0012253001067321371,NaN,NaN,NaN,NaN,NaN
ambul,educ,158120.0,2752.147465589041,20214.475053108927,NaN,23162.987458443265,369.8276255191457,597.6678681853931,NaN,NaN,NaN,NaN,NaN,0.0,0.0,-6.122749430895101E-4,NaN,0.0,0.0,-0.0012253001067321371,NaN,NaN,NaN,NaN,NaN
ambul,hood,158120.0,2752.147465589041,20214.475053108927,NaN,23162.987458443265,369.8276255191457,597.6678681853931,NaN,NaN,NaN,NaN,NaN,0.0,0.0,-6.122749430895101E-4,NaN,0.0,0.0,-0.0012253001067321371,NaN,NaN,NaN,NaN,NaN
ambul,methodolog,158120.0,2752.147465589041,20214.475053108927,NaN,23162.987458443265,369.8276255191457,597.6678681853931,NaN,NaN,NaN,NaN,NaN,0.0,0.0,-6.122749430895101E-4,NaN,0.0,0.0,-0.0012253001067321371,NaN,NaN,NaN,NaN,NaN
ambul,motorbik,158120.0,2752.147465589041,20214.475053108927,NaN,23162.987458443265,369.8276255191457,597.6678681853931,NaN,NaN,NaN,NaN,NaN,0.0,0.0,-6.122749430895101E-4,NaN,0.0,0.0,-0.0012253001067321371,NaN,NaN,NaN,NaN,NaN
ambul,tank,158120.0,2752.147465589041,20214.475053108927,NaN,23162.987458443265,369.8276255191457,597.6678681853931,NaN,NaN,NaN,NaN,NaN,0.0,0.0,-6.122749430895101E-4,NaN,0.0,0.0,-0.0012253001067321371,NaN,NaN,NaN,NaN,NaN
ambul,web,158120.0,2752.147465589041,20214.475053108927,NaN,23162.987458443265,369.8276255191457,597.6678681853931,NaN,NaN,NaN,NaN,NaN,0.0,0.0,-6.122749430895101E-4,NaN,0.0,0.0,-0.0012253001067321371,NaN,NaN,NaN,NaN,NaN
ambul,websit,158120.0,2752.147465589041,20214.475053108927,NaN,23162.987458443265,369.8276255191457,597.6678681853931,NaN,NaN,NaN,NaN,NaN,0.0,0.0,-6.122749430895101E-4,NaN,0.0,0.0,-0.0012253001067321371,NaN,NaN,NaN,NaN,NaN
ant,combust,807771.0,36348.23133737031,84853.29583994669,NaN,107417.92901094304,6630.105497073167,1337.5488038039055,NaN,NaN,NaN,NaN,NaN,0.0,0.0,-6.530689100733029E-4,NaN,0.0,0.0,-0.0013069913755797311,NaN,NaN,NaN,NaN,NaN
ant,deadlin,807771.0,36348.23133737031,84853.29583994669,NaN,107417.92901094304,6630.105497073167,1337.5488038039055,NaN,NaN,NaN,NaN,NaN,0.0,0.0,-6.530689100733029E-4,NaN,0.0,0.0,-0.0013069913755797311,NaN,NaN,NaN,NaN,NaN
ant,invertebr,807771.0,36348.23133737031,84853.29583994669,NaN,107417.92901094304,6630.105497073167,1337.5488038039055,NaN,NaN,NaN,NaN,NaN,0.0,0.0,-6.530689100733029E-4,NaN,0.0,0.0,-0.0013069913755797311,NaN,NaN,NaN,NaN,NaN
ant,schema,807771.0,36348.23133737031,84853.29583994669,NaN,107417.92901094304,6630.105497073167,1337.5488038039055,NaN,NaN,NaN,NaN,NaN,0.0,0.0,-6.530689100733029E-4,NaN,0.0,0.0,-0.0013069913755797311,NaN,NaN,NaN,NaN,NaN
appl,banana,613179.0,27420.791455725685,94563.65103261525,NaN,42470.54954906988,3553.5028221882403,1409.090549118817,NaN,0.9209063511995146,0.923485108713992,0.24679586720172197,NaN,0.46328327481940335,0.47386710344758765,0.11441246927648457,NaN,0.6332106473048853,0.643025551407103,0.2053323566107712,NaN,NaN,NaN,NaN,NaN
appl,cherri,1675034.0,78371.50539214094,96599.08678565998,NaN,288744.9601638096,15413.461753545896,1422.513994832614,NaN,NaN,NaN,NaN,NaN,0.0,0.0,-5.348589046839848E-4,NaN,0.0,0.0,-0.0010702902636460774,NaN,NaN,NaN,NaN,NaN
appl,juic,1675034.0,78371.50539214094,96599.08678565998,NaN,288744.9601638096,15413.461753545896,1422.513994832614,NaN,NaN,NaN,NaN,NaN,0.0,0.0,-5.348589046839848E-4,NaN,0.0,0.0,-0.0010702902636460774,NaN,NaN,NaN,NaN,NaN
apricot,peach,83982.0,3018.8796705079694,8332.379762939023,NaN,24488.657701066426,1001.0157512856856,407.73961777705824,NaN,NaN,NaN,NaN,NaN,0.0,0.0,-2.4644373587945204E-4,NaN,0.0,0.0,-4.930089707314731E-4,NaN,NaN,NaN,NaN,NaN
apricot,self-harm,83982.0,3018.8796705079694,8332.379762939023,NaN,24488.657701066426,1001.0157512856856,407.73961777705824,NaN,NaN,NaN,NaN,NaN,0.0,0.0,-2.4644373587945204E-4,NaN,0.0,0.0,-4.930089707314731E-4,NaN,NaN,NaN,NaN,NaN
apricot,skin,83982.0,3018.8796705079694,8332.379762939023,NaN,24488.657701066426,1001.0157512856856,407.73961777705824,NaN,NaN,NaN,NaN,NaN,0.0,0.0,-2.4644373587945204E-4,NaN,0.0,0.0,-4.930089707314731E-4,NaN,NaN,NaN,NaN,NaN
ax,blade,1699754.0,76251.26767961153,105904.35277643049,NaN,241783.53260716496,8951.659122299923,1499.0756341758972,NaN,NaN,NaN,NaN,NaN,0.0,0.0,-0.0012671000978611376,NaN,0.0,0.0,-0.002537415354966867,NaN,NaN,NaN,NaN,NaN
ax,hairbrush,1699754.0,76251.26767961153,105904.35277643049,NaN,241783.53260716496,8951.659122299923,1499.0756341758972,NaN,NaN,NaN,NaN,NaN,0.0,0.0,-0.0012671000978611376,NaN,0.0,0.0,-0.002537415354966867,NaN,NaN,NaN,NaN,NaN
ax,launcher,1699754.0,76251.26767961153,105904.35277643049,NaN,241783.53260716496,8951.659122299923,1499.0756341758972,NaN,NaN,NaN,NaN,NaN,0.0,0.0,-0.0012671000978611376,NaN,0.0,0.0,-0.002537415354966867,NaN,NaN,NaN,NaN,NaN
ax,screwdriv,1699754.0,76251.26767961153,105904.35277643049,NaN,241783.53260716496,8951.659122299923,1499.0756341758972,NaN,NaN,NaN,NaN,NaN,0.0,0.0,-0.0012671000978611376,NaN,0.0,0.0,-0.002537415354966867,NaN,NaN,NaN,NaN,NaN
ax,spear,1699754.0,76251.26767961153,105904.35277643049,NaN,241783.53260716496,8951.659122299923,1499.0756341758972,NaN,NaN,NaN,NaN,NaN,0.0,0.0,-0.0012671000978611376,NaN,0.0,0.0,-0.002537415354966867,NaN,NaN,NaN,NaN,NaN
bag,backpack,2060290.0,72999.25302135972,142292.14704808826,NaN,199984.4462402014,14160.725022002442,1712.8058836435637,NaN,0.6763430900006364,0.5142281122734297,0.1078523448297364,NaN,0.27061738150262826,0.21703390937870487,0.01925807987833898,NaN,0.4259620330120102,0.35666041464613024,0.03778842720704782,NaN,NaN,NaN,NaN,NaN
bag,metadata,3763038.0,119962.29578448276,144185.12373365724,NaN,430634.599408826,20217.303092692484,1723.6013221005508,NaN,NaN,NaN,NaN,NaN,0.0,0.0,-0.0012722787060153536,NaN,0.0,0.0,-0.002547798922346817,NaN,NaN,NaN,NaN,NaN
bag,object,3763038.0,119962.29578448276,144185.12373365724,NaN,430634.599408826,20217.303092692484,1723.6013221005508,NaN,NaN,NaN,NaN,NaN,0.0,0.0,-0.0012722787060153536,NaN,0.0,0.0,-0.002547798922346817,NaN,NaN,NaN,NaN,NaN
bag,part,3763038.0,119962.29578448276,144185.12373365724,NaN,430634.599408826,20217.303092692484,1723.6013221005508,NaN,NaN,NaN,NaN,NaN,0.0,0.0,-0.0012722787060153536,NaN,0.0,0.0,-0.002547798922346817,NaN,NaN,NaN,NaN,NaN
bag,suitcas,3763038.0,119962.29578448276,144185.12373365724,NaN,430634.599408826,20217.303092692484,1723.6013221005508,NaN,NaN,NaN,NaN,NaN,0.0,0.0,-0.0012722787060153536,NaN,0.0,0.0,-0.002547798922346817,NaN,NaN,NaN,NaN,NaN
bag,taxi,3763038.0,119962.29578448276,144185.12373365724,NaN,430634.599408826,20217.303092692484,1723.6013221005508,NaN,NaN,NaN,NaN,NaN,0.0,0.0,-0.0012722787060153536,NaN,0.0,0.0,-0.002547798922346817,NaN,NaN,NaN,NaN,NaN
bag,theater,3763038.0,119962.29578448276,144185.12373365724,NaN,430634.599408826,20217.303092692484,1723.6013221005508,NaN,NaN,NaN,NaN,NaN,0.0,0.0,-0.0012722787060153536,NaN,0.0,0.0,-0.002547798922346817,NaN,NaN,NaN,NaN,NaN
bag,wallet,3763038.0,119962.29578448276,144185.12373365724,NaN,430634.599408826,20217.303092692484,1723.6013221005508,NaN,NaN,NaN,NaN,NaN,0.0,0.0,-0.0012722787060153536,NaN,0.0,0.0,-0.002547798922346817,NaN,NaN,NaN,NaN,NaN
banana,cranberri,274739.0,12726.60745852105,22639.04061653705,NaN,76603.43217506641,7380.120952640315,669.8223043258985,NaN,NaN,NaN,NaN,NaN,0.0,0.0,-3.7238755606367277E-4,NaN,0.0,0.0,-7.45052560429463E-4,NaN,NaN,NaN,NaN,NaN
banana,grapefruit,274739.0,12726.60745852105,22639.04061653705,NaN,76603.43217506641,7380.120952640315,669.8223043258985,NaN,NaN,NaN,NaN,NaN,0.0,0.0,-3.7238755606367277E-4,NaN,0.0,0.0,-7.45052560429463E-4,NaN,NaN,NaN,NaN,NaN
banana,lemon,274739.0,12726.60745852105,22639.04061653705,NaN,76603.43217506641,7380.120952640315,669.8223043258985,NaN,NaN,NaN,NaN,NaN,0.0,0.0,-3.7238755606367277E-4,NaN,0.0,0.0,-7.45052560429463E-4,NaN,NaN,NaN,NaN,NaN
banana,strategi,274739.0,12726.60745852105,22639.04061653705,NaN,76603.43217506641,7380.120952640315,669.8223043258985,NaN,NaN,NaN,NaN,NaN,0.0,0.0,-3.7238755606367277E-4,NaN,0.0,0.0,-7.45052560429463E-4,NaN,NaN,NaN,NaN,NaN
battleship,bomber,479050.0,19255.884324202492,17664.133556104374,NaN,152927.90816590673,11664.567177586938,571.1354861124455,NaN,NaN,NaN,NaN,NaN,0.0,0.0,-0.001008100614834332,NaN,0.0,0.0,-0.0020182358144340755,NaN,NaN,NaN,NaN,NaN
battleship,bu,479050.0,19255.884324202492,17664.133556104374,NaN,152927.90816590673,11664.567177586938,571.1354861124455,NaN,NaN,NaN,NaN,NaN,0.0,0.0,-0.001008100614834332,NaN,0.0,0.0,-0.0020182358144340755,NaN,NaN,NaN,NaN,NaN
battleship,caravel,479050.0,19255.884324202492,17664.133556104374,NaN,152927.90816590673,11664.567177586938,571.1354861124455,NaN,NaN,NaN,NaN,NaN,0.0,0.0,-0.001008100614834332,NaN,0.0,0.0,-0.0020182358144340755,NaN,NaN,NaN,NaN,NaN
battleship,compressor,479050.0,19255.884324202492,17664.133556104374,NaN,152927.90816590673,11664.567177586938,571.1354861124455,NaN,NaN,NaN,NaN,NaN,0.0,0.0,-0.001008100614834332,NaN,0.0,0.0,-0.0020182358144340755,NaN,NaN,NaN,NaN,NaN
battleship,deck,479050.0,19255.884324202492,17664.133556104374,NaN,152927.90816590673,11664.567177586938,571.1354861124455,NaN,NaN,NaN,NaN,NaN,0.0,0.0,-0.001008100614834332,NaN,0.0,0.0,-0.0020182358144340755,NaN,NaN,NaN,NaN,NaN
battleship,ferri,479050.0,19255.884324202492,17664.133556104374,NaN,152927.90816590673,11664.567177586938,571.1354861124455,NaN,NaN,NaN,NaN,NaN,0.0,0.0,-0.001008100614834332,NaN,0.0,0.0,-0.0020182358144340755,NaN,NaN,NaN,NaN,NaN
battleship,kayak,479050.0,19255.884324202492,17664.133556104374,NaN,152927.90816590673,11664.567177586938,571.1354861124455,NaN,NaN,NaN,NaN,NaN,0.0,0.0,-0.001008100614834332,NaN,0.0,0.0,-0.0020182358144340755,NaN,NaN,NaN,NaN,NaN
battleship,make,479050.0,19255.884324202492,17664.133556104374,NaN,152927.90816590673,11664.567177586938,571.1354861124455,NaN,NaN,NaN,NaN,NaN,0.0,0.0,-0.001008100614834332,NaN,0.0,0.0,-0.0020182358144340755,NaN,NaN,NaN,NaN,NaN
battleship,quot,479050.0,19255.884324202492,17664.133556104374,NaN,152927.90816590673,11664.567177586938,571.1354861124455,NaN,NaN,NaN,NaN,NaN,0.0,0.0,-0.001008100614834332,NaN,0.0,0.0,-0.0020182358144340755,NaN,NaN,NaN,NaN,NaN
battleship,refund,479050.0,19255.884324202492,17664.133556104374,NaN,152927.90816590673,11664.567177586938,571.1354861124455,NaN,NaN,NaN,NaN,NaN,0.0,0.0,-0.001008100614834332,NaN,0.0,0.0,-0.0020182358144340755,NaN,NaN,NaN,NaN,NaN
bear,associ,1.05708928E8,6833432.384384752,1206452.6274472647,NaN,2.2266511316027034E7,1826376.0734432281,5431.141376018177,NaN,NaN,NaN,NaN,NaN,0.0,0.0,-0.002702478037104646,NaN,0.0,0.0,-0.005419602430748227,NaN,NaN,NaN,NaN,NaN
beet,aswel,5711.0,192.73178864903585,910.2847740763291,NaN,1559.8099243177035,54.451116174240695,127.23004273157555,NaN,NaN,NaN,NaN,NaN,0.0,0.0,0.0,NaN,0.0,0.0,0.0,NaN,NaN,NaN,NaN,NaN
blous,advantag,1.4852682E7,180144.52543931679,171489.0278649822,NaN,3500508.1941660987,36364.79596075778,1751.1315761142087,NaN,NaN,NaN,NaN,NaN,0.0,0.0,-0.01071148832883873,NaN,0.0,0.0,-0.021654933222148263,NaN,NaN,NaN,NaN,NaN
bomb,bazooka,4297.0,107.4413671913956,712.7708646579578,NaN,1481.0526661803758,32.974239974130676,110.1478146887094,NaN,NaN,NaN,NaN,NaN,0.0,0.0,0.0,NaN,0.0,0.0,0.0,NaN,NaN,NaN,NaN,NaN
bomber,ambul,158120.0,2752.147465589041,20214.475053108927,NaN,23162.987458443265,369.8276255191457,597.6678681853931,NaN,NaN,NaN,NaN,NaN,0.0,0.0,-6.122749430895101E-4,NaN,0.0,0.0,-0.0012253001067321371,NaN,NaN,NaN,NaN,NaN
bomber,battleship,479050.0,19255.884324202492,17664.133556104374,NaN,152927.90816590673,11664.567177586938,571.1354861124455,NaN,NaN,NaN,NaN,NaN,0.0,0.0,-0.001008100614834332,NaN,0.0,0.0,-0.0020182358144340755,NaN,NaN,NaN,NaN,NaN
bookcas,artefact,62270.0,1717.5920489661219,10455.2216347531,NaN,7943.773158896218,375.6447778477948,419.0889215543892,NaN,NaN,NaN,NaN,NaN,0.0,0.0,-3.087780380281144E-4,NaN,0.0,0.0,-6.177468227081428E-4,NaN,NaN,NaN,NaN,NaN
box,artefact,62270.0,1717.5920489661219,10455.2216347531,NaN,7943.773158896218,375.6447778477948,419.0889215543892,NaN,NaN,NaN,NaN,NaN,0.0,0.0,-3.087780380281144E-4,NaN,0.0,0.0,-6.177468227081428E-4,NaN,NaN,NaN,NaN,NaN
bu,acquisit,2901323.0,68979.30766769941,100642.97755159407,NaN,996541.640123984,31009.182147781186,1388.2668287679521,NaN,NaN,NaN,NaN,NaN,0.0,0.0,-0.0011338808398100961,NaN,0.0,0.0,-0.0022703359700765933,NaN,NaN,NaN,NaN,NaN
butterfli,arthropod,50817.0,1726.8887375010208,7608.584444555959,NaN,7489.95333763836,250.5655245840993,378.5019209186961,NaN,NaN,NaN,NaN,NaN,0.0,0.0,-0.0013060761247334009,NaN,0.0,0.0,-0.002615568380881679,NaN,NaN,NaN,NaN,NaN
cannon,achiev,4.5749882E7,1320436.9978623732,441658.67465715914,NaN,4839701.83361558,180571.46614005932,3040.9995175630943,NaN,NaN,NaN,NaN,NaN,0.0,0.0,-0.0036674356886831115,NaN,0.0,0.0,-0.00736187056420887,NaN,NaN,NaN,NaN,NaN
cat,anim,1.3663915E7,274767.61811788974,432402.6434567383,NaN,1438250.8087148778,26805.375333207467,3003.790994602017,NaN,NaN,NaN,NaN,NaN,0.0,0.0,-0.001618507373432473,NaN,0.0,0.0,-0.0032422623724213157,NaN,NaN,NaN,NaN,NaN
cauliflow,accumul,7946508.0,346181.1023470064,209156.08650949673,NaN,1254368.6962787297,61049.85691358302,2012.837436429487,NaN,NaN,NaN,NaN,NaN,0.0,0.0,-0.002563271969567839,NaN,0.0,0.0,-0.005139718435332439,NaN,NaN,NaN,NaN,NaN
chisel,artifact,408087.0,11153.139565921349,37069.869609931586,NaN,49213.1286650219,1302.3646220383328,814.7249309246342,NaN,NaN,NaN,NaN,NaN,0.0,0.0,-7.57122270553218E-4,NaN,0.0,0.0,-0.00151539187804592,NaN,NaN,NaN,NaN,NaN
coat,apparel,244580.0,10726.40775902397,29403.20219965341,NaN,42525.00772486702,3745.3069243252216,738.2167775816773,NaN,NaN,NaN,NaN,NaN,0.0,0.0,-1.844875824648446E-4,NaN,0.0,0.0,-3.6904324882649017E-4,NaN,NaN,NaN,NaN,NaN
coat,artifact,408087.0,11153.139565921349,37069.869609931586,NaN,49213.1286650219,1302.3646220383328,814.7249309246342,NaN,NaN,NaN,NaN,NaN,0.0,0.0,-7.57122270553218E-4,NaN,0.0,0.0,-0.00151539187804592,NaN,NaN,NaN,NaN,NaN
coat,assumpt,1.0157332E7,132278.3666075263,159224.68002036246,NaN,1775620.3067440966,20367.129970716218,1727.6889285892273,NaN,NaN,NaN,NaN,NaN,0.0,0.0,-0.002236049549120304,NaN,0.0,0.0,-0.004482121343650178,NaN,NaN,NaN,NaN,NaN
cockroach,announc,2.4726944E7,1019378.8137844006,467166.73927432596,NaN,2567190.4218756347,135276.33931492642,3186.6709025561577,NaN,NaN,NaN,NaN,NaN,0.0,0.0,-0.0022889840336493407,NaN,0.0,0.0,-0.0045884710041660835,NaN,NaN,NaN,NaN,NaN
coconut,anticip,8804053.0,254916.7049296083,225195.1328697388,NaN,972545.1578003975,44104.47233516332,2061.495053474682,NaN,NaN,NaN,NaN,NaN,0.0,0.0,-0.0020437366394644076,NaN,0.0,0.0,-0.0040958441055969595,NaN,NaN,NaN,NaN,NaN
couch,back,2.6779916E7,576215.5151097359,347410.0459626675,NaN,9321403.379679156,217056.83877857192,2625.529170935724,NaN,NaN,NaN,NaN,NaN,0.0,0.0,-0.004231638534013985,NaN,0.0,0.0,-0.00849924279133372,NaN,NaN,NaN,NaN,NaN
crow,antibiot,721850.0,24646.569284159308,40401.936075500365,NaN,109125.2452093465,4371.788736626643,913.9196187656977,NaN,NaN,NaN,NaN,NaN,0.0,0.0,-7.159600675361585E-4,NaN,0.0,0.0,-0.0014329460672353905,NaN,NaN,NaN,NaN,NaN
dagger,arm,1.4781175E7,228276.28429587715,456204.5468751137,NaN,2318727.9207433974,45729.52810994499,3057.108588122871,NaN,NaN,NaN,NaN,NaN,0.0,0.0,-0.0014779400963453862,NaN,0.0,0.0,-0.0029602552726536464,NaN,NaN,NaN,NaN,NaN
deer,antler,48463.0,1184.273889956947,8242.26013070687,NaN,8959.914675933025,218.542529742689,386.02653585747794,NaN,NaN,NaN,NaN,NaN,0.0,0.0,-2.0402494428022202E-4,NaN,0.0,0.0,-4.081331579052446E-4,NaN,NaN,NaN,NaN,NaN
dress,amplifi,2031466.0,64553.78895213863,79453.51035436841,NaN,200171.1261446066,15578.079377659606,1204.2534473493865,NaN,NaN,NaN,NaN,NaN,0.0,0.0,-0.002336340193829667,NaN,0.0,0.0,-0.004683622924149768,NaN,NaN,NaN,NaN,NaN
dress,apparel,244580.0,10726.40775902397,29403.20219965341,NaN,42525.00772486702,3745.3069243252216,738.2167775816773,NaN,NaN,NaN,NaN,NaN,0.0,0.0,-1.844875824648446E-4,NaN,0.0,0.0,-3.6904324882649017E-4,NaN,NaN,NaN,NaN,NaN
dress,apron,254806.0,5675.106775344194,23583.584984220714,NaN,43097.48795463605,1242.7693590611689,672.1655813276583,NaN,NaN,NaN,NaN,NaN,0.0,0.0,-7.663936404497844E-4,NaN,0.0,0.0,-0.0015339629003110527,NaN,NaN,NaN,NaN,NaN
dress,baker,2459095.0,69965.76057053554,140306.76810659777,NaN,303983.813981929,6954.103219070867,1690.2068541171031,NaN,NaN,NaN,NaN,NaN,0.0,0.0,-5.156898696960324E-4,NaN,0.0,0.0,-0.0010319118858980415,NaN,NaN,NaN,NaN,NaN
dresser,accord,5.5818885E7,294524.92853488866,282847.59930921317,NaN,4.401416319899179E7,131620.154294908,2252.7159008829226,NaN,NaN,NaN,NaN,NaN,0.0,0.0,-0.010894811777464573,NaN,0.0,0.0,-0.022029632251839786,NaN,NaN,NaN,NaN,NaN
ferri,amino,174690.0,8514.016393128528,16912.333139724997,NaN,27315.050320290462,2306.3726551576924,564.1788005873648,NaN,NaN,NaN,NaN,NaN,0.0,0.0,-9.227686889695354E-4,NaN,0.0,0.0,-0.0018472419549760745,NaN,NaN,NaN,NaN,NaN
fighter,ambul,158120.0,2752.147465589041,20214.475053108927,NaN,23162.987458443265,369.8276255191457,597.6678681853931,NaN,NaN,NaN,NaN,NaN,0.0,0.0,-6.122749430895101E-4,NaN,0.0,0.0,-0.0012253001067321371,NaN,NaN,NaN,NaN,NaN
fighter,approach,6.0669484E7,545551.3124197447,809429.0420538583,NaN,7511623.355272414,85040.2465802119,3962.9323508955445,NaN,NaN,NaN,NaN,NaN,0.0,0.0,-0.002350912855002626,NaN,0.0,0.0,-0.004712905339752891,NaN,NaN,NaN,NaN,NaN
flute,bagpip,12487.0,227.48311214183784,2990.734100439302,NaN,1957.7893145075648,77.96557095508282,230.34554248749896,NaN,NaN,NaN,NaN,NaN,0.0,0.0,-9.542062402255776E-4,NaN,0.0,0.0,-0.0019102352388363514,NaN,NaN,NaN,NaN,NaN
fridg,adventur,2880255.0,59175.9438186734,155288.14132711384,NaN,557148.5336416134,22192.97209240825,1682.2142551259262,NaN,NaN,NaN,NaN,NaN,0.0,0.0,-0.0010163310521135345,NaN,0.0,0.0,-0.0020347300635733495,NaN,NaN,NaN,NaN,NaN
frigat,barrack,363753.0,7415.679516566432,37811.88570938784,NaN,38622.21732371149,1346.8200592018836,831.1351247657135,NaN,NaN,NaN,NaN,NaN,0.0,0.0,-2.9821875342395056E-4,NaN,0.0,0.0,-5.966154287573385E-4,NaN,NaN,NaN,NaN,NaN
frigat,batteri,2129686.0,52029.81692021378,99603.61896655864,NaN,317079.70063692186,8664.19400107872,1373.8204924603167,NaN,NaN,NaN,NaN,NaN,0.0,0.0,-0.001172663989402446,NaN,0.0,0.0,-0.002348081489411707,NaN,NaN,NaN,NaN,NaN
frog,bandanna,12868.0,639.8485188735168,1753.3427749371942,NaN,4146.848200742342,226.09395754107263,182.90168311830848,NaN,NaN,NaN,NaN,NaN,0.0,0.0,0.0,NaN,0.0,0.0,0.0,NaN,NaN,NaN,NaN,NaN
glider,agent,1.2741748E7,397788.1776849383,360312.2001949727,NaN,1163157.7542027566,59659.65635452805,2788.1659510987906,NaN,NaN,NaN,NaN,NaN,0.0,0.0,-0.001118086904445263,NaN,0.0,0.0,-0.002238676844153259,NaN,NaN,NaN,NaN,NaN
grapefruit,appl,1675034.0,78371.50539214094,96599.08678565998,NaN,288744.9601638096,15413.461753545896,1422.513994832614,NaN,NaN,NaN,NaN,NaN,0.0,0.0,-5.348589046839848E-4,NaN,0.0,0.0,-0.0010702902636460774,NaN,NaN,NaN,NaN,NaN
grapefruit,assess,1.7077395E7,547591.498118006,335845.393124168,NaN,2602027.743205095,208306.1816387974,2603.61411514209,NaN,NaN,NaN,NaN,NaN,0.0,0.0,-0.0025049999846439327,NaN,0.0,0.0,-0.005022581535958318,NaN,NaN,NaN,NaN,NaN
grenad,artefact,62270.0,1717.5920489661219,10455.2216347531,NaN,7943.773158896218,375.6447778477948,419.0889215543892,NaN,NaN,NaN,NaN,NaN,0.0,0.0,-3.087780380281144E-4,NaN,0.0,0.0,-6.177468227081428E-4,NaN,NaN,NaN,NaN,NaN
grenad,bazooka,4297.0,107.4413671913956,712.7708646579578,NaN,1481.0526661803758,32.974239974130676,110.1478146887094,NaN,NaN,NaN,NaN,NaN,0.0,0.0,0.0,NaN,0.0,0.0,0.0,NaN,NaN,NaN,NaN,NaN
gun,ammunit,261099.0,13969.3017528789,26083.13385893695,NaN,49292.64146908745,1891.4481212399633,718.5271554819606,NaN,NaN,NaN,NaN,NaN,0.0,0.0,-9.596870730667617E-4,NaN,0.0,0.0,-0.0019212179141302585,NaN,NaN,NaN,NaN,NaN
hornet,arthropod,50817.0,1726.8887375010208,7608.584444555959,NaN,7489.95333763836,250.5655245840993,378.5019209186961,NaN,NaN,NaN,NaN,NaN,0.0,0.0,-0.0013060761247334009,NaN,0.0,0.0,-0.002615568380881679,NaN,NaN,NaN,NaN,NaN
hotel,bar,7174684.0,171554.1995335028,330451.76352849865,NaN,693898.353964037,15457.171472890714,2573.8634805997067,NaN,NaN,NaN,NaN,NaN,0.0,0.0,-0.0013827143370269052,NaN,0.0,0.0,-0.00276925776647043,NaN,NaN,NaN,NaN,NaN
jacket,apron,254806.0,5675.106775344194,23583.584984220714,NaN,43097.48795463605,1242.7693590611689,672.1655813276583,NaN,NaN,NaN,NaN,NaN,0.0,0.0,-7.663936404497844E-4,NaN,0.0,0.0,-0.0015339629003110527,NaN,NaN,NaN,NaN,NaN
knife,artform,158.0,5.59119150665732,135.6322759010874,NaN,55.00909015790027,2.9071097177726135,48.00179579051767,NaN,NaN,NaN,NaN,NaN,0.0,0.0,0.0,NaN,0.0,0.0,0.0,NaN,NaN,NaN,NaN,NaN
mackerel,air,1.4575726E7,571764.9757293382,507147.09733820014,NaN,1909549.3164833423,117134.89824438289,3351.2487802683154,NaN,NaN,NaN,NaN,NaN,0.0,0.0,-0.0011393633712268886,NaN,0.0,0.0,-0.0022813260017379867,NaN,NaN,NaN,NaN,NaN
mackerel,anim,1.3663915E7,274767.61811788974,432402.6434567383,NaN,1438250.8087148778,26805.375333207467,3003.790994602017,NaN,NaN,NaN,NaN,NaN,0.0,0.0,-0.001618507373432473,NaN,0.0,0.0,-0.0032422623724213157,NaN,NaN,NaN,NaN,NaN
missil,artifact,408087.0,11153.139565921349,37069.869609931586,NaN,49213.1286650219,1302.3646220383328,814.7249309246342,NaN,NaN,NaN,NaN,NaN,0.0,0.0,-7.57122270553218E-4,NaN,0.0,0.0,-0.00151539187804592,NaN,NaN,NaN,NaN,NaN
moth,approx,59541.0,2731.2357059910796,13138.948442623077,NaN,5774.734193017026,462.4226017706244,498.150929550947,NaN,NaN,NaN,NaN,NaN,0.0,0.0,-0.0010247174951772645,NaN,0.0,0.0,-0.0020515372364527298,NaN,NaN,NaN,NaN,NaN
motorcycl,artefact,62270.0,1717.5920489661219,10455.2216347531,NaN,7943.773158896218,375.6447778477948,419.0889215543892,NaN,NaN,NaN,NaN,NaN,0.0,0.0,-3.087780380281144E-4,NaN,0.0,0.0,-6.177468227081428E-4,NaN,NaN,NaN,NaN,NaN
musket,artifact,408087.0,11153.139565921349,37069.869609931586,NaN,49213.1286650219,1302.3646220383328,814.7249309246342,NaN,NaN,NaN,NaN,NaN,0.0,0.0,-7.57122270553218E-4,NaN,0.0,0.0,-0.00151539187804592,NaN,NaN,NaN,NaN,NaN
musket,barrel,1707833.0,28243.76178964278,84902.38766897569,NaN,358555.07492852473,4740.435119995151,1286.033928446627,NaN,NaN,NaN,NaN,NaN,0.0,0.0,-0.0011019657052490513,NaN,0.0,0.0,-0.0022063627465781707,NaN,NaN,NaN,NaN,NaN
onion,acquaint,1.2398275E7,316472.1346382742,217477.04800616024,NaN,3616234.9277856657,50459.82494758209,2100.877764087798,NaN,NaN,NaN,NaN,NaN,0.0,0.0,-0.00191218229267385,NaN,0.0,0.0,-0.003831691477942813,NaN,NaN,NaN,NaN,NaN
owl,anim,1.3663915E7,274767.61811788974,432402.6434567383,NaN,1438250.8087148778,26805.375333207467,3003.790994602017,NaN,NaN,NaN,NaN,NaN,0.0,0.0,-0.001618507373432473,NaN,0.0,0.0,-0.0032422623724213157,NaN,NaN,NaN,NaN,NaN
parslei,astonish,5460371.0,120905.44433820226,162961.79397291387,NaN,671577.0069210231,21269.248830911834,1772.636553893585,NaN,NaN,NaN,NaN,NaN,0.0,0.0,-0.0015010581172189526,NaN,0.0,0.0,-0.00300662935984397,NaN,NaN,NaN,NaN,NaN
penguin,advers,286724.0,12605.108666366328,22387.25435018655,NaN,65696.85449091152,5675.525537296872,614.2125993887609,NaN,NaN,NaN,NaN,NaN,0.0,0.0,-0.0019594776089736955,NaN,0.0,0.0,-0.003926649399524048,NaN,NaN,NaN,NaN,NaN
penguin,aviat,334606.0,6367.285665889749,25543.652400813688,NaN,53508.8662185997,1379.377038192004,672.0550587229986,NaN,NaN,NaN,NaN,NaN,0.0,0.0,-3.631778066197189E-4,NaN,0.0,0.0,-7.266195053176259E-4,NaN,NaN,NaN,NaN,NaN
phone,artefact,62270.0,1717.5920489661219,10455.2216347531,NaN,7943.773158896218,375.6447778477948,419.0889215543892,NaN,NaN,NaN,NaN,NaN,0.0,0.0,-3.087780380281144E-4,NaN,0.0,0.0,-6.177468227081428E-4,NaN,NaN,NaN,NaN,NaN
pigeon,bail,347202.0,6192.194746491768,24434.72303149005,NaN,63996.85189132353,922.3458282995732,648.2596343500436,NaN,NaN,NaN,NaN,NaN,0.0,0.0,-0.0010201086919889208,NaN,0.0,0.0,-0.0020423007527273543,NaN,NaN,NaN,NaN,NaN
pineappl,banana,274739.0,12726.60745852105,22639.04061653705,NaN,76603.43217506641,7380.120952640315,669.8223043258985,NaN,NaN,NaN,NaN,NaN,0.0,0.0,-3.7238755606367277E-4,NaN,0.0,0.0,-7.45052560429463E-4,NaN,NaN,NaN,NaN,NaN
pistol,ammunit,261099.0,13969.3017528789,26083.13385893695,NaN,49292.64146908745,1891.4481212399633,718.5271554819606,NaN,NaN,NaN,NaN,NaN,0.0,0.0,-9.596870730667617E-4,NaN,0.0,0.0,-0.0019212179141302585,NaN,NaN,NaN,NaN,NaN
pistol,artefact,62270.0,1717.5920489661219,10455.2216347531,NaN,7943.773158896218,375.6447778477948,419.0889215543892,NaN,NaN,NaN,NaN,NaN,0.0,0.0,-3.087780380281144E-4,NaN,0.0,0.0,-6.177468227081428E-4,NaN,NaN,NaN,NaN,NaN
rifl,bazooka,4297.0,107.4413671913956,712.7708646579578,NaN,1481.0526661803758,32.974239974130676,110.1478146887094,NaN,NaN,NaN,NaN,NaN,0.0,0.0,0.0,NaN,0.0,0.0,0.0,NaN,NaN,NaN,NaN,NaN
robe,apron,254806.0,5675.106775344194,23583.584984220714,NaN,43097.48795463605,1242.7693590611689,672.1655813276583,NaN,NaN,NaN,NaN,NaN,0.0,0.0,-7.663936404497844E-4,NaN,0.0,0.0,-0.0015339629003110527,NaN,NaN,NaN,NaN,NaN
robe,arch,5226837.0,129200.4966716988,203708.23254199047,NaN,706403.606460924,17498.91284343092,2048.298262744354,NaN,NaN,NaN,NaN,NaN,0.0,0.0,-0.0013280483311630242,NaN,0.0,0.0,-0.0026596287778860328,NaN,NaN,NaN,NaN,NaN
saw,ax,1699754.0,76251.26767961153,105904.35277643049,NaN,241783.53260716496,8951.659122299923,1499.0756341758972,NaN,NaN,NaN,NaN,NaN,0.0,0.0,-0.0012671000978611376,NaN,0.0,0.0,-0.002537415354966867,NaN,NaN,NaN,NaN,NaN
saxophon,airport,1096304.0,33874.656396882405,60533.94306348103,NaN,168733.5231363347,3911.3969205070102,1126.3525949102466,NaN,NaN,NaN,NaN,NaN,0.0,0.0,-5.595117236363633E-4,NaN,0.0,0.0,-0.0011196499045206744,NaN,NaN,NaN,NaN,NaN
sheep,approxim,7048271.0,219410.1248708043,156448.06022577058,NaN,801525.6425935479,42563.835995976064,1695.2306724759644,NaN,NaN,NaN,NaN,NaN,0.0,0.0,-0.002544355003239506,NaN,0.0,0.0,-0.005101690518274166,NaN,NaN,NaN,NaN,NaN
snake,allig,57906.0,1289.5972527835818,11733.547323521252,NaN,9023.844191917322,124.35764682300633,476.95225859449016,NaN,NaN,NaN,NaN,NaN,0.0,0.0,0.0,NaN,0.0,0.0,0.0,NaN,NaN,NaN,NaN,NaN
snake,attest,1810547.0,47531.50229627622,89328.21385940944,NaN,298617.1789783702,6099.095252995487,1290.2165526803058,NaN,NaN,NaN,NaN,NaN,0.0,0.0,-0.0012635902279901656,NaN,0.0,0.0,-0.0025303778166625903,NaN,NaN,NaN,NaN,NaN
sofa,artifact,408087.0,11153.139565921349,37069.869609931586,NaN,49213.1286650219,1302.3646220383328,814.7249309246342,NaN,NaN,NaN,NaN,NaN,0.0,0.0,-7.57122270553218E-4,NaN,0.0,0.0,-0.00151539187804592,NaN,NaN,NaN,NaN,NaN
sofa,back,2.6779916E7,576215.5151097359,347410.0459626675,NaN,9321403.379679156,217056.83877857192,2625.529170935724,NaN,NaN,NaN,NaN,NaN,0.0,0.0,-0.004231638534013985,NaN,0.0,0.0,-0.00849924279133372,NaN,NaN,NaN,NaN,NaN
sparrow,anim,1.3663915E7,274767.61811788974,432402.6434567383,NaN,1438250.8087148778,26805.375333207467,3003.790994602017,NaN,NaN,NaN,NaN,NaN,0.0,0.0,-0.001618507373432473,NaN,0.0,0.0,-0.0032422623724213157,NaN,NaN,NaN,NaN,NaN
spear,artefact,62270.0,1717.5920489661219,10455.2216347531,NaN,7943.773158896218,375.6447778477948,419.0889215543892,NaN,NaN,NaN,NaN,NaN,0.0,0.0,-3.087780380281144E-4,NaN,0.0,0.0,-6.177468227081428E-4,NaN,NaN,NaN,NaN,NaN
stereo,achiev,4.5749882E7,1320436.9978623732,441658.67465715914,NaN,4839701.83361558,180571.46614005932,3040.9995175630943,NaN,NaN,NaN,NaN,NaN,0.0,0.0,-0.0036674356886831115,NaN,0.0,0.0,-0.00736187056420887,NaN,NaN,NaN,NaN,NaN
stove,applianc,635858.0,15317.980567244615,41496.506735799194,NaN,85750.92279386852,2255.895557223852,870.7506596682455,NaN,NaN,NaN,NaN,NaN,0.0,0.0,-0.01699444306598084,NaN,0.0,0.0,-0.03457649439741984,NaN,NaN,NaN,NaN,NaN
tanker,ambul,158120.0,2752.147465589041,20214.475053108927,NaN,23162.987458443265,369.8276255191457,597.6678681853931,NaN,NaN,NaN,NaN,NaN,0.0,0.0,-6.122749430895101E-4,NaN,0.0,0.0,-0.0012253001067321371,NaN,NaN,NaN,NaN,NaN
tanker,amnesia,161449.0,7180.224030742086,11629.413175897073,NaN,28265.92565262988,2215.4243146094072,461.9066030944613,NaN,NaN,NaN,NaN,NaN,0.0,0.0,-5.003678107258012E-4,NaN,0.0,0.0,-0.0010012366080211766,NaN,NaN,NaN,NaN,NaN
televis,arrear,114523.0,6727.467314024404,9524.820587039885,NaN,39566.957110700336,2876.8840410101675,413.6299640688831,NaN,NaN,NaN,NaN,NaN,0.0,0.0,-2.0890264485288768E-4,NaN,0.0,0.0,-4.178925885727926E-4,NaN,NaN,NaN,NaN,NaN
tiger,appear,3.06409149E8,6693111.854801736,1568356.8365907825,NaN,4.2566771011487156E7,2305871.867567447,5851.808272221699,NaN,NaN,NaN,NaN,NaN,0.0,0.0,-0.003399645068171023,NaN,0.0,0.0,-0.006822484160972557,NaN,NaN,NaN,NaN,NaN
toaster,applianc,635858.0,15317.980567244615,41496.506735799194,NaN,85750.92279386852,2255.895557223852,870.7506596682455,NaN,NaN,NaN,NaN,NaN,0.0,0.0,-0.01699444306598084,NaN,0.0,0.0,-0.03457649439741984,NaN,NaN,NaN,NaN,NaN
train,artifact,408087.0,11153.139565921349,37069.869609931586,NaN,49213.1286650219,1302.3646220383328,814.7249309246342,NaN,NaN,NaN,NaN,NaN,0.0,0.0,-7.57122270553218E-4,NaN,0.0,0.0,-0.00151539187804592,NaN,NaN,NaN,NaN,NaN
truck,aetiolog,66443.0,1287.9207268267373,5522.033644853023,NaN,33223.03747401793,726.3441421149723,309.71969017446895,NaN,NaN,NaN,NaN,NaN,0.0,0.0,-2.3936173961820303E-4,NaN,0.0,0.0,-4.7883809475576225E-4,NaN,NaN,NaN,NaN,NaN
truck,autism,417221.0,5960.01124131507,22323.56591574794,NaN,158859.01955822337,1380.9442851171978,694.2773334000466,NaN,NaN,NaN,NaN,NaN,0.0,0.0,-1.306639442755018E-4,NaN,0.0,0.0,-2.6136203914592235E-4,NaN,NaN,NaN,NaN,NaN
trumpet,advanc,3.3901402E7,877630.3011618849,602177.9521793807,NaN,4723439.713191437,130462.90769079409,3555.5159037120566,NaN,NaN,NaN,NaN,NaN,0.0,0.0,-0.0020797293571071444,NaN,0.0,0.0,-0.00416812729090534,NaN,NaN,NaN,NaN,NaN
trumpet,artifact,408087.0,11153.139565921349,37069.869609931586,NaN,49213.1286650219,1302.3646220383328,814.7249309246342,NaN,NaN,NaN,NaN,NaN,0.0,0.0,-7.57122270553218E-4,NaN,0.0,0.0,-0.00151539187804592,NaN,NaN,NaN,NaN,NaN
van,acceler,3985155.0,99871.32679392192,123314.52600138915,NaN,442827.14608185436,16404.44559338132,1474.9226203515623,NaN,NaN,NaN,NaN,NaN,0.0,0.0,-0.002305498280258807,NaN,0.0,0.0,-0.004621651770726977,NaN,NaN,NaN,NaN,NaN
villa,bathroom,216321.0,5687.811322293541,17440.741756866646,NaN,32974.5121722824,1394.8737709118175,546.4936928085449,NaN,NaN,NaN,NaN,NaN,0.0,0.0,-4.488105590972568E-4,NaN,0.0,0.0,-8.980241609202591E-4,NaN,NaN,NaN,NaN,NaN
wardrob,appreci,1.8473997E7,532648.2995887535,236316.5623528482,NaN,2116595.0531145534,65130.062462585905,2138.8958184672856,NaN,NaN,NaN,NaN,NaN,0.0,0.0,-0.0029220794259533904,NaN,0.0,0.0,-0.005861285995122755,NaN,NaN,NaN,NaN,NaN
washer,affluenc,89277.0,3285.544547177856,12951.230779869727,NaN,20566.41609517808,850.1052029202884,485.289307399612,NaN,NaN,NaN,NaN,NaN,0.0,0.0,-2.229277200906727E-4,NaN,0.0,0.0,-4.459548558806302E-4,NaN,NaN,NaN,NaN,NaN
washer,ammunit,261099.0,13969.3017528789,26083.13385893695,NaN,49292.64146908745,1891.4481212399633,718.5271554819606,NaN,NaN,NaN,NaN,NaN,0.0,0.0,-9.596870730667617E-4,NaN,0.0,0.0,-0.0019212179141302585,NaN,NaN,NaN,NaN,NaN
washer,artefact,62270.0,1717.5920489661219,10455.2216347531,NaN,7943.773158896218,375.6447778477948,419.0889215543892,NaN,NaN,NaN,NaN,NaN,0.0,0.0,-3.087780380281144E-4,NaN,0.0,0.0,-6.177468227081428E-4,NaN,NaN,NaN,NaN,NaN
washer,basket,1207436.0,25779.2126109471,69062.2433997081,NaN,191484.7231191042,3529.0589740676987,1147.8662881279793,NaN,NaN,NaN,NaN,NaN,0.0,0.0,-0.0013495372035800186,NaN,0.0,0.0,-0.002702721830821659,NaN,NaN,NaN,NaN,NaN
whale,ador,2905400.0,134247.38688466646,127544.72315438294,NaN,403421.1701733066,27680.85278411292,1602.1280302801765,NaN,NaN,NaN,NaN,NaN,0.0,0.0,-0.0010503466973554112,NaN,0.0,0.0,-0.002102902171061057,NaN,NaN,NaN,NaN,NaN
whale,avalanch,90316.0,1813.9952236025765,13662.116591663531,NaN,16473.699341677933,274.8532908347259,490.9340337833617,NaN,NaN,NaN,NaN,NaN,0.0,0.0,-7.095394447559104E-4,NaN,0.0,0.0,-0.001420086496896334,NaN,NaN,NaN,NaN,NaN
