w1,w2,c1,c2,c3,c4,c5,c6,c7,c8,c9,c10,c11,c12,c13,c14,c15,c16,c17,c18,c19,c20,c21,c22,c23,c24
acacia,cortex,38056.0,430.05465610282187,7996.420620092605,NaN,7391.810197779702,183.93405806404496,384.24619965449097,NaN,NaN,NaN,NaN,NaN,0.0,0.0,-6.060556080360738E-4,NaN,0.0,0.0,-0.0012128462683547697,NaN,NaN,NaN,NaN,NaN
acacia,limb,38056.0,430.05465610282187,7996.420620092605,NaN,7391.810197779702,183.93405806404496,384.24619965449097,NaN,NaN,NaN,NaN,NaN,0.0,0.0,-6.060556080360738E-4,NaN,0.0,0.0,-0.0012128462683547697,NaN,NaN,NaN,NaN,NaN
acacia,nappi,38056.0,430.05465610282187,7996.420620092605,NaN,7391.810197779702,183.93405806404496,384.24619965449097,NaN,NaN,NaN,NaN,NaN,0.0,0.0,-6.060556080360738E-4,NaN,0.0,0.0,-0.0012128462683547697,NaN,NaN,NaN,NaN,NaN
acacia,wood,38056.0,430.05465610282187,7996.420620092605,NaN,7391.810197779702,183.93405806404496,384.24619965449097,NaN,NaN,NaN,NaN,NaN,0.0,0.0,-6.060556080360738E-4,NaN,0.0,0.0,-0.0012128462683547697,NaN,NaN,NaN,NaN,NaN
allig,carnivor,57906.0,1289.5972527835818,11733.547323521252,NaN,9023.844191917322,124.35764682300633,476.95225859449016,NaN,NaN,NaN,NaN,NaN,0.0,0.0,0.0,NaN,0.0,0.0,0.0,NaN,NaN,NaN,NaN,NaN
allig,crocodil,57906.0,1289.5972527835818,11733.547323521252,NaN,9023.844191917322,124.35764682300633,476.95225859449016,NaN,NaN,NaN,NaN,NaN,0.0,0.0,0.0,NaN,0.0,0.0,0.0,NaN,NaN,NaN,NaN,NaN
allig,snake,57906.0,1289.5972527835818,11733.547323521252,NaN,9023.844191917322,124.35764682300633,476.95225859449016,NaN,NaN,NaN,NaN,NaN,0.0,0.0,0.0,NaN,0.0,0.0,0.0,NaN,NaN,NaN,NaN,NaN
allig,tail,57906.0,1289.5972527835818,11733.547323521252,NaN,9023.844191917322,124.35764682300633,476.95225859449016,NaN,NaN,NaN,NaN,NaN,0.0,0.0,0.0,NaN,0.0,0.0,0.0,NaN,NaN,NaN,NaN,NaN
ambul,car,158120.0,2752.147465589041,20214.475053108927,NaN,23162.987458443265,369.8276255191457,597.6678681853931,NaN,NaN,NaN,NaN,NaN,0.0,0.0,-6.122749430895101E-4,NaN,0.0,0.0,-0.0012253001067321371,NaN,NaN,NaN,NaN,NaN
ambul,constitu,158120.0,2752.147465589041,20214.475053108927,NaN,23162.987458443265,369.8276255191457,597.6678681853931,NaN,NaN,NaN,NaN,NaN,0.0,0.0,-6.122749430895101E-4,NaN,0.0,0.0,-0.0012253001067321371,NaN,NaN,NaN,NaN,NaN
ambul,crown,158120.0,2752.147465589041,20214.475053108927,NaN,23162.987458443265,369.8276255191457,597.6678681853931,NaN,NaN,NaN,NaN,NaN,0.0,0.0,-6.122749430895101E-4,NaN,0.0,0.0,-0.0012253001067321371,NaN,NaN,NaN,NaN,NaN
ambul,gear,158120.0,2752.147465589041,20214.475053108927,NaN,23162.987458443265,369.8276255191457,597.6678681853931,NaN,NaN,NaN,NaN,NaN,0.0,0.0,-6.122749430895101E-4,NaN,0.0,0.0,-0.0012253001067321371,NaN,NaN,NaN,NaN,NaN
ambul,jet,158120.0,2752.147465589041,20214.475053108927,NaN,23162.987458443265,369.8276255191457,597.6678681853931,NaN,NaN,NaN,NaN,NaN,0.0,0.0,-6.122749430895101E-4,NaN,0.0,0.0,-0.0012253001067321371,NaN,NaN,NaN,NaN,NaN
ambul,light,158120.0,2752.147465589041,20214.475053108927,NaN,23162.987458443265,369.8276255191457,597.6678681853931,NaN,NaN,NaN,NaN,NaN,0.0,0.0,-6.122749430895101E-4,NaN,0.0,0.0,-0.0012253001067321371,NaN,NaN,NaN,NaN,NaN
ambul,nomin,158120.0,2752.147465589041,20214.475053108927,NaN,23162.987458443265,369.8276255191457,597.6678681853931,NaN,NaN,NaN,NaN,NaN,0.0,0.0,-6.122749430895101E-4,NaN,0.0,0.0,-0.0012253001067321371,NaN,NaN,NaN,NaN,NaN
ambul,rear,158120.0,2752.147465589041,20214.475053108927,NaN,23162.987458443265,369.8276255191457,597.6678681853931,NaN,NaN,NaN,NaN,NaN,0.0,0.0,-6.122749430895101E-4,NaN,0.0,0.0,-0.0012253001067321371,NaN,NaN,NaN,NaN,NaN
ambul,roof,158120.0,2752.147465589041,20214.475053108927,NaN,23162.987458443265,369.8276255191457,597.6678681853931,NaN,NaN,NaN,NaN,NaN,0.0,0.0,-6.122749430895101E-4,NaN,0.0,0.0,-0.0012253001067321371,NaN,NaN,NaN,NaN,NaN
ant,butterfli,807771.0,36348.23133737031,84853.29583994669,NaN,107417.92901094304,6630.105497073167,1337.5488038039055,NaN,NaN,NaN,NaN,NaN,0.0,0.0,-6.530689100733029E-4,NaN,0.0,0.0,-0.0013069913755797311,NaN,NaN,NaN,NaN,NaN
ant,director,807771.0,36348.23133737031,84853.29583994669,NaN,107417.92901094304,6630.105497073167,1337.5488038039055,NaN,NaN,NaN,NaN,NaN,0.0,0.0,-6.530689100733029E-4,NaN,0.0,0.0,-0.0013069913755797311,NaN,NaN,NaN,NaN,NaN
ant,headlin,807771.0,36348.23133737031,84853.29583994669,NaN,107417.92901094304,6630.105497073167,1337.5488038039055,NaN,NaN,NaN,NaN,NaN,0.0,0.0,-6.530689100733029E-4,NaN,0.0,0.0,-0.0013069913755797311,NaN,NaN,NaN,NaN,NaN
ant,leg,807771.0,36348.23133737031,84853.29583994669,NaN,107417.92901094304,6630.105497073167,1337.5488038039055,NaN,NaN,NaN,NaN,NaN,0.0,0.0,-6.530689100733029E-4,NaN,0.0,0.0,-0.0013069913755797311,NaN,NaN,NaN,NaN,NaN
ant,locust,807771.0,36348.23133737031,84853.29583994669,NaN,107417.92901094304,6630.105497073167,1337.5488038039055,NaN,NaN,NaN,NaN,NaN,0.0,0.0,-6.530689100733029E-4,NaN,0.0,0.0,-0.0013069913755797311,NaN,NaN,NaN,NaN,NaN
ant,mosquito,807771.0,36348.23133737031,84853.29583994669,NaN,107417.92901094304,6630.105497073167,1337.5488038039055,NaN,NaN,NaN,NaN,NaN,0.0,0.0,-6.530689100733029E-4,NaN,0.0,0.0,-0.0013069913755797311,NaN,NaN,NaN,NaN,NaN
ant,novelist,807771.0,36348.23133737031,84853.29583994669,NaN,107417.92901094304,6630.105497073167,1337.5488038039055,NaN,NaN,NaN,NaN,NaN,0.0,0.0,-6.530689100733029E-4,NaN,0.0,0.0,-0.0013069913755797311,NaN,NaN,NaN,NaN,NaN
appl,acn,1287433.0,58356.71382794168,102080.47982435246,NaN,115147.50109750537,8540.661570405366,1464.9707245495445,NaN,0.3407023687824223,0.20748772369887317,0.04383641224839813,NaN,0.08581891100631901,0.06571603111059429,0.015318396477033008,NaN,0.15807223494898143,0.12332747034331663,0.03017456697364099,NaN,NaN,NaN,NaN,NaN
appl,dressag,1675034.0,78371.50539214094,96599.08678565998,NaN,288744.9601638096,15413.461753545896,1422.513994832614,NaN,NaN,NaN,NaN,NaN,0.0,0.0,-5.348589046839848E-4,NaN,0.0,0.0,-0.0010702902636460774,NaN,NaN,NaN,NaN,NaN
appl,wife,1675034.0,78371.50539214094,96599.08678565998,NaN,288744.9601638096,15413.461753545896,1422.513994832614,NaN,NaN,NaN,NaN,NaN,0.0,0.0,-5.348589046839848E-4,NaN,0.0,0.0,-0.0010702902636460774,NaN,NaN,NaN,NaN,NaN
apricot,food,83982.0,3018.8796705079694,8332.379762939023,NaN,24488.657701066426,1001.0157512856856,407.73961777705824,NaN,NaN,NaN,NaN,NaN,0.0,0.0,-2.4644373587945204E-4,NaN,0.0,0.0,-4.930089707314731E-4,NaN,NaN,NaN,NaN,NaN
apricot,grapefruit,83982.0,3018.8796705079694,8332.379762939023,NaN,24488.657701066426,1001.0157512856856,407.73961777705824,NaN,NaN,NaN,NaN,NaN,0.0,0.0,-2.4644373587945204E-4,NaN,0.0,0.0,-4.930089707314731E-4,NaN,NaN,NaN,NaN,NaN
apricot,lemon,83982.0,3018.8796705079694,8332.379762939023,NaN,24488.657701066426,1001.0157512856856,407.73961777705824,NaN,NaN,NaN,NaN,NaN,0.0,0.0,-2.4644373587945204E-4,NaN,0.0,0.0,-4.930089707314731E-4,NaN,NaN,NaN,NaN,NaN
apricot,produc,83982.0,3018.8796705079694,8332.379762939023,NaN,24488.657701066426,1001.0157512856856,407.73961777705824,NaN,NaN,NaN,NaN,NaN,0.0,0.0,-2.4644373587945204E-4,NaN,0.0,0.0,-4.930089707314731E-4,NaN,NaN,NaN,NaN,NaN
ax,adher,2897703.0,78789.88309898377,228875.03146930848,NaN,242884.61660838054,7317.044769885026,2118.768488447248,NaN,0.9956349628266731,0.995749917019196,0.11838153570049526,NaN,0.6446916544253788,0.6475384683332499,0.07201339883914977,NaN,0.783966590565112,0.786067798451274,0.13435167679271692,NaN,NaN,NaN,NaN,NaN
ax,artefact,1059996.0,52587.658951782636,105558.17931401977,NaN,102192.06425158463,5216.399415320368,1495.9487440171022,NaN,0.8936945869901392,0.773827975958256,0.13745035103573902,NaN,0.3000855087440119,0.213331670752644,0.04679378856345145,NaN,0.46163964866267737,0.3516460929768879,0.0894040241252636,NaN,NaN,NaN,NaN,NaN
ax,coast,1699754.0,76251.26767961153,105904.35277643049,NaN,241783.53260716496,8951.659122299923,1499.0756341758972,NaN,NaN,NaN,NaN,NaN,0.0,0.0,-0.0012671000978611376,NaN,0.0,0.0,-0.002537415354966867,NaN,NaN,NaN,NaN,NaN
ax,consult,1699754.0,76251.26767961153,105904.35277643049,NaN,241783.53260716496,8951.659122299923,1499.0756341758972,NaN,NaN,NaN,NaN,NaN,0.0,0.0,-0.0012671000978611376,NaN,0.0,0.0,-0.002537415354966867,NaN,NaN,NaN,NaN,NaN
ax,gain,1699754.0,76251.26767961153,105904.35277643049,NaN,241783.53260716496,8951.659122299923,1499.0756341758972,NaN,NaN,NaN,NaN,NaN,0.0,0.0,-0.0012671000978611376,NaN,0.0,0.0,-0.002537415354966867,NaN,NaN,NaN,NaN,NaN
ax,hammer,1699754.0,76251.26767961153,105904.35277643049,NaN,241783.53260716496,8951.659122299923,1499.0756341758972,NaN,NaN,NaN,NaN,NaN,0.0,0.0,-0.0012671000978611376,NaN,0.0,0.0,-0.002537415354966867,NaN,NaN,NaN,NaN,NaN
ax,mallet,1699754.0,76251.26767961153,105904.35277643049,NaN,241783.53260716496,8951.659122299923,1499.0756341758972,NaN,NaN,NaN,NaN,NaN,0.0,0.0,-0.0012671000978611376,NaN,0.0,0.0,-0.002537415354966867,NaN,NaN,NaN,NaN,NaN
ax,pincer,1699754.0,76251.26767961153,105904.35277643049,NaN,241783.53260716496,8951.659122299923,1499.0756341758972,NaN,NaN,NaN,NaN,NaN,0.0,0.0,-0.0012671000978611376,NaN,0.0,0.0,-0.002537415354966867,NaN,NaN,NaN,NaN,NaN
bag,admiss,2350423.0,71091.55240832116,187505.20649855465,NaN,189315.52850994552,14697.402186252242,1939.6010467349113,NaN,0.9415146392610666,0.6086455044318066,0.15246634189864874,NaN,0.46334605392881,0.3266468873957619,0.09512896302241956,NaN,0.633269284028631,0.4924398353460508,0.17373106955344375,NaN,NaN,NaN,NaN,NaN
bag,case,3763038.0,119962.29578448276,144185.12373365724,NaN,430634.599408826,20217.303092692484,1723.6013221005508,NaN,NaN,NaN,NaN,NaN,0.0,0.0,-0.0012722787060153536,NaN,0.0,0.0,-0.002547798922346817,NaN,NaN,NaN,NaN,NaN
bag,compon,3763038.0,119962.29578448276,144185.12373365724,NaN,430634.599408826,20217.303092692484,1723.6013221005508,NaN,NaN,NaN,NaN,NaN,0.0,0.0,-0.0012722787060153536,NaN,0.0,0.0,-0.002547798922346817,NaN,NaN,NaN,NaN,NaN
bag,exterior,3763038.0,119962.29578448276,144185.12373365724,NaN,430634.599408826,20217.303092692484,1723.6013221005508,NaN,NaN,NaN,NaN,NaN,0.0,0.0,-0.0012722787060153536,NaN,0.0,0.0,-0.002547798922346817,NaN,NaN,NaN,NaN,NaN
bag,ford,3763038.0,119962.29578448276,144185.12373365724,NaN,430634.599408826,20217.303092692484,1723.6013221005508,NaN,NaN,NaN,NaN,NaN,0.0,0.0,-0.0012722787060153536,NaN,0.0,0.0,-0.002547798922346817,NaN,NaN,NaN,NaN,NaN
bag,outsid,3763038.0,119962.29578448276,144185.12373365724,NaN,430634.599408826,20217.303092692484,1723.6013221005508,NaN,NaN,NaN,NaN,NaN,0.0,0.0,-0.0012722787060153536,NaN,0.0,0.0,-0.002547798922346817,NaN,NaN,NaN,NaN,NaN
bag,post,3763038.0,119962.29578448276,144185.12373365724,NaN,430634.599408826,20217.303092692484,1723.6013221005508,NaN,NaN,NaN,NaN,NaN,0.0,0.0,-0.0012722787060153536,NaN,0.0,0.0,-0.002547798922346817,NaN,NaN,NaN,NaN,NaN
banana,grape,274739.0,12726.60745852105,22639.04061653705,NaN,76603.43217506641,7380.120952640315,669.8223043258985,NaN,NaN,NaN,NaN,NaN,0.0,0.0,-3.7238755606367277E-4,NaN,0.0,0.0,-7.45052560429463E-4,NaN,NaN,NaN,NaN,NaN
banana,groom,274739.0,12726.60745852105,22639.04061653705,NaN,76603.43217506641,7380.120952640315,669.8223043258985,NaN,NaN,NaN,NaN,NaN,0.0,0.0,-3.7238755606367277E-4,NaN,0.0,0.0,-7.45052560429463E-4,NaN,NaN,NaN,NaN,NaN
banana,plum,274739.0,12726.60745852105,22639.04061653705,NaN,76603.43217506641,7380.120952640315,669.8223043258985,NaN,NaN,NaN,NaN,NaN,0.0,0.0,-3.7238755606367277E-4,NaN,0.0,0.0,-7.45052560429463E-4,NaN,NaN,NaN,NaN,NaN
banana,trivia,274739.0,12726.60745852105,22639.04061653705,NaN,76603.43217506641,7380.120952640315,669.8223043258985,NaN,NaN,NaN,NaN,NaN,0.0,0.0,-3.7238755606367277E-4,NaN,0.0,0.0,-7.45052560429463E-4,NaN,NaN,NaN,NaN,NaN
battleship,artifact,482592.0,12734.66790710128,48373.14381348345,NaN,89970.20016649958,3310.2101636763477,947.408954201037,NaN,0.81560070505258,0.9589432144740788,0.09813720746121488,NaN,0.3483866699252374,0.5258986325394008,0.06026490517165494,NaN,0.5167459419404584,0.6892969445345161,0.11367895867853559,NaN,NaN,NaN,NaN,NaN
battleship,bilg,479050.0,19255.884324202492,17664.133556104374,NaN,152927.90816590673,11664.567177586938,571.1354861124455,NaN,NaN,NaN,NaN,NaN,0.0,0.0,-0.001008100614834332,NaN,0.0,0.0,-0.0020182358144340755,NaN,NaN,NaN,NaN,NaN
battleship,birch,479050.0,19255.884324202492,17664.133556104374,NaN,152927.90816590673,11664.567177586938,571.1354861124455,NaN,NaN,NaN,NaN,NaN,0.0,0.0,-0.001008100614834332,NaN,0.0,0.0,-0.0020182358144340755,NaN,NaN,NaN,NaN,NaN
battleship,flood,479050.0,19255.884324202492,17664.133556104374,NaN,152927.90816590673,11664.567177586938,571.1354861124455,NaN,NaN,NaN,NaN,NaN,0.0,0.0,-0.001008100614834332,NaN,0.0,0.0,-0.0020182358144340755,NaN,NaN,NaN,NaN,NaN
battleship,fore,479050.0,19255.884324202492,17664.133556104374,NaN,152927.90816590673,11664.567177586938,571.1354861124455,NaN,NaN,NaN,NaN,NaN,0.0,0.0,-0.001008100614834332,NaN,0.0,0.0,-0.0020182358144340755,NaN,NaN,NaN,NaN,NaN
battleship,frame,479050.0,19255.884324202492,17664.133556104374,NaN,152927.90816590673,11664.567177586938,571.1354861124455,NaN,NaN,NaN,NaN,NaN,0.0,0.0,-0.001008100614834332,NaN,0.0,0.0,-0.0020182358144340755,NaN,NaN,NaN,NaN,NaN
battleship,peac,479050.0,19255.884324202492,17664.133556104374,NaN,152927.90816590673,11664.567177586938,571.1354861124455,NaN,NaN,NaN,NaN,NaN,0.0,0.0,-0.001008100614834332,NaN,0.0,0.0,-0.0020182358144340755,NaN,NaN,NaN,NaN,NaN
battleship,prow,479050.0,19255.884324202492,17664.133556104374,NaN,152927.90816590673,11664.567177586938,571.1354861124455,NaN,NaN,NaN,NaN,NaN,0.0,0.0,-0.001008100614834332,NaN,0.0,0.0,-0.0020182358144340755,NaN,NaN,NaN,NaN,NaN
battleship,sailor,479050.0,19255.884324202492,17664.133556104374,NaN,152927.90816590673,11664.567177586938,571.1354861124455,NaN,NaN,NaN,NaN,NaN,0.0,0.0,-0.001008100614834332,NaN,0.0,0.0,-0.0020182358144340755,NaN,NaN,NaN,NaN,NaN
battleship,steel,479050.0,19255.884324202492,17664.133556104374,NaN,152927.90816590673,11664.567177586938,571.1354861124455,NaN,NaN,NaN,NaN,NaN,0.0,0.0,-0.001008100614834332,NaN,0.0,0.0,-0.0020182358144340755,NaN,NaN,NaN,NaN,NaN
battleship,tank,479050.0,19255.884324202492,17664.133556104374,NaN,152927.90816590673,11664.567177586938,571.1354861124455,NaN,NaN,NaN,NaN,NaN,0.0,0.0,-0.001008100614834332,NaN,0.0,0.0,-0.0020182358144340755,NaN,NaN,NaN,NaN,NaN
battleship,truck,479050.0,19255.884324202492,17664.133556104374,NaN,152927.90816590673,11664.567177586938,571.1354861124455,NaN,NaN,NaN,NaN,NaN,0.0,0.0,-0.001008100614834332,NaN,0.0,0.0,-0.0020182358144340755,NaN,NaN,NaN,NaN,NaN
battleship,yacht,479050.0,19255.884324202492,17664.133556104374,NaN,152927.90816590673,11664.567177586938,571.1354861124455,NaN,NaN,NaN,NaN,NaN,0.0,0.0,-0.001008100614834332,NaN,0.0,0.0,-0.0020182358144340755,NaN,NaN,NaN,NaN,NaN
beetl,ant,807771.0,36348.23133737031,84853.29583994669,NaN,107417.92901094304,6630.105497073167,1337.5488038039055,NaN,NaN,NaN,NaN,NaN,0.0,0.0,-6.530689100733029E-4,NaN,0.0,0.0,-0.0013069913755797311,NaN,NaN,NaN,NaN,NaN
beetl,be,1.007724201E9,4.37652941204667E7,3110424.7285347036,NaN,8.89191758464807E7,4323583.728785505,8901.197332557067,NaN,NaN,NaN,NaN,NaN,0.0,0.0,-0.0025337136964951744,NaN,0.0,0.0,-0.005080299417206021,NaN,NaN,NaN,NaN,NaN
blous,artefact,62270.0,1717.5920489661219,10455.2216347531,NaN,7943.773158896218,375.6447778477948,419.0889215543892,NaN,NaN,NaN,NaN,NaN,0.0,0.0,-3.087780380281144E-4,NaN,0.0,0.0,-6.177468227081428E-4,NaN,NaN,NaN,NaN,NaN
blous,back,2.6779916E7,576215.5151097359,347410.0459626675,NaN,9321403.379679156,217056.83877857192,2625.529170935724,NaN,NaN,NaN,NaN,NaN,0.0,0.0,-0.004231638534013985,NaN,0.0,0.0,-0.00849924279133372,NaN,NaN,NaN,NaN,NaN
bomber,aeroplan,71419.0,885.8466823082885,11911.38715516899,NaN,9074.379262517079,145.57597199254727,442.42458706373594,NaN,NaN,NaN,NaN,NaN,0.0,0.0,-7.838811001435039E-4,NaN,0.0,0.0,-0.0015689921035432497,NaN,NaN,NaN,NaN,NaN
bomber,aunt,774064.0,13810.567100388085,68947.3489010619,NaN,116518.39476237218,2466.489942674574,1164.21333978441,NaN,NaN,NaN,NaN,NaN,0.0,0.0,-4.3471383140864753E-4,NaN,0.0,0.0,-8.698057794202486E-4,NaN,NaN,NaN,NaN,NaN
bottl,artefact,62270.0,1717.5920489661219,10455.2216347531,NaN,7943.773158896218,375.6447778477948,419.0889215543892,NaN,NaN,NaN,NaN,NaN,0.0,0.0,-3.087780380281144E-4,NaN,0.0,0.0,-6.177468227081428E-4,NaN,NaN,NaN,NaN,NaN
bu,artefact,62270.0,1717.5920489661219,10455.2216347531,NaN,7943.773158896218,375.6447778477948,419.0889215543892,NaN,NaN,NaN,NaN,NaN,0.0,0.0,-3.087780380281144E-4,NaN,0.0,0.0,-6.177468227081428E-4,NaN,NaN,NaN,NaN,NaN
butterfli,anim,1.3663915E7,274767.61811788974,432402.6434567383,NaN,1438250.8087148778,26805.375333207467,3003.790994602017,NaN,NaN,NaN,NaN,NaN,0.0,0.0,-0.001618507373432473,NaN,0.0,0.0,-0.0032422623724213157,NaN,NaN,NaN,NaN,NaN
butterfli,arrest,1.5823974E7,301374.9541903284,340967.4325999747,NaN,2592242.503015102,67800.34393672734,2640.3295145972806,NaN,NaN,NaN,NaN,NaN,0.0,0.0,-0.001989779681391771,NaN,0.0,0.0,-0.00398749359652158,NaN,NaN,NaN,NaN,NaN
cannon,ammo,3978.0,110.09620382059099,1021.9354494391464,NaN,750.0013333321482,26.17327367290337,128.64750201185993,NaN,NaN,NaN,NaN,NaN,0.0,0.0,0.0,NaN,0.0,0.0,0.0,NaN,NaN,NaN,NaN,NaN
cannon,ant,807771.0,36348.23133737031,84853.29583994669,NaN,107417.92901094304,6630.105497073167,1337.5488038039055,NaN,NaN,NaN,NaN,NaN,0.0,0.0,-6.530689100733029E-4,NaN,0.0,0.0,-0.0013069913755797311,NaN,NaN,NaN,NaN,NaN
car,agonist,557303.0,12094.33501877533,21558.177346671484,NaN,95982.55030472987,2744.759893197962,640.4489278125619,NaN,NaN,NaN,NaN,NaN,0.0,0.0,-9.342678021740828E-4,NaN,0.0,0.0,-0.001870282949488828,NaN,NaN,NaN,NaN,NaN
carp,awkward,418889.0,13413.499128217778,35439.45105782583,NaN,66522.63054780681,2665.6366959414204,817.3421442216013,NaN,NaN,NaN,NaN,NaN,0.0,0.0,-4.8006475536906254E-4,NaN,0.0,0.0,-9.605906564566265E-4,NaN,NaN,NaN,NaN,NaN
carp,barbel,20524.0,679.7153016972921,4142.154556820636,NaN,2965.370465894607,97.70368722791376,275.204701184387,NaN,NaN,NaN,NaN,NaN,0.0,0.0,0.0,NaN,0.0,0.0,0.0,NaN,NaN,NaN,NaN,NaN
carrot,acid,2.6152867E7,1012749.0758914814,448650.5020218937,NaN,3641112.9234006186,130195.09490801039,3313.4584276596015,NaN,NaN,NaN,NaN,NaN,0.0,0.0,-0.0012602746538511876,NaN,0.0,0.0,-0.0025237299005291783,NaN,NaN,NaN,NaN,NaN
chisel,advic,3494859.0,89916.92895554657,98937.6114280302,NaN,610234.1688622491,27083.24093432578,1350.0521867380191,NaN,NaN,NaN,NaN,NaN,0.0,0.0,-0.0038803579340394513,NaN,0.0,0.0,-0.007790947533152855,NaN,NaN,NaN,NaN,NaN
coat,avoid,3.3746341E7,582830.6739518528,500910.55663806904,NaN,2889954.534123504,57555.32098052881,3206.929394582527,NaN,NaN,NaN,NaN,NaN,0.0,0.0,-0.0019570072463881206,NaN,0.0,0.0,-0.003921689267090015,NaN,NaN,NaN,NaN,NaN
coat,back,2.6779916E7,576215.5151097359,347410.0459626675,NaN,9321403.379679156,217056.83877857192,2625.529170935724,NaN,NaN,NaN,NaN,NaN,0.0,0.0,-0.004231638534013985,NaN,0.0,0.0,-0.00849924279133372,NaN,NaN,NaN,NaN,NaN
cod,anim,1.3663915E7,274767.61811788974,432402.6434567383,NaN,1438250.8087148778,26805.375333207467,3003.790994602017,NaN,NaN,NaN,NaN,NaN,0.0,0.0,-0.001618507373432473,NaN,0.0,0.0,-0.0032422623724213157,NaN,NaN,NaN,NaN,NaN
couch,artifact,408087.0,11153.139565921349,37069.869609931586,NaN,49213.1286650219,1302.3646220383328,814.7249309246342,NaN,NaN,NaN,NaN,NaN,0.0,0.0,-7.57122270553218E-4,NaN,0.0,0.0,-0.00151539187804592,NaN,NaN,NaN,NaN,NaN
deer,anim,1.3663915E7,274767.61811788974,432402.6434567383,NaN,1438250.8087148778,26805.375333207467,3003.790994602017,NaN,NaN,NaN,NaN,NaN,0.0,0.0,-0.001618507373432473,NaN,0.0,0.0,-0.0032422623724213157,NaN,NaN,NaN,NaN,NaN
eagl,anim,1.3663915E7,274767.61811788974,432402.6434567383,NaN,1438250.8087148778,26805.375333207467,3003.790994602017,NaN,NaN,NaN,NaN,NaN,0.0,0.0,-0.001618507373432473,NaN,0.0,0.0,-0.0032422623724213157,NaN,NaN,NaN,NaN,NaN
elm,acacia,38056.0,430.05465610282187,7996.420620092605,NaN,7391.810197779702,183.93405806404496,384.24619965449097,NaN,NaN,NaN,NaN,NaN,0.0,0.0,-6.060556080360738E-4,NaN,0.0,0.0,-0.0012128462683547697,NaN,NaN,NaN,NaN,NaN
ferri,ambul,158120.0,2752.147465589041,20214.475053108927,NaN,23162.987458443265,369.8276255191457,597.6678681853931,NaN,NaN,NaN,NaN,NaN,0.0,0.0,-6.122749430895101E-4,NaN,0.0,0.0,-0.0012253001067321371,NaN,NaN,NaN,NaN,NaN
ferri,battleship,479050.0,19255.884324202492,17664.133556104374,NaN,152927.90816590673,11664.567177586938,571.1354861124455,NaN,NaN,NaN,NaN,NaN,0.0,0.0,-0.001008100614834332,NaN,0.0,0.0,-0.0020182358144340755,NaN,NaN,NaN,NaN,NaN
flute,administr,1.6595186E7,368277.66596882464,330041.4699129778,NaN,3180499.7091762167,36255.16332359023,2629.973756222708,NaN,NaN,NaN,NaN,NaN,0.0,0.0,-0.0031900792393430885,NaN,0.0,0.0,-0.006400576825938421,NaN,NaN,NaN,NaN,NaN
flute,artifact,408087.0,11153.139565921349,37069.869609931586,NaN,49213.1286650219,1302.3646220383328,814.7249309246342,NaN,NaN,NaN,NaN,NaN,0.0,0.0,-7.57122270553218E-4,NaN,0.0,0.0,-0.00151539187804592,NaN,NaN,NaN,NaN,NaN
fork,ax,1699754.0,76251.26767961153,105904.35277643049,NaN,241783.53260716496,8951.659122299923,1499.0756341758972,NaN,NaN,NaN,NaN,NaN,0.0,0.0,-0.0012671000978611376,NaN,0.0,0.0,-0.002537415354966867,NaN,NaN,NaN,NaN,NaN
fox,altar,900237.0,35636.63806528243,73839.39486218986,NaN,176294.8708527846,9942.109225189084,1215.9442055916006,NaN,NaN,NaN,NaN,NaN,0.0,0.0,-4.8041241950563124E-4,NaN,0.0,0.0,-9.612866530580965E-4,NaN,NaN,NaN,NaN,NaN
freezer,artefact,62270.0,1717.5920489661219,10455.2216347531,NaN,7943.773158896218,375.6447778477948,419.0889215543892,NaN,NaN,NaN,NaN,NaN,0.0,0.0,-3.087780380281144E-4,NaN,0.0,0.0,-6.177468227081428E-4,NaN,NaN,NaN,NaN,NaN
glove,apron,254806.0,5675.106775344194,23583.584984220714,NaN,43097.48795463605,1242.7693590611689,672.1655813276583,NaN,NaN,NaN,NaN,NaN,0.0,0.0,-7.663936404497844E-4,NaN,0.0,0.0,-0.0015339629003110527,NaN,NaN,NaN,NaN,NaN
gorilla,barg,274765.0,9107.41899393393,30890.35468632358,NaN,29181.135772961272,1056.4233359106229,763.9502561853229,NaN,NaN,NaN,NaN,NaN,0.0,0.0,-5.168430506220517E-4,NaN,0.0,0.0,-0.0010342206309900404,NaN,NaN,NaN,NaN,NaN
gun,artifact,408087.0,11153.139565921349,37069.869609931586,NaN,49213.1286650219,1302.3646220383328,814.7249309246342,NaN,NaN,NaN,NaN,NaN,0.0,0.0,-7.57122270553218E-4,NaN,0.0,0.0,-0.00151539187804592,NaN,NaN,NaN,NaN,NaN
hammer,authoris,809847.0,23897.675213441118,48848.12315681625,NaN,89700.85068158495,4064.583723786323,928.5164501425418,NaN,NaN,NaN,NaN,NaN,0.0,0.0,-6.679436791636637E-4,NaN,0.0,0.0,-0.001336780252247247,NaN,NaN,NaN,NaN,NaN
hatchet,artifact,408087.0,11153.139565921349,37069.869609931586,NaN,49213.1286650219,1302.3646220383328,814.7249309246342,NaN,NaN,NaN,NaN,NaN,0.0,0.0,-7.57122270553218E-4,NaN,0.0,0.0,-0.00151539187804592,NaN,NaN,NaN,NaN,NaN
hawk,anim,1.3663915E7,274767.61811788974,432402.6434567383,NaN,1438250.8087148778,26805.375333207467,3003.790994602017,NaN,NaN,NaN,NaN,NaN,0.0,0.0,-0.001618507373432473,NaN,0.0,0.0,-0.0032422623724213157,NaN,NaN,NaN,NaN,NaN
her,affair,8842095.0,206980.01992284085,311833.08703135385,NaN,1280870.8424376752,40409.68285458897,2525.7835471368358,NaN,NaN,NaN,NaN,NaN,0.0,0.0,-9.0800282451409E-4,NaN,0.0,0.0,-0.0018176560858881622,NaN,NaN,NaN,NaN,NaN
her,anim,1.3663915E7,274767.61811788974,432402.6434567383,NaN,1438250.8087148778,26805.375333207467,3003.790994602017,NaN,NaN,NaN,NaN,NaN,0.0,0.0,-0.001618507373432473,NaN,0.0,0.0,-0.0032422623724213157,NaN,NaN,NaN,NaN,NaN
hotel,anim,1.3663915E7,274767.61811788974,432402.6434567383,NaN,1438250.8087148778,26805.375333207467,3003.790994602017,NaN,NaN,NaN,NaN,NaN,0.0,0.0,-0.001618507373432473,NaN,0.0,0.0,-0.0032422623724213157,NaN,NaN,NaN,NaN,NaN
knife,artefact,62270.0,1717.5920489661219,10455.2216347531,NaN,7943.773158896218,375.6447778477948,419.0889215543892,NaN,NaN,NaN,NaN,NaN,0.0,0.0,-3.087780380281144E-4,NaN,0.0,0.0,-6.177468227081428E-4,NaN,NaN,NaN,NaN,NaN
knife,ax,1699754.0,76251.26767961153,105904.35277643049,NaN,241783.53260716496,8951.659122299923,1499.0756341758972,NaN,NaN,NaN,NaN,NaN,0.0,0.0,-0.0012671000978611376,NaN,0.0,0.0,-0.002537415354966867,NaN,NaN,NaN,NaN,NaN
lemon,anatomi,2262352.0,53946.02544131415,83512.44876256192,NaN,651557.1752210238,11276.524230210674,1291.6091612333578,NaN,NaN,NaN,NaN,NaN,0.0,0.0,-9.512974826128126E-4,NaN,0.0,0.0,-0.0019044066224514341,NaN,NaN,NaN,NaN,NaN
lettuc,barn,1836844.0,76732.54435480775,102789.76925163288,NaN,250333.07885295543,11263.139531638108,1461.816601999618,NaN,NaN,NaN,NaN,NaN,0.0,0.0,-5.117321423846539E-4,NaN,0.0,0.0,-0.0010239882924920013,NaN,NaN,NaN,NaN,NaN
librari,afternoon,3000151.0,42501.84406707606,84901.13968377883,NaN,570969.4193798824,6822.4915905765065,1248.5403996129523,NaN,NaN,NaN,NaN,NaN,0.0,0.0,-0.0016917428808834213,NaN,0.0,0.0,-0.003389219449642525,NaN,NaN,NaN,NaN,NaN
missil,bazooka,4297.0,107.4413671913956,712.7708646579578,NaN,1481.0526661803758,32.974239974130676,110.1478146887094,NaN,NaN,NaN,NaN,NaN,0.0,0.0,0.0,NaN,0.0,0.0,0.0,NaN,NaN,NaN,NaN,NaN
moth,arthropod,50817.0,1726.8887375010208,7608.584444555959,NaN,7489.95333763836,250.5655245840993,378.5019209186961,NaN,NaN,NaN,NaN,NaN,0.0,0.0,-0.0013060761247334009,NaN,0.0,0.0,-0.002615568380881679,NaN,NaN,NaN,NaN,NaN
oak,armi,1.2828443E7,366973.3970320764,326466.84663921327,NaN,1829129.5806128662,74164.90055390827,2635.6841815337793,NaN,NaN,NaN,NaN,NaN,0.0,0.0,-0.0012212955795835475,NaN,0.0,0.0,-0.0024455779326858097,NaN,NaN,NaN,NaN,NaN
pear,algorithm,3458416.0,51703.797033822375,114213.81790166933,NaN,363274.5119575553,5900.966647171292,1524.3909876671435,NaN,NaN,NaN,NaN,NaN,0.0,0.0,-0.001182280259548912,NaN,0.0,0.0,-0.0023673594013853398,NaN,NaN,NaN,NaN,NaN
pheasant,address,4.4506239E7,1739892.2096558625,689706.2841959766,NaN,5287043.491130653,372116.35317986674,3842.7754227607834,NaN,NaN,NaN,NaN,NaN,0.0,0.0,-0.0024303861529518327,NaN,0.0,0.0,-0.004872614641055962,NaN,NaN,NaN,NaN,NaN
phone,artilleri,1125774.0,45461.27845175753,65285.56658848083,NaN,188258.2029872802,7372.687570707486,1152.1168327617954,NaN,NaN,NaN,NaN,NaN,0.0,0.0,-5.091762624633302E-4,NaN,0.0,0.0,-0.0010188713100122235,NaN,NaN,NaN,NaN,NaN
piano,artefact,62270.0,1717.5920489661219,10455.2216347531,NaN,7943.773158896218,375.6447778477948,419.0889215543892,NaN,NaN,NaN,NaN,NaN,0.0,0.0,-3.087780380281144E-4,NaN,0.0,0.0,-6.177468227081428E-4,NaN,NaN,NaN,NaN,NaN
piano,attract,2.7714475E7,1278825.414030727,390662.16693286225,NaN,3967348.860837297,273330.1779945081,2825.306905636563,NaN,NaN,NaN,NaN,NaN,0.0,0.0,-0.002679831464023338,NaN,0.0,0.0,-0.005374064515224272,NaN,NaN,NaN,NaN,NaN
pig,baggag,230000.0,7783.209348765755,23337.618461982052,NaN,35840.68445216971,2487.481515405555,645.2994524797937,NaN,NaN,NaN,NaN,NaN,0.0,0.0,-5.735966716692093E-4,NaN,0.0,0.0,-0.0011478517472802282,NaN,NaN,NaN,NaN,NaN
pistol,angl,8383088.0,227674.28555606998,196934.8462284832,NaN,1542998.738446665,37063.952545337605,2027.8018443898848,NaN,NaN,NaN,NaN,NaN,0.0,0.0,-0.002314714325719699,NaN,0.0,0.0,-0.004640169317833153,NaN,NaN,NaN,NaN,NaN
pub,battl,8293177.0,126044.56121193872,245642.02484554905,NaN,1920555.3728864472,21106.44295986756,2181.9273141584213,NaN,NaN,NaN,NaN,NaN,0.0,0.0,-0.002023993314549352,NaN,0.0,0.0,-0.004056196343380203,NaN,NaN,NaN,NaN,NaN
radio,applianc,635858.0,15317.980567244615,41496.506735799194,NaN,85750.92279386852,2255.895557223852,870.7506596682455,NaN,NaN,NaN,NaN,NaN,0.0,0.0,-0.01699444306598084,NaN,0.0,0.0,-0.03457649439741984,NaN,NaN,NaN,NaN,NaN
restaur,battl,8293177.0,126044.56121193872,245642.02484554905,NaN,1920555.3728864472,21106.44295986756,2181.9273141584213,NaN,NaN,NaN,NaN,NaN,0.0,0.0,-0.002023993314549352,NaN,0.0,0.0,-0.004056196343380203,NaN,NaN,NaN,NaN,NaN
revolv,bazooka,4297.0,107.4413671913956,712.7708646579578,NaN,1481.0526661803758,32.974239974130676,110.1478146887094,NaN,NaN,NaN,NaN,NaN,0.0,0.0,0.0,NaN,0.0,0.0,0.0,NaN,NaN,NaN,NaN,NaN
robe,abus,1.0868722E7,190414.68630677313,262944.2668299464,NaN,1527256.9711963995,39330.552098021275,2243.989587370547,NaN,NaN,NaN,NaN,NaN,0.0,0.0,-0.001745428267933772,NaN,0.0,0.0,-0.0034969602291032562,NaN,NaN,NaN,NaN,NaN
robin,accid,3460144.0,106590.79974335441,150181.3348050698,NaN,344653.56248267624,14261.687680266083,1704.3725770063184,NaN,NaN,NaN,NaN,NaN,0.0,0.0,-0.0011521553992743564,NaN,0.0,0.0,-0.0023069687850904115,NaN,NaN,NaN,NaN,NaN
robin,addict,1506351.0,27180.93519892249,75170.81766245984,NaN,311537.47842434625,5559.333416569097,1178.5983596337737,NaN,NaN,NaN,NaN,NaN,0.0,0.0,-8.235109766467178E-4,NaN,0.0,0.0,-0.0016483794118327582,NaN,NaN,NaN,NaN,NaN
salmon,anim,1.3663915E7,274767.61811788974,432402.6434567383,NaN,1438250.8087148778,26805.375333207467,3003.790994602017,NaN,NaN,NaN,NaN,NaN,0.0,0.0,-0.001618507373432473,NaN,0.0,0.0,-0.0032422623724213157,NaN,NaN,NaN,NaN,NaN
saw,artefact,62270.0,1717.5920489661219,10455.2216347531,NaN,7943.773158896218,375.6447778477948,419.0889215543892,NaN,NaN,NaN,NaN,NaN,0.0,0.0,-3.087780380281144E-4,NaN,0.0,0.0,-6.177468227081428E-4,NaN,NaN,NaN,NaN,NaN
saxophon,artifact,408087.0,11153.139565921349,37069.869609931586,NaN,49213.1286650219,1302.3646220383328,814.7249309246342,NaN,NaN,NaN,NaN,NaN,0.0,0.0,-7.57122270553218E-4,NaN,0.0,0.0,-0.00151539187804592,NaN,NaN,NaN,NaN,NaN
saxophon,bass,704058.0,12467.413061642796,52800.98546118422,NaN,115219.47298091586,2472.0036997932766,1011.9068710226813,NaN,NaN,NaN,NaN,NaN,0.0,0.0,-6.149900751426679E-4,NaN,0.0,0.0,-0.001230737041350877,NaN,NaN,NaN,NaN,NaN
scarf,antibacteri,6636.0,176.27996238467895,1765.9189919542227,NaN,1912.0643294617469,86.4892288892784,181.00562996210016,NaN,NaN,NaN,NaN,NaN,0.0,0.0,0.0,NaN,0.0,0.0,0.0,NaN,NaN,NaN,NaN,NaN
scarf,artifact,408087.0,11153.139565921349,37069.869609931586,NaN,49213.1286650219,1302.3646220383328,814.7249309246342,NaN,NaN,NaN,NaN,NaN,0.0,0.0,-7.57122270553218E-4,NaN,0.0,0.0,-0.00151539187804592,NaN,NaN,NaN,NaN,NaN
scooter,acceler,3985155.0,99871.32679392192,123314.52600138915,NaN,442827.14608185436,16404.44559338132,1474.9226203515623,NaN,NaN,NaN,NaN,NaN,0.0,0.0,-0.002305498280258807,NaN,0.0,0.0,-0.004621651770726977,NaN,NaN,NaN,NaN,NaN
screwdriv,allow,1.34715699E8,3009097.0831454936,1084223.2856422276,NaN,9970106.194779823,484134.3533304027,4914.407864419311,NaN,NaN,NaN,NaN,NaN,0.0,0.0,-0.002492399872894384,NaN,0.0,0.0,-0.004997254903274506,NaN,NaN,NaN,NaN,NaN
sheep,addit,1.0087015E7,144061.55078461138,118650.89991839508,NaN,6291885.308169166,100908.46465619555,1469.7059846319564,NaN,NaN,NaN,NaN,NaN,0.0,0.0,-0.005090102224232185,NaN,0.0,0.0,-0.010232287839555475,NaN,NaN,NaN,NaN,NaN
shirt,artifact,408087.0,11153.139565921349,37069.869609931586,NaN,49213.1286650219,1302.3646220383328,814.7249309246342,NaN,NaN,NaN,NaN,NaN,0.0,0.0,-7.57122270553218E-4,NaN,0.0,0.0,-0.00151539187804592,NaN,NaN,NaN,NaN,NaN
shovel,bannist,59398.0,1183.981763145519,8269.420687937623,NaN,9506.118766352543,230.9639094180647,387.0711878099243,NaN,NaN,NaN,NaN,NaN,0.0,0.0,-7.621663913767718E-4,NaN,0.0,0.0,-0.0015254954641264985,NaN,NaN,NaN,NaN,NaN
spear,arm,1.4781175E7,228276.28429587715,456204.5468751137,NaN,2318727.9207433974,45729.52810994499,3057.108588122871,NaN,NaN,NaN,NaN,NaN,0.0,0.0,-0.0014779400963453862,NaN,0.0,0.0,-0.0029602552726536464,NaN,NaN,NaN,NaN,NaN
spoon,amber,69684.0,2661.769269987533,15651.776082967068,NaN,11246.392755012605,347.3969516260139,555.8450496457538,NaN,NaN,NaN,NaN,NaN,0.0,0.0,-8.947054738266388E-5,NaN,0.0,0.0,-1.7895710615557352E-4,NaN,NaN,NaN,NaN,NaN
spoon,announc,2.4726944E7,1019378.8137844006,467166.73927432596,NaN,2567190.4218756347,135276.33931492642,3186.6709025561577,NaN,NaN,NaN,NaN,NaN,0.0,0.0,-0.0022889840336493407,NaN,0.0,0.0,-0.0045884710041660835,NaN,NaN,NaN,NaN,NaN
squirrel,anim,1.3663915E7,274767.61811788974,432402.6434567383,NaN,1438250.8087148778,26805.375333207467,3003.790994602017,NaN,NaN,NaN,NaN,NaN,0.0,0.0,-0.001618507373432473,NaN,0.0,0.0,-0.0032422623724213157,NaN,NaN,NaN,NaN,NaN
strawberri,appl,1675034.0,78371.50539214094,96599.08678565998,NaN,288744.9601638096,15413.461753545896,1422.513994832614,NaN,NaN,NaN,NaN,NaN,0.0,0.0,-5.348589046839848E-4,NaN,0.0,0.0,-0.0010702902636460774,NaN,NaN,NaN,NaN,NaN
sweater,act,1.27883082E8,2358424.884070594,1169353.565140566,NaN,1.4039355457457226E7,273623.0649518573,5055.321816232645,NaN,NaN,NaN,NaN,NaN,0.0,0.0,-0.0027206122263002475,NaN,0.0,0.0,-0.0054560682987215255,NaN,NaN,NaN,NaN,NaN
sweater,apron,254806.0,5675.106775344194,23583.584984220714,NaN,43097.48795463605,1242.7693590611689,672.1655813276583,NaN,NaN,NaN,NaN,NaN,0.0,0.0,-7.663936404497844E-4,NaN,0.0,0.0,-0.0015339629003110527,NaN,NaN,NaN,NaN,NaN
sweater,artifact,408087.0,11153.139565921349,37069.869609931586,NaN,49213.1286650219,1302.3646220383328,814.7249309246342,NaN,NaN,NaN,NaN,NaN,0.0,0.0,-7.57122270553218E-4,NaN,0.0,0.0,-0.00151539187804592,NaN,NaN,NaN,NaN,NaN
sweater,baker,2459095.0,69965.76057053554,140306.76810659777,NaN,303983.813981929,6954.103219070867,1690.2068541171031,NaN,NaN,NaN,NaN,NaN,0.0,0.0,-5.156898696960324E-4,NaN,0.0,0.0,-0.0010319118858980415,NaN,NaN,NaN,NaN,NaN
tanker,artefact,62270.0,1717.5920489661219,10455.2216347531,NaN,7943.773158896218,375.6447778477948,419.0889215543892,NaN,NaN,NaN,NaN,NaN,0.0,0.0,-3.087780380281144E-4,NaN,0.0,0.0,-6.177468227081428E-4,NaN,NaN,NaN,NaN,NaN
televis,artifact,408087.0,11153.139565921349,37069.869609931586,NaN,49213.1286650219,1302.3646220383328,814.7249309246342,NaN,NaN,NaN,NaN,NaN,0.0,0.0,-7.57122270553218E-4,NaN,0.0,0.0,-0.00151539187804592,NaN,NaN,NaN,NaN,NaN
tiger,accid,3460144.0,106590.79974335441,150181.3348050698,NaN,344653.56248267624,14261.687680266083,1704.3725770063184,NaN,NaN,NaN,NaN,NaN,0.0,0.0,-0.0011521553992743564,NaN,0.0,0.0,-0.0023069687850904115,NaN,NaN,NaN,NaN,NaN
train,ambul,158120.0,2752.147465589041,20214.475053108927,NaN,23162.987458443265,369.8276255191457,597.6678681853931,NaN,NaN,NaN,NaN,NaN,0.0,0.0,-6.122749430895101E-4,NaN,0.0,0.0,-0.0012253001067321371,NaN,NaN,NaN,NaN,NaN
truck,amount,7.5855209E7,1978570.3705126857,421249.11033278675,NaN,2.5018770687404547E7,715878.3563923662,2968.171099834351,NaN,NaN,NaN,NaN,NaN,0.0,0.0,-0.005546007066865013,NaN,0.0,0.0,-0.011153873595513656,NaN,NaN,NaN,NaN,NaN
turnip,bark,2165415.0,54949.828179275406,132390.9082504938,NaN,330232.6933163947,9829.110579753196,1626.1717416904576,NaN,NaN,NaN,NaN,NaN,0.0,0.0,-7.501381081598857E-4,NaN,0.0,0.0,-0.0015014024755323544,NaN,NaN,NaN,NaN,NaN
van,battleship,479050.0,19255.884324202492,17664.133556104374,NaN,152927.90816590673,11664.567177586938,571.1354861124455,NaN,NaN,NaN,NaN,NaN,0.0,0.0,-0.001008100614834332,NaN,0.0,0.0,-0.0020182358144340755,NaN,NaN,NaN,NaN,NaN
vest,battlefield,153386.0,2710.115337869607,17314.1461143147,NaN,32404.593655838366,493.28902559086936,545.0722849498301,NaN,NaN,NaN,NaN,NaN,0.0,0.0,-9.793637265001485E-4,NaN,0.0,0.0,-0.0019606476401795372,NaN,NaN,NaN,NaN,NaN
villa,bank,3.002182E7,812403.1012715482,514274.1213765091,NaN,5135577.185010269,254121.7954320491,3344.629994394221,NaN,NaN,NaN,NaN,NaN,0.0,0.0,-0.0016517721068076059,NaN,0.0,0.0,-0.0033090099439417606,NaN,NaN,NaN,NaN,NaN
violin,artefact,62270.0,1717.5920489661219,10455.2216347531,NaN,7943.773158896218,375.6447778477948,419.0889215543892,NaN,NaN,NaN,NaN,NaN,0.0,0.0,-3.087780380281144E-4,NaN,0.0,0.0,-6.177468227081428E-4,NaN,NaN,NaN,NaN,NaN
wardrob,artifact,408087.0,11153.139565921349,37069.869609931586,NaN,49213.1286650219,1302.3646220383328,814.7249309246342,NaN,NaN,NaN,NaN,NaN,0.0,0.0,-7.57122270553218E-4,NaN,0.0,0.0,-0.00151539187804592,NaN,NaN,NaN,NaN,NaN
wasp,antenna,459155.0,19504.735237513163,40384.00371594525,NaN,46738.14075249464,2397.0632249653895,895.0726114076856,NaN,NaN,NaN,NaN,NaN,0.0,0.0,-2.2349242034293192E-4,NaN,0.0,0.0,-4.470847607411404E-4,NaN,NaN,NaN,NaN,NaN
whale,axon,458268.0,9545.5662316425,23734.898791464453,NaN,91285.51487503371,1442.0338954565152,675.3586425502288,NaN,NaN,NaN,NaN,NaN,0.0,0.0,-3.763684445830468E-4,NaN,0.0,0.0,-7.530203022459893E-4,NaN,NaN,NaN,NaN,NaN
woodpeck,alibi,43295.0,1375.461364524504,9827.864866430134,NaN,5329.6272852799,184.1250239369123,431.48625024052916,NaN,NaN,NaN,NaN,NaN,0.0,0.0,-4.695079855446703E-4,NaN,0.0,0.0,-9.394570536781187E-4,NaN,NaN,NaN,NaN,NaN
