w1,w2,c1,c2,c3,c4,c5,c6,c7,c8,c9,c10,c11,c12,c13,c14,c15,c16,c17,c18,c19,c20,c21,c22,c23,c24
acacia,birch,38056.0,430.05465610282187,7996.420620092605,NaN,7391.810197779702,183.93405806404496,384.24619965449097,NaN,NaN,NaN,NaN,NaN,0.0,0.0,-6.060556080360738E-4,NaN,0.0,0.0,-0.0012128462683547697,NaN,NaN,NaN,NaN,NaN
acacia,cypress,38056.0,430.05465610282187,7996.420620092605,NaN,7391.810197779702,183.93405806404496,384.24619965449097,NaN,NaN,NaN,NaN,NaN,0.0,0.0,-6.060556080360738E-4,NaN,0.0,0.0,-0.0012128462683547697,NaN,NaN,NaN,NaN,NaN
acacia,eyelid,38056.0,430.05465610282187,7996.420620092605,NaN,7391.810197779702,183.93405806404496,384.24619965449097,NaN,NaN,NaN,NaN,NaN,0.0,0.0,-6.060556080360738E-4,NaN,0.0,0.0,-0.0012128462683547697,NaN,NaN,NaN,NaN,NaN
acacia,trunk,38056.0,430.05465610282187,7996.420620092605,NaN,7391.810197779702,183.93405806404496,384.24619965449097,NaN,NaN,NaN,NaN,NaN,0.0,0.0,-6.060556080360738E-4,NaN,0.0,0.0,-0.0012128462683547697,NaN,NaN,NaN,NaN,NaN
allig,beast,57906.0,1289.5972527835818,11733.547323521252,NaN,9023.844191917322,124.35764682300633,476.95225859449016,NaN,NaN,NaN,NaN,NaN,0.0,0.0,0.0,NaN,0.0,0.0,0.0,NaN,NaN,NaN,NaN,NaN
allig,clone,57906.0,1289.5972527835818,11733.547323521252,NaN,9023.844191917322,124.35764682300633,476.95225859449016,NaN,NaN,NaN,NaN,NaN,0.0,0.0,0.0,NaN,0.0,0.0,0.0,NaN,NaN,NaN,NaN,NaN
allig,dock,57906.0,1289.5972527835818,11733.547323521252,NaN,9023.844191917322,124.35764682300633,476.95225859449016,NaN,NaN,NaN,NaN,NaN,0.0,0.0,0.0,NaN,0.0,0.0,0.0,NaN,NaN,NaN,NaN,NaN
allig,ey,57906.0,1289.5972527835818,11733.547323521252,NaN,9023.844191917322,124.35764682300633,476.95225859449016,NaN,NaN,NaN,NaN,NaN,0.0,0.0,0.0,NaN,0.0,0.0,0.0,NaN,NaN,NaN,NaN,NaN
allig,messag,57906.0,1289.5972527835818,11733.547323521252,NaN,9023.844191917322,124.35764682300633,476.95225859449016,NaN,NaN,NaN,NaN,NaN,0.0,0.0,0.0,NaN,0.0,0.0,0.0,NaN,NaN,NaN,NaN,NaN
allig,reptil,57906.0,1289.5972527835818,11733.547323521252,NaN,9023.844191917322,124.35764682300633,476.95225859449016,NaN,NaN,NaN,NaN,NaN,0.0,0.0,0.0,NaN,0.0,0.0,0.0,NaN,NaN,NaN,NaN,NaN
allig,st,57906.0,1289.5972527835818,11733.547323521252,NaN,9023.844191917322,124.35764682300633,476.95225859449016,NaN,NaN,NaN,NaN,NaN,0.0,0.0,0.0,NaN,0.0,0.0,0.0,NaN,NaN,NaN,NaN,NaN
allig,teenag,57906.0,1289.5972527835818,11733.547323521252,NaN,9023.844191917322,124.35764682300633,476.95225859449016,NaN,NaN,NaN,NaN,NaN,0.0,0.0,0.0,NaN,0.0,0.0,0.0,NaN,NaN,NaN,NaN,NaN
ambul,T,158120.0,2752.147465589041,20214.475053108927,NaN,23162.987458443265,369.8276255191457,597.6678681853931,NaN,NaN,NaN,NaN,NaN,0.0,0.0,-6.122749430895101E-4,NaN,0.0,0.0,-0.0012253001067321371,NaN,NaN,NaN,NaN,NaN
ambul,aqueduct,187326.0,4436.135216080954,33831.68120037067,NaN,16868.249998147407,461.0697237805707,798.4402227776599,NaN,0.6193710616572002,0.6464214594583509,0.09752902310742821,NaN,0.2432465187303819,0.2660214213258044,0.06412617650109739,NaN,0.3913085861342899,0.4202478991978209,0.12052363322542749,NaN,NaN,NaN,NaN,NaN
ambul,artefact,142842.0,2593.628037059863,27850.214623211927,NaN,13974.077143053133,210.82918685794232,703.2855067662182,NaN,0.7965018015729171,0.7951564368978775,0.07561941868707274,NaN,0.2517051705170517,0.23218072787571054,0.047422109138653176,NaN,0.40217964492881,0.37686148244826373,0.09055013967129395,NaN,NaN,NaN,NaN,NaN
ambul,colour,158120.0,2752.147465589041,20214.475053108927,NaN,23162.987458443265,369.8276255191457,597.6678681853931,NaN,NaN,NaN,NaN,NaN,0.0,0.0,-6.122749430895101E-4,NaN,0.0,0.0,-0.0012253001067321371,NaN,NaN,NaN,NaN,NaN
ambul,convers,158120.0,2752.147465589041,20214.475053108927,NaN,23162.987458443265,369.8276255191457,597.6678681853931,NaN,NaN,NaN,NaN,NaN,0.0,0.0,-6.122749430895101E-4,NaN,0.0,0.0,-0.0012253001067321371,NaN,NaN,NaN,NaN,NaN
ambul,debat,158120.0,2752.147465589041,20214.475053108927,NaN,23162.987458443265,369.8276255191457,597.6678681853931,NaN,NaN,NaN,NaN,NaN,0.0,0.0,-6.122749430895101E-4,NaN,0.0,0.0,-0.0012253001067321371,NaN,NaN,NaN,NaN,NaN
ambul,denial,158120.0,2752.147465589041,20214.475053108927,NaN,23162.987458443265,369.8276255191457,597.6678681853931,NaN,NaN,NaN,NaN,NaN,0.0,0.0,-6.122749430895101E-4,NaN,0.0,0.0,-0.0012253001067321371,NaN,NaN,NaN,NaN,NaN
ambul,ga,158120.0,2752.147465589041,20214.475053108927,NaN,23162.987458443265,369.8276255191457,597.6678681853931,NaN,NaN,NaN,NaN,NaN,0.0,0.0,-6.122749430895101E-4,NaN,0.0,0.0,-0.0012253001067321371,NaN,NaN,NaN,NaN,NaN
ambul,headlight,158120.0,2752.147465589041,20214.475053108927,NaN,23162.987458443265,369.8276255191457,597.6678681853931,NaN,NaN,NaN,NaN,NaN,0.0,0.0,-6.122749430895101E-4,NaN,0.0,0.0,-0.0012253001067321371,NaN,NaN,NaN,NaN,NaN
ambul,insid,158120.0,2752.147465589041,20214.475053108927,NaN,23162.987458443265,369.8276255191457,597.6678681853931,NaN,NaN,NaN,NaN,NaN,0.0,0.0,-6.122749430895101E-4,NaN,0.0,0.0,-0.0012253001067321371,NaN,NaN,NaN,NaN,NaN
ambul,mirror,158120.0,2752.147465589041,20214.475053108927,NaN,23162.987458443265,369.8276255191457,597.6678681853931,NaN,NaN,NaN,NaN,NaN,0.0,0.0,-6.122749430895101E-4,NaN,0.0,0.0,-0.0012253001067321371,NaN,NaN,NaN,NaN,NaN
ambul,onstag,158120.0,2752.147465589041,20214.475053108927,NaN,23162.987458443265,369.8276255191457,597.6678681853931,NaN,NaN,NaN,NaN,NaN,0.0,0.0,-6.122749430895101E-4,NaN,0.0,0.0,-0.0012253001067321371,NaN,NaN,NaN,NaN,NaN
ambul,potteri,158120.0,2752.147465589041,20214.475053108927,NaN,23162.987458443265,369.8276255191457,597.6678681853931,NaN,NaN,NaN,NaN,NaN,0.0,0.0,-6.122749430895101E-4,NaN,0.0,0.0,-0.0012253001067321371,NaN,NaN,NaN,NaN,NaN
ambul,tire,158120.0,2752.147465589041,20214.475053108927,NaN,23162.987458443265,369.8276255191457,597.6678681853931,NaN,NaN,NaN,NaN,NaN,0.0,0.0,-6.122749430895101E-4,NaN,0.0,0.0,-0.0012253001067321371,NaN,NaN,NaN,NaN,NaN
ambul,trickl,158120.0,2752.147465589041,20214.475053108927,NaN,23162.987458443265,369.8276255191457,597.6678681853931,NaN,NaN,NaN,NaN,NaN,0.0,0.0,-6.122749430895101E-4,NaN,0.0,0.0,-0.0012253001067321371,NaN,NaN,NaN,NaN,NaN
ambul,yourselv,158120.0,2752.147465589041,20214.475053108927,NaN,23162.987458443265,369.8276255191457,597.6678681853931,NaN,NaN,NaN,NaN,NaN,0.0,0.0,-6.122749430895101E-4,NaN,0.0,0.0,-0.0012253001067321371,NaN,NaN,NaN,NaN,NaN
ant,beetl,807771.0,36348.23133737031,84853.29583994669,NaN,107417.92901094304,6630.105497073167,1337.5488038039055,NaN,NaN,NaN,NaN,NaN,0.0,0.0,-6.530689100733029E-4,NaN,0.0,0.0,-0.0013069913755797311,NaN,NaN,NaN,NaN,NaN
ant,cricket,807771.0,36348.23133737031,84853.29583994669,NaN,107417.92901094304,6630.105497073167,1337.5488038039055,NaN,NaN,NaN,NaN,NaN,0.0,0.0,-6.530689100733029E-4,NaN,0.0,0.0,-0.0013069913755797311,NaN,NaN,NaN,NaN,NaN
ant,gem,807771.0,36348.23133737031,84853.29583994669,NaN,107417.92901094304,6630.105497073167,1337.5488038039055,NaN,NaN,NaN,NaN,NaN,0.0,0.0,-6.530689100733029E-4,NaN,0.0,0.0,-0.0013069913755797311,NaN,NaN,NaN,NaN,NaN
ant,hornet,807771.0,36348.23133737031,84853.29583994669,NaN,107417.92901094304,6630.105497073167,1337.5488038039055,NaN,NaN,NaN,NaN,NaN,0.0,0.0,-6.530689100733029E-4,NaN,0.0,0.0,-0.0013069913755797311,NaN,NaN,NaN,NaN,NaN
ant,insect,807771.0,36348.23133737031,84853.29583994669,NaN,107417.92901094304,6630.105497073167,1337.5488038039055,NaN,NaN,NaN,NaN,NaN,0.0,0.0,-6.530689100733029E-4,NaN,0.0,0.0,-0.0013069913755797311,NaN,NaN,NaN,NaN,NaN
appl,bunk,1675034.0,78371.50539214094,96599.08678565998,NaN,288744.9601638096,15413.461753545896,1422.513994832614,NaN,NaN,NaN,NaN,NaN,0.0,0.0,-5.348589046839848E-4,NaN,0.0,0.0,-0.0010702902636460774,NaN,NaN,NaN,NaN,NaN
appl,lime,1675034.0,78371.50539214094,96599.08678565998,NaN,288744.9601638096,15413.461753545896,1422.513994832614,NaN,NaN,NaN,NaN,NaN,0.0,0.0,-5.348589046839848E-4,NaN,0.0,0.0,-0.0010702902636460774,NaN,NaN,NaN,NaN,NaN
appl,pear,1675034.0,78371.50539214094,96599.08678565998,NaN,288744.9601638096,15413.461753545896,1422.513994832614,NaN,NaN,NaN,NaN,NaN,0.0,0.0,-5.348589046839848E-4,NaN,0.0,0.0,-0.0010702902636460774,NaN,NaN,NaN,NaN,NaN
appl,somebodi,1675034.0,78371.50539214094,96599.08678565998,NaN,288744.9601638096,15413.461753545896,1422.513994832614,NaN,NaN,NaN,NaN,NaN,0.0,0.0,-5.348589046839848E-4,NaN,0.0,0.0,-0.0010702902636460774,NaN,NaN,NaN,NaN,NaN
apricot,banana,107026.0,3080.7108066997994,24721.02981368261,NaN,10238.99672819559,307.4750334168193,704.6152972948195,NaN,0.9311150214995061,0.9639017495725918,0.21559531292148584,NaN,0.4790705371570975,0.5071736126229411,0.11229904233178782,NaN,0.6477994458302345,0.6730128611266019,0.20192239327360686,NaN,NaN,NaN,NaN,NaN
apricot,cherri,83982.0,3018.8796705079694,8332.379762939023,NaN,24488.657701066426,1001.0157512856856,407.73961777705824,NaN,NaN,NaN,NaN,NaN,0.0,0.0,-2.4644373587945204E-4,NaN,0.0,0.0,-4.930089707314731E-4,NaN,NaN,NaN,NaN,NaN
apricot,postmodern,83982.0,3018.8796705079694,8332.379762939023,NaN,24488.657701066426,1001.0157512856856,407.73961777705824,NaN,NaN,NaN,NaN,NaN,0.0,0.0,-2.4644373587945204E-4,NaN,0.0,0.0,-4.930089707314731E-4,NaN,NaN,NaN,NaN,NaN
apricot,sub-paragraph,83982.0,3018.8796705079694,8332.379762939023,NaN,24488.657701066426,1001.0157512856856,407.73961777705824,NaN,NaN,NaN,NaN,NaN,0.0,0.0,-2.4644373587945204E-4,NaN,0.0,0.0,-4.930089707314731E-4,NaN,NaN,NaN,NaN,NaN
apricot,tyrosin,83982.0,3018.8796705079694,8332.379762939023,NaN,24488.657701066426,1001.0157512856856,407.73961777705824,NaN,NaN,NaN,NaN,NaN,0.0,0.0,-2.4644373587945204E-4,NaN,0.0,0.0,-4.930089707314731E-4,NaN,NaN,NaN,NaN,NaN
ax,cashier,1699754.0,76251.26767961153,105904.35277643049,NaN,241783.53260716496,8951.659122299923,1499.0756341758972,NaN,NaN,NaN,NaN,NaN,0.0,0.0,-0.0012671000978611376,NaN,0.0,0.0,-0.002537415354966867,NaN,NaN,NaN,NaN,NaN
ax,chmod,1699754.0,76251.26767961153,105904.35277643049,NaN,241783.53260716496,8951.659122299923,1499.0756341758972,NaN,NaN,NaN,NaN,NaN,0.0,0.0,-0.0012671000978611376,NaN,0.0,0.0,-0.002537415354966867,NaN,NaN,NaN,NaN,NaN
ax,drill,1699754.0,76251.26767961153,105904.35277643049,NaN,241783.53260716496,8951.659122299923,1499.0756341758972,NaN,NaN,NaN,NaN,NaN,0.0,0.0,-0.0012671000978611376,NaN,0.0,0.0,-0.002537415354966867,NaN,NaN,NaN,NaN,NaN
ax,half-back,1699754.0,76251.26767961153,105904.35277643049,NaN,241783.53260716496,8951.659122299923,1499.0756341758972,NaN,NaN,NaN,NaN,NaN,0.0,0.0,-0.0012671000978611376,NaN,0.0,0.0,-0.002537415354966867,NaN,NaN,NaN,NaN,NaN
ax,popular,1699754.0,76251.26767961153,105904.35277643049,NaN,241783.53260716496,8951.659122299923,1499.0756341758972,NaN,NaN,NaN,NaN,NaN,0.0,0.0,-0.0012671000978611376,NaN,0.0,0.0,-0.002537415354966867,NaN,NaN,NaN,NaN,NaN
ax,ringsid,1699754.0,76251.26767961153,105904.35277643049,NaN,241783.53260716496,8951.659122299923,1499.0756341758972,NaN,NaN,NaN,NaN,NaN,0.0,0.0,-0.0012671000978611376,NaN,0.0,0.0,-0.002537415354966867,NaN,NaN,NaN,NaN,NaN
ax,vruttanama,1699754.0,76251.26767961153,105904.35277643049,NaN,241783.53260716496,8951.659122299923,1499.0756341758972,NaN,NaN,NaN,NaN,NaN,0.0,0.0,-0.0012671000978611376,NaN,0.0,0.0,-0.002537415354966867,NaN,NaN,NaN,NaN,NaN
ax,wrench,1699754.0,76251.26767961153,105904.35277643049,NaN,241783.53260716496,8951.659122299923,1499.0756341758972,NaN,NaN,NaN,NaN,NaN,0.0,0.0,-0.0012671000978611376,NaN,0.0,0.0,-0.002537415354966867,NaN,NaN,NaN,NaN,NaN
bag,basket,940233.0,28675.395855854484,149565.4426520445,NaN,51567.8041708196,2348.989189366315,1762.4162678748303,NaN,0.9852623324001092,0.9717206655971189,0.29546507096233776,NaN,0.6844755118032286,0.6376392496739743,0.17514793631616193,NaN,0.8126868060794764,0.778729808534961,0.2980866168479404,NaN,NaN,NaN,NaN,NaN
bag,bowl,3763038.0,119962.29578448276,144185.12373365724,NaN,430634.599408826,20217.303092692484,1723.6013221005508,NaN,NaN,NaN,NaN,NaN,0.0,0.0,-0.0012722787060153536,NaN,0.0,0.0,-0.002547798922346817,NaN,NaN,NaN,NaN,NaN
bag,cent,3763038.0,119962.29578448276,144185.12373365724,NaN,430634.599408826,20217.303092692484,1723.6013221005508,NaN,NaN,NaN,NaN,NaN,0.0,0.0,-0.0012722787060153536,NaN,0.0,0.0,-0.002547798922346817,NaN,NaN,NaN,NaN,NaN
bag,insid,3763038.0,119962.29578448276,144185.12373365724,NaN,430634.599408826,20217.303092692484,1723.6013221005508,NaN,NaN,NaN,NaN,NaN,0.0,0.0,-0.0012722787060153536,NaN,0.0,0.0,-0.002547798922346817,NaN,NaN,NaN,NaN,NaN
bag,interior,3763038.0,119962.29578448276,144185.12373365724,NaN,430634.599408826,20217.303092692484,1723.6013221005508,NaN,NaN,NaN,NaN,NaN,0.0,0.0,-0.0012722787060153536,NaN,0.0,0.0,-0.002547798922346817,NaN,NaN,NaN,NaN,NaN
bag,jar,3763038.0,119962.29578448276,144185.12373365724,NaN,430634.599408826,20217.303092692484,1723.6013221005508,NaN,NaN,NaN,NaN,NaN,0.0,0.0,-0.0012722787060153536,NaN,0.0,0.0,-0.002547798922346817,NaN,NaN,NaN,NaN,NaN
bag,seizur,3763038.0,119962.29578448276,144185.12373365724,NaN,430634.599408826,20217.303092692484,1723.6013221005508,NaN,NaN,NaN,NaN,NaN,0.0,0.0,-0.0012722787060153536,NaN,0.0,0.0,-0.002547798922346817,NaN,NaN,NaN,NaN,NaN
bag,wash,3763038.0,119962.29578448276,144185.12373365724,NaN,430634.599408826,20217.303092692484,1723.6013221005508,NaN,NaN,NaN,NaN,NaN,0.0,0.0,-0.0012722787060153536,NaN,0.0,0.0,-0.002547798922346817,NaN,NaN,NaN,NaN,NaN
banana,anti-rac,274739.0,12726.60745852105,22639.04061653705,NaN,76603.43217506641,7380.120952640315,669.8223043258985,NaN,NaN,NaN,NaN,NaN,0.0,0.0,-3.7238755606367277E-4,NaN,0.0,0.0,-7.45052560429463E-4,NaN,NaN,NaN,NaN,NaN
banana,coconut,274739.0,12726.60745852105,22639.04061653705,NaN,76603.43217506641,7380.120952640315,669.8223043258985,NaN,NaN,NaN,NaN,NaN,0.0,0.0,-3.7238755606367277E-4,NaN,0.0,0.0,-7.45052560429463E-4,NaN,NaN,NaN,NaN,NaN
banana,pineappl,274739.0,12726.60745852105,22639.04061653705,NaN,76603.43217506641,7380.120952640315,669.8223043258985,NaN,NaN,NaN,NaN,NaN,0.0,0.0,-3.7238755606367277E-4,NaN,0.0,0.0,-7.45052560429463E-4,NaN,NaN,NaN,NaN,NaN
banana,potassium,274739.0,12726.60745852105,22639.04061653705,NaN,76603.43217506641,7380.120952640315,669.8223043258985,NaN,NaN,NaN,NaN,NaN,0.0,0.0,-3.7238755606367277E-4,NaN,0.0,0.0,-7.45052560429463E-4,NaN,NaN,NaN,NaN,NaN
banana,produc,274739.0,12726.60745852105,22639.04061653705,NaN,76603.43217506641,7380.120952640315,669.8223043258985,NaN,NaN,NaN,NaN,NaN,0.0,0.0,-3.7238755606367277E-4,NaN,0.0,0.0,-7.45052560429463E-4,NaN,NaN,NaN,NaN,NaN
banana,skin,274739.0,12726.60745852105,22639.04061653705,NaN,76603.43217506641,7380.120952640315,669.8223043258985,NaN,NaN,NaN,NaN,NaN,0.0,0.0,-3.7238755606367277E-4,NaN,0.0,0.0,-7.45052560429463E-4,NaN,NaN,NaN,NaN,NaN
banana,sore,274739.0,12726.60745852105,22639.04061653705,NaN,76603.43217506641,7380.120952640315,669.8223043258985,NaN,NaN,NaN,NaN,NaN,0.0,0.0,-3.7238755606367277E-4,NaN,0.0,0.0,-7.45052560429463E-4,NaN,NaN,NaN,NaN,NaN
battleship,air,1.0105458E7,373755.2485577649,503403.85115167237,NaN,790280.7921087289,54643.91231118549,3343.0977292665566,NaN,0.8417923795333327,0.8825803646324685,0.09371858764169541,NaN,0.18169101858938833,0.28079508462370556,0.01969319619052704,NaN,0.3075101963731214,0.4384699597847066,0.03862572833495191,NaN,NaN,NaN,NaN,NaN
battleship,bat,683676.0,13462.160668656015,69850.29219830151,NaN,98529.8290772901,3392.9044573964156,1174.441513024027,NaN,0.7739297350253449,0.9566549422630479,0.09548764028428969,NaN,0.2776409505425015,0.49772472387538613,0.05333833791165423,NaN,0.4346149838491195,0.6646411265583154,0.1012748439734998,NaN,NaN,NaN,NaN,NaN
battleship,cano,479050.0,19255.884324202492,17664.133556104374,NaN,152927.90816590673,11664.567177586938,571.1354861124455,NaN,NaN,NaN,NaN,NaN,0.0,0.0,-0.001008100614834332,NaN,0.0,0.0,-0.0020182358144340755,NaN,NaN,NaN,NaN,NaN
battleship,comin,479050.0,19255.884324202492,17664.133556104374,NaN,152927.90816590673,11664.567177586938,571.1354861124455,NaN,NaN,NaN,NaN,NaN,0.0,0.0,-0.001008100614834332,NaN,0.0,0.0,-0.0020182358144340755,NaN,NaN,NaN,NaN,NaN
battleship,gallei,479050.0,19255.884324202492,17664.133556104374,NaN,152927.90816590673,11664.567177586938,571.1354861124455,NaN,NaN,NaN,NaN,NaN,0.0,0.0,-0.001008100614834332,NaN,0.0,0.0,-0.0020182358144340755,NaN,NaN,NaN,NaN,NaN
battleship,helm,479050.0,19255.884324202492,17664.133556104374,NaN,152927.90816590673,11664.567177586938,571.1354861124455,NaN,NaN,NaN,NaN,NaN,0.0,0.0,-0.001008100614834332,NaN,0.0,0.0,-0.0020182358144340755,NaN,NaN,NaN,NaN,NaN
battleship,keel,479050.0,19255.884324202492,17664.133556104374,NaN,152927.90816590673,11664.567177586938,571.1354861124455,NaN,NaN,NaN,NaN,NaN,0.0,0.0,-0.001008100614834332,NaN,0.0,0.0,-0.0020182358144340755,NaN,NaN,NaN,NaN,NaN
battleship,liabil,479050.0,19255.884324202492,17664.133556104374,NaN,152927.90816590673,11664.567177586938,571.1354861124455,NaN,NaN,NaN,NaN,NaN,0.0,0.0,-0.001008100614834332,NaN,0.0,0.0,-0.0020182358144340755,NaN,NaN,NaN,NaN,NaN
battleship,merger,479050.0,19255.884324202492,17664.133556104374,NaN,152927.90816590673,11664.567177586938,571.1354861124455,NaN,NaN,NaN,NaN,NaN,0.0,0.0,-0.001008100614834332,NaN,0.0,0.0,-0.0020182358144340755,NaN,NaN,NaN,NaN,NaN
battleship,raft,479050.0,19255.884324202492,17664.133556104374,NaN,152927.90816590673,11664.567177586938,571.1354861124455,NaN,NaN,NaN,NaN,NaN,0.0,0.0,-0.001008100614834332,NaN,0.0,0.0,-0.0020182358144340755,NaN,NaN,NaN,NaN,NaN
battleship,sub-district,479050.0,19255.884324202492,17664.133556104374,NaN,152927.90816590673,11664.567177586938,571.1354861124455,NaN,NaN,NaN,NaN,NaN,0.0,0.0,-0.001008100614834332,NaN,0.0,0.0,-0.0020182358144340755,NaN,NaN,NaN,NaN,NaN
battleship,topsid,479050.0,19255.884324202492,17664.133556104374,NaN,152927.90816590673,11664.567177586938,571.1354861124455,NaN,NaN,NaN,NaN,NaN,0.0,0.0,-0.001008100614834332,NaN,0.0,0.0,-0.0020182358144340755,NaN,NaN,NaN,NaN,NaN
battleship,turbin,479050.0,19255.884324202492,17664.133556104374,NaN,152927.90816590673,11664.567177586938,571.1354861124455,NaN,NaN,NaN,NaN,NaN,0.0,0.0,-0.001008100614834332,NaN,0.0,0.0,-0.0020182358144340755,NaN,NaN,NaN,NaN,NaN
birch,acacia,38056.0,430.05465610282187,7996.420620092605,NaN,7391.810197779702,183.93405806404496,384.24619965449097,NaN,NaN,NaN,NaN,NaN,0.0,0.0,-6.060556080360738E-4,NaN,0.0,0.0,-0.0012128462683547697,NaN,NaN,NaN,NaN,NaN
blous,acorn,90704.0,1701.1525521353112,12251.356339088228,NaN,18617.029247439023,417.77856830707435,468.4325685856113,NaN,NaN,NaN,NaN,NaN,0.0,0.0,-5.995984133874378E-4,NaN,0.0,0.0,-0.0011999162946813643,NaN,NaN,NaN,NaN,NaN
blous,artwork,112379.0,4411.613912203517,9357.92129202225,NaN,37645.15332682283,2599.6541385459195,402.0544848178483,NaN,NaN,NaN,NaN,NaN,0.0,0.0,-0.001215159301258568,NaN,0.0,0.0,-0.002433275419776001,NaN,NaN,NaN,NaN,NaN
blous,ballot,370194.0,6874.284201942521,29775.078068089937,NaN,44921.46794128616,1792.4821133348562,706.5788154349295,NaN,NaN,NaN,NaN,NaN,0.0,0.0,-0.0024417721556294135,NaN,0.0,0.0,-0.0048954980019679725,NaN,NaN,NaN,NaN,NaN
bomb,arm,1.4781175E7,228276.28429587715,456204.5468751137,NaN,2318727.9207433974,45729.52810994499,3057.108588122871,NaN,NaN,NaN,NaN,NaN,0.0,0.0,-0.0014779400963453862,NaN,0.0,0.0,-0.0029602552726536464,NaN,NaN,NaN,NaN,NaN
bookcas,arm,1.4781175E7,228276.28429587715,456204.5468751137,NaN,2318727.9207433974,45729.52810994499,3057.108588122871,NaN,NaN,NaN,NaN,NaN,0.0,0.0,-0.0014779400963453862,NaN,0.0,0.0,-0.0029602552726536464,NaN,NaN,NaN,NaN,NaN
bookcas,balconi,305606.0,7732.298025046925,25252.726518997057,NaN,45855.38777504776,2764.4527815217434,674.9256025044417,NaN,NaN,NaN,NaN,NaN,0.0,0.0,-2.400373919639849E-4,NaN,0.0,0.0,-4.801900474946175E-4,NaN,NaN,NaN,NaN,NaN
bowl,artefact,62270.0,1717.5920489661219,10455.2216347531,NaN,7943.773158896218,375.6447778477948,419.0889215543892,NaN,NaN,NaN,NaN,NaN,0.0,0.0,-3.087780380281144E-4,NaN,0.0,0.0,-6.177468227081428E-4,NaN,NaN,NaN,NaN,NaN
bu,battleship,479050.0,19255.884324202492,17664.133556104374,NaN,152927.90816590673,11664.567177586938,571.1354861124455,NaN,NaN,NaN,NaN,NaN,0.0,0.0,-0.001008100614834332,NaN,0.0,0.0,-0.0020182358144340755,NaN,NaN,NaN,NaN,NaN
butterfli,ant,807771.0,36348.23133737031,84853.29583994669,NaN,107417.92901094304,6630.105497073167,1337.5488038039055,NaN,NaN,NaN,NaN,NaN,0.0,0.0,-6.530689100733029E-4,NaN,0.0,0.0,-0.0013069913755797311,NaN,NaN,NaN,NaN,NaN
cabbag,axl,141986.0,3883.7831741606583,17094.07873042656,NaN,22070.561569656536,523.8110173429702,559.2211077020893,NaN,NaN,NaN,NaN,NaN,0.0,0.0,-0.0022070933868650095,NaN,0.0,0.0,-0.004423950846386896,NaN,NaN,NaN,NaN,NaN
catfish,barbel,20524.0,679.7153016972921,4142.154556820636,NaN,2965.370465894607,97.70368722791376,275.204701184387,NaN,NaN,NaN,NaN,NaN,0.0,0.0,0.0,NaN,0.0,0.0,0.0,NaN,NaN,NaN,NaN,NaN
cello,acolyt,13950.0,146.87878401628834,3636.2382496757336,NaN,1812.766945859285,23.510496779826198,250.29974528601693,NaN,NaN,NaN,NaN,NaN,0.0,0.0,0.0,NaN,0.0,0.0,0.0,NaN,NaN,NaN,NaN,NaN
cello,bagpip,12487.0,227.48311214183784,2990.734100439302,NaN,1957.7893145075648,77.96557095508282,230.34554248749896,NaN,NaN,NaN,NaN,NaN,0.0,0.0,-9.542062402255776E-4,NaN,0.0,0.0,-0.0019102352388363514,NaN,NaN,NaN,NaN,NaN
cloak,apparel,244580.0,10726.40775902397,29403.20219965341,NaN,42525.00772486702,3745.3069243252216,738.2167775816773,NaN,NaN,NaN,NaN,NaN,0.0,0.0,-1.844875824648446E-4,NaN,0.0,0.0,-3.6904324882649017E-4,NaN,NaN,NaN,NaN,NaN
coat,banner,782334.0,21420.007701282735,62102.20587673418,NaN,146961.00986996517,2940.7234937232374,1110.7378292660146,NaN,NaN,NaN,NaN,NaN,0.0,0.0,-9.614223358133051E-4,NaN,0.0,0.0,-0.0019246951165012454,NaN,NaN,NaN,NaN,NaN
corkscrew,artefact,62270.0,1717.5920489661219,10455.2216347531,NaN,7943.773158896218,375.6447778477948,419.0889215543892,NaN,NaN,NaN,NaN,NaN,0.0,0.0,-3.087780380281144E-4,NaN,0.0,0.0,-6.177468227081428E-4,NaN,NaN,NaN,NaN,NaN
cow,anim,1.3663915E7,274767.61811788974,432402.6434567383,NaN,1438250.8087148778,26805.375333207467,3003.790994602017,NaN,NaN,NaN,NaN,NaN,0.0,0.0,-0.001618507373432473,NaN,0.0,0.0,-0.0032422623724213157,NaN,NaN,NaN,NaN,NaN
cucumb,applianc,635858.0,15317.980567244615,41496.506735799194,NaN,85750.92279386852,2255.895557223852,870.7506596682455,NaN,NaN,NaN,NaN,NaN,0.0,0.0,-0.01699444306598084,NaN,0.0,0.0,-0.03457649439741984,NaN,NaN,NaN,NaN,NaN
dress,artefact,62270.0,1717.5920489661219,10455.2216347531,NaN,7943.773158896218,375.6447778477948,419.0889215543892,NaN,NaN,NaN,NaN,NaN,0.0,0.0,-3.087780380281144E-4,NaN,0.0,0.0,-6.177468227081428E-4,NaN,NaN,NaN,NaN,NaN
dresser,acceler,3985155.0,99871.32679392192,123314.52600138915,NaN,442827.14608185436,16404.44559338132,1474.9226203515623,NaN,NaN,NaN,NaN,NaN,0.0,0.0,-0.002305498280258807,NaN,0.0,0.0,-0.004621651770726977,NaN,NaN,NaN,NaN,NaN
dresser,apostol,80738.0,2111.2950373779863,9851.659861253129,NaN,22823.514321856746,645.5006615802737,428.9195247404772,NaN,NaN,NaN,NaN,NaN,0.0,0.0,-0.0012051183619605343,NaN,0.0,0.0,-0.0024131448490887757,NaN,NaN,NaN,NaN,NaN
ferri,artifact,408087.0,11153.139565921349,37069.869609931586,NaN,49213.1286650219,1302.3646220383328,814.7249309246342,NaN,NaN,NaN,NaN,NaN,0.0,0.0,-7.57122270553218E-4,NaN,0.0,0.0,-0.00151539187804592,NaN,NaN,NaN,NaN,NaN
fighter,back,2.6779916E7,576215.5151097359,347410.0459626675,NaN,9321403.379679156,217056.83877857192,2625.529170935724,NaN,NaN,NaN,NaN,NaN,0.0,0.0,-0.004231638534013985,NaN,0.0,0.0,-0.00849924279133372,NaN,NaN,NaN,NaN,NaN
flute,bass,704058.0,12467.413061642796,52800.98546118422,NaN,115219.47298091586,2472.0036997932766,1011.9068710226813,NaN,NaN,NaN,NaN,NaN,0.0,0.0,-6.149900751426679E-4,NaN,0.0,0.0,-0.001230737041350877,NaN,NaN,NaN,NaN,NaN
fork,anniversari,1222747.0,82904.40284622587,21331.804178863244,NaN,593360.0206055342,58432.7787696374,654.0534661358146,NaN,NaN,NaN,NaN,NaN,0.0,0.0,-0.001107069404508824,NaN,0.0,0.0,-0.002216592731012409,NaN,NaN,NaN,NaN,NaN
frigat,ambul,158120.0,2752.147465589041,20214.475053108927,NaN,23162.987458443265,369.8276255191457,597.6678681853931,NaN,NaN,NaN,NaN,NaN,0.0,0.0,-6.122749430895101E-4,NaN,0.0,0.0,-0.0012253001067321371,NaN,NaN,NaN,NaN,NaN
frigat,artefact,62270.0,1717.5920489661219,10455.2216347531,NaN,7943.773158896218,375.6447778477948,419.0889215543892,NaN,NaN,NaN,NaN,NaN,0.0,0.0,-3.087780380281144E-4,NaN,0.0,0.0,-6.177468227081428E-4,NaN,NaN,NaN,NaN,NaN
frigat,averag,9355832.0,379520.4819973375,195179.5932706434,NaN,2017631.3844277898,121924.41856472219,1974.6212726030456,NaN,NaN,NaN,NaN,NaN,0.0,0.0,-0.0036292826009361088,NaN,0.0,0.0,-0.007285004542104617,NaN,NaN,NaN,NaN,NaN
glider,back,2.6779916E7,576215.5151097359,347410.0459626675,NaN,9321403.379679156,217056.83877857192,2625.529170935724,NaN,NaN,NaN,NaN,NaN,0.0,0.0,-0.004231638534013985,NaN,0.0,0.0,-0.00849924279133372,NaN,NaN,NaN,NaN,NaN
goat,anim,1.3663915E7,274767.61811788974,432402.6434567383,NaN,1438250.8087148778,26805.375333207467,3003.790994602017,NaN,NaN,NaN,NaN,NaN,0.0,0.0,-0.001618507373432473,NaN,0.0,0.0,-0.0032422623724213157,NaN,NaN,NaN,NaN,NaN
goat,antelop,118110.0,1786.6721338899129,16457.8729084663,NaN,22001.567898674857,248.1282268282741,557.1758243952229,NaN,NaN,NaN,NaN,NaN,0.0,0.0,0.0,NaN,0.0,0.0,0.0,NaN,NaN,NaN,NaN,NaN
goldfish,actor,3011846.0,117025.26256503319,109984.18013747522,NaN,374734.18204108364,31390.63435516551,1459.2618005862869,NaN,NaN,NaN,NaN,NaN,0.0,0.0,-0.0011418765915082764,NaN,0.0,0.0,-0.002286363928466137,NaN,NaN,NaN,NaN,NaN
gorilla,arm,1.4781175E7,228276.28429587715,456204.5468751137,NaN,2318727.9207433974,45729.52810994499,3057.108588122871,NaN,NaN,NaN,NaN,NaN,0.0,0.0,-0.0014779400963453862,NaN,0.0,0.0,-0.0029602552726536464,NaN,NaN,NaN,NaN,NaN
grasshopp,anim,1.3663915E7,274767.61811788974,432402.6434567383,NaN,1438250.8087148778,26805.375333207467,3003.790994602017,NaN,NaN,NaN,NaN,NaN,0.0,0.0,-0.001618507373432473,NaN,0.0,0.0,-0.0032422623724213157,NaN,NaN,NaN,NaN,NaN
guitar,bagpip,12487.0,227.48311214183784,2990.734100439302,NaN,1957.7893145075648,77.96557095508282,230.34554248749896,NaN,NaN,NaN,NaN,NaN,0.0,0.0,-9.542062402255776E-4,NaN,0.0,0.0,-0.0019102352388363514,NaN,NaN,NaN,NaN,NaN
gun,approv,1.7141011E7,457345.27697027224,286610.41342019517,NaN,2584272.505691882,83482.42801882036,2357.868849282939,NaN,NaN,NaN,NaN,NaN,0.0,0.0,-0.0025462002253031297,NaN,0.0,0.0,-0.005105399820780196,NaN,NaN,NaN,NaN,NaN
hammer,artifact,408087.0,11153.139565921349,37069.869609931586,NaN,49213.1286650219,1302.3646220383328,814.7249309246342,NaN,NaN,NaN,NaN,NaN,0.0,0.0,-7.57122270553218E-4,NaN,0.0,0.0,-0.00151539187804592,NaN,NaN,NaN,NaN,NaN
helicopt,access,1.8240243E7,428553.893804329,245684.3264666272,NaN,6676247.602332391,79950.93007749875,2191.751666601263,NaN,NaN,NaN,NaN,NaN,0.0,0.0,-0.004457753919000696,NaN,0.0,0.0,-0.008955428936439126,NaN,NaN,NaN,NaN,NaN
helicopt,aeroplan,71419.0,885.8466823082885,11911.38715516899,NaN,9074.379262517079,145.57597199254727,442.42458706373594,NaN,NaN,NaN,NaN,NaN,0.0,0.0,-7.838811001435039E-4,NaN,0.0,0.0,-0.0015689921035432497,NaN,NaN,NaN,NaN,NaN
hornet,anim,1.3663915E7,274767.61811788974,432402.6434567383,NaN,1438250.8087148778,26805.375333207467,3003.790994602017,NaN,NaN,NaN,NaN,NaN,0.0,0.0,-0.001618507373432473,NaN,0.0,0.0,-0.0032422623724213157,NaN,NaN,NaN,NaN,NaN
hospit,barlei,365475.0,7962.483397981805,25927.716670022048,NaN,102294.05161102966,1649.0046053393837,717.2793572867527,NaN,NaN,NaN,NaN,NaN,0.0,0.0,-3.198961989550414E-4,NaN,0.0,0.0,-6.399971305594907E-4,NaN,NaN,NaN,NaN,NaN
hotel,arteri,8997570.0,172065.1979935889,109692.84334320643,NaN,1241568.9771100115,23923.58180976769,1503.9048637933713,NaN,NaN,NaN,NaN,NaN,0.0,0.0,-0.0015221337603850793,NaN,0.0,0.0,-0.0030489083671280835,NaN,NaN,NaN,NaN,NaN
jar,artefact,62270.0,1717.5920489661219,10455.2216347531,NaN,7943.773158896218,375.6447778477948,419.0889215543892,NaN,NaN,NaN,NaN,NaN,0.0,0.0,-3.087780380281144E-4,NaN,0.0,0.0,-6.177468227081428E-4,NaN,NaN,NaN,NaN,NaN
jet,battleship,479050.0,19255.884324202492,17664.133556104374,NaN,152927.90816590673,11664.567177586938,571.1354861124455,NaN,NaN,NaN,NaN,NaN,0.0,0.0,-0.001008100614834332,NaN,0.0,0.0,-0.0020182358144340755,NaN,NaN,NaN,NaN,NaN
knife,abort,734270.0,11647.952264422245,50501.248113483394,NaN,98742.47156112712,1106.1384779206921,934.9844688699234,NaN,NaN,NaN,NaN,NaN,0.0,0.0,-0.00126721316119388,NaN,0.0,0.0,-0.0025376420557992672,NaN,NaN,NaN,NaN,NaN
lemon,barrow,391272.0,9453.761769537487,35894.8481595192,NaN,48037.7697234166,3424.4361197191793,811.7082353817417,NaN,NaN,NaN,NaN,NaN,0.0,0.0,-1.699952506912467E-4,NaN,0.0,0.0,-3.4004830797985556E-4,NaN,NaN,NaN,NaN,NaN
motorcycl,assault,2176687.0,82760.63986988427,121318.2155241545,NaN,285968.7354607143,11588.665055657999,1534.435696750505,NaN,NaN,NaN,NaN,NaN,0.0,0.0,-9.172585434596058E-4,NaN,0.0,0.0,-0.001836201358302627,NaN,NaN,NaN,NaN,NaN
mug,architect,1727308.0,65947.23097088563,110690.83600614895,NaN,306466.65059350256,19763.829826269983,1519.4053997816584,NaN,NaN,NaN,NaN,NaN,0.0,0.0,-6.837868849540697E-4,NaN,0.0,0.0,-0.0013685095387826935,NaN,NaN,NaN,NaN,NaN
mug,bag,3763038.0,119962.29578448276,144185.12373365724,NaN,430634.599408826,20217.303092692484,1723.6013221005508,NaN,NaN,NaN,NaN,NaN,0.0,0.0,-0.0012722787060153536,NaN,0.0,0.0,-0.002547798922346817,NaN,NaN,NaN,NaN,NaN
peach,appl,1675034.0,78371.50539214094,96599.08678565998,NaN,288744.9601638096,15413.461753545896,1422.513994832614,NaN,NaN,NaN,NaN,NaN,0.0,0.0,-5.348589046839848E-4,NaN,0.0,0.0,-0.0010702902636460774,NaN,NaN,NaN,NaN,NaN
penguin,anim,1.3663915E7,274767.61811788974,432402.6434567383,NaN,1438250.8087148778,26805.375333207467,3003.790994602017,NaN,NaN,NaN,NaN,NaN,0.0,0.0,-0.001618507373432473,NaN,0.0,0.0,-0.0032422623724213157,NaN,NaN,NaN,NaN,NaN
phone,applianc,635858.0,15317.980567244615,41496.506735799194,NaN,85750.92279386852,2255.895557223852,870.7506596682455,NaN,NaN,NaN,NaN,NaN,0.0,0.0,-0.01699444306598084,NaN,0.0,0.0,-0.03457649439741984,NaN,NaN,NaN,NaN,NaN
piano,back,2.6779916E7,576215.5151097359,347410.0459626675,NaN,9321403.379679156,217056.83877857192,2625.529170935724,NaN,NaN,NaN,NaN,NaN,0.0,0.0,-0.004231638534013985,NaN,0.0,0.0,-0.00849924279133372,NaN,NaN,NaN,NaN,NaN
piano,banjo,21969.0,692.4147274498247,4316.805513625101,NaN,5445.4200021669585,335.0965890001487,289.58325511646933,NaN,NaN,NaN,NaN,NaN,0.0,0.0,-9.290432001036509E-4,NaN,0.0,0.0,-0.0018598142479878505,NaN,NaN,NaN,NaN,NaN
pineappl,appl,1675034.0,78371.50539214094,96599.08678565998,NaN,288744.9601638096,15413.461753545896,1422.513994832614,NaN,NaN,NaN,NaN,NaN,0.0,0.0,-5.348589046839848E-4,NaN,0.0,0.0,-0.0010702902636460774,NaN,NaN,NaN,NaN,NaN
pub,bar,7174684.0,171554.1995335028,330451.76352849865,NaN,693898.353964037,15457.171472890714,2573.8634805997067,NaN,NaN,NaN,NaN,NaN,0.0,0.0,-0.0013827143370269052,NaN,0.0,0.0,-0.00276925776647043,NaN,NaN,NaN,NaN,NaN
rabbit,audit,666178.0,2840.015010388844,37070.323427090116,NaN,97215.3144005614,536.4919820516689,748.3008208449766,NaN,NaN,NaN,NaN,NaN,0.0,0.0,-0.0015113542827434124,NaN,0.0,0.0,-0.0030272838639196402,NaN,NaN,NaN,NaN,NaN
radio,affin,1250750.0,45009.65650014981,51040.29639187442,NaN,264704.04214140744,13519.62337884965,979.4406050774581,NaN,NaN,NaN,NaN,NaN,0.0,0.0,-0.0010080094389874265,NaN,0.0,0.0,-0.0020180530945425297,NaN,NaN,NaN,NaN,NaN
restaur,batteri,2129686.0,52029.81692021378,99603.61896655864,NaN,317079.70063692186,8664.19400107872,1373.8204924603167,NaN,NaN,NaN,NaN,NaN,0.0,0.0,-0.001172663989402446,NaN,0.0,0.0,-0.002348081489411707,NaN,NaN,NaN,NaN,NaN
revolv,apostl,820249.0,28185.872381739777,54809.43446539157,NaN,148748.5940941964,4806.96124399717,1030.0041671273661,NaN,NaN,NaN,NaN,NaN,0.0,0.0,-8.018604283185909E-4,NaN,0.0,0.0,-0.0016050078489183702,NaN,NaN,NaN,NaN,NaN
rifl,barrel,1707833.0,28243.76178964278,84902.38766897569,NaN,358555.07492852473,4740.435119995151,1286.033928446627,NaN,NaN,NaN,NaN,NaN,0.0,0.0,-0.0011019657052490513,NaN,0.0,0.0,-0.0022063627465781707,NaN,NaN,NaN,NaN,NaN
saxophon,bagpip,12487.0,227.48311214183784,2990.734100439302,NaN,1957.7893145075648,77.96557095508282,230.34554248749896,NaN,NaN,NaN,NaN,NaN,0.0,0.0,-9.542062402255776E-4,NaN,0.0,0.0,-0.0019102352388363514,NaN,NaN,NaN,NaN,NaN
scarf,aircrew,3548.0,119.43828704158291,966.830696446715,NaN,799.4448073507014,43.799295449445026,127.84184752368483,NaN,NaN,NaN,NaN,NaN,0.0,0.0,0.0,NaN,0.0,0.0,0.0,NaN,NaN,NaN,NaN,NaN
scarf,apron,254806.0,5675.106775344194,23583.584984220714,NaN,43097.48795463605,1242.7693590611689,672.1655813276583,NaN,NaN,NaN,NaN,NaN,0.0,0.0,-7.663936404497844E-4,NaN,0.0,0.0,-0.0015339629003110527,NaN,NaN,NaN,NaN,NaN
spoon,ax,1699754.0,76251.26767961153,105904.35277643049,NaN,241783.53260716496,8951.659122299923,1499.0756341758972,NaN,NaN,NaN,NaN,NaN,0.0,0.0,-0.0012671000978611376,NaN,0.0,0.0,-0.002537415354966867,NaN,NaN,NaN,NaN,NaN
stereo,bacterium,147940.0,1665.8014314169757,18330.277922668283,NaN,16715.533554152556,281.3482333232931,593.8147824913156,NaN,NaN,NaN,NaN,NaN,0.0,0.0,-3.6280611647057897E-4,NaN,0.0,0.0,-7.258755850432083E-4,NaN,NaN,NaN,NaN,NaN
sword,admin,103028.0,2769.1067156932745,15626.403063622298,NaN,10438.411181784324,605.928111386468,537.0072196268641,NaN,NaN,NaN,NaN,NaN,0.0,0.0,-4.8199177437426146E-4,NaN,0.0,0.0,-9.644484049465155E-4,NaN,NaN,NaN,NaN,NaN
sword,artifact,408087.0,11153.139565921349,37069.869609931586,NaN,49213.1286650219,1302.3646220383328,814.7249309246342,NaN,NaN,NaN,NaN,NaN,0.0,0.0,-7.57122270553218E-4,NaN,0.0,0.0,-0.00151539187804592,NaN,NaN,NaN,NaN,NaN
sword,bazooka,4297.0,107.4413671913956,712.7708646579578,NaN,1481.0526661803758,32.974239974130676,110.1478146887094,NaN,NaN,NaN,NaN,NaN,0.0,0.0,0.0,NaN,0.0,0.0,0.0,NaN,NaN,NaN,NaN,NaN
tanker,anglai,281795.0,8044.29075877442,16402.102441107363,NaN,48454.75160394489,2735.1107843197974,584.6915835791436,NaN,NaN,NaN,NaN,NaN,0.0,0.0,-0.00271226843807029,NaN,0.0,0.0,-0.005439289689891995,NaN,NaN,NaN,NaN,NaN
tiger,assassin,1797721.0,30120.645588512067,107144.35142239321,NaN,393055.00000508834,7242.961196452094,1466.9763274879342,NaN,NaN,NaN,NaN,NaN,0.0,0.0,-0.0013796525141205331,NaN,0.0,0.0,-0.002763117169791179,NaN,NaN,NaN,NaN,NaN
trout,anim,1.3663915E7,274767.61811788974,432402.6434567383,NaN,1438250.8087148778,26805.375333207467,3003.790994602017,NaN,NaN,NaN,NaN,NaN,0.0,0.0,-0.001618507373432473,NaN,0.0,0.0,-0.0032422623724213157,NaN,NaN,NaN,NaN,NaN
truck,artefact,62270.0,1717.5920489661219,10455.2216347531,NaN,7943.773158896218,375.6447778477948,419.0889215543892,NaN,NaN,NaN,NaN,NaN,0.0,0.0,-3.087780380281144E-4,NaN,0.0,0.0,-6.177468227081428E-4,NaN,NaN,NaN,NaN,NaN
truck,battleship,479050.0,19255.884324202492,17664.133556104374,NaN,152927.90816590673,11664.567177586938,571.1354861124455,NaN,NaN,NaN,NaN,NaN,0.0,0.0,-0.001008100614834332,NaN,0.0,0.0,-0.0020182358144340755,NaN,NaN,NaN,NaN,NaN
tuna,anim,1.3663915E7,274767.61811788974,432402.6434567383,NaN,1438250.8087148778,26805.375333207467,3003.790994602017,NaN,NaN,NaN,NaN,NaN,0.0,0.0,-0.001618507373432473,NaN,0.0,0.0,-0.0032422623724213157,NaN,NaN,NaN,NaN,NaN
turnip,addit,1.0087015E7,144061.55078461138,118650.89991839508,NaN,6291885.308169166,100908.46465619555,1469.7059846319564,NaN,NaN,NaN,NaN,NaN,0.0,0.0,-0.005090102224232185,NaN,0.0,0.0,-0.010232287839555475,NaN,NaN,NaN,NaN,NaN
vest,artifact,408087.0,11153.139565921349,37069.869609931586,NaN,49213.1286650219,1302.3646220383328,814.7249309246342,NaN,NaN,NaN,NaN,NaN,0.0,0.0,-7.57122270553218E-4,NaN,0.0,0.0,-0.00151539187804592,NaN,NaN,NaN,NaN,NaN
wardrob,alleg,4665569.0,80451.53189074578,143392.5010326521,NaN,581272.463592591,13929.350211455177,1612.2228119515892,NaN,NaN,NaN,NaN,NaN,0.0,0.0,-0.0017352212992727707,NaN,0.0,0.0,-0.0034764750521023404,NaN,NaN,NaN,NaN,NaN
washer,applianc,635858.0,15317.980567244615,41496.506735799194,NaN,85750.92279386852,2255.895557223852,870.7506596682455,NaN,NaN,NaN,NaN,NaN,0.0,0.0,-0.01699444306598084,NaN,0.0,0.0,-0.03457649439741984,NaN,NaN,NaN,NaN,NaN
yacht,ag,4.1927126E7,1135919.398079164,721209.1789040985,NaN,7386894.937523479,259491.8993938498,3966.531651290756,NaN,NaN,NaN,NaN,NaN,0.0,0.0,-0.0019619414820799042,NaN,0.0,0.0,-0.003931596526475902,NaN,NaN,NaN,NaN,NaN
yacht,artifact,408087.0,11153.139565921349,37069.869609931586,NaN,49213.1286650219,1302.3646220383328,814.7249309246342,NaN,NaN,NaN,NaN,NaN,0.0,0.0,-7.57122270553218E-4,NaN,0.0,0.0,-0.00151539187804592,NaN,NaN,NaN,NaN,NaN
