w1,w2,c1,c2,c3,c4,c5,c6,c7,c8,c9,c10,c11,c12,c13,c14,c15,c16,c17,c18,c19,c20,c21,c22,c23,c24
acacia,moor,38056.0,430.05465610282187,7996.420620092605,NaN,7391.810197779702,183.93405806404496,384.24619965449097,NaN,NaN,NaN,NaN,NaN,0.0,0.0,-6.060556080360738E-4,NaN,0.0,0.0,-0.0012128462683547697,NaN,NaN,NaN,NaN,NaN
allig,altern,2729241.0,65613.01314329566,221767.42771560632,NaN,148260.34455308676,5131.1702525648625,2061.6843812745014,NaN,0.790353584651642,0.7986807253308498,0.055591878845247494,NaN,0.17731575414252312,0.1955561850275281,0.013893152277491628,NaN,0.3012203880201499,0.3271384272467735,0.027405555006035264,NaN,NaN,NaN,NaN,NaN
allig,contin,57906.0,1289.5972527835818,11733.547323521252,NaN,9023.844191917322,124.35764682300633,476.95225859449016,NaN,NaN,NaN,NaN,NaN,0.0,0.0,0.0,NaN,0.0,0.0,0.0,NaN,NaN,NaN,NaN,NaN
allig,courthous,57906.0,1289.5972527835818,11733.547323521252,NaN,9023.844191917322,124.35764682300633,476.95225859449016,NaN,NaN,NaN,NaN,NaN,0.0,0.0,0.0,NaN,0.0,0.0,0.0,NaN,NaN,NaN,NaN,NaN
allig,skin,57906.0,1289.5972527835818,11733.547323521252,NaN,9023.844191917322,124.35764682300633,476.95225859449016,NaN,NaN,NaN,NaN,NaN,0.0,0.0,0.0,NaN,0.0,0.0,0.0,NaN,NaN,NaN,NaN,NaN
allig,trombon,57906.0,1289.5972527835818,11733.547323521252,NaN,9023.844191917322,124.35764682300633,476.95225859449016,NaN,NaN,NaN,NaN,NaN,0.0,0.0,0.0,NaN,0.0,0.0,0.0,NaN,NaN,NaN,NaN,NaN
allig,turtl,57906.0,1289.5972527835818,11733.547323521252,NaN,9023.844191917322,124.35764682300633,476.95225859449016,NaN,NaN,NaN,NaN,NaN,0.0,0.0,0.0,NaN,0.0,0.0,0.0,NaN,NaN,NaN,NaN,NaN
allig,vitro,57906.0,1289.5972527835818,11733.547323521252,NaN,9023.844191917322,124.35764682300633,476.95225859449016,NaN,NaN,NaN,NaN,NaN,0.0,0.0,0.0,NaN,0.0,0.0,0.0,NaN,NaN,NaN,NaN,NaN
ambul,artifact,319424.0,8469.794762782021,50993.49850816044,NaN,23162.59264417522,622.4245449123227,965.7603885503796,NaN,0.8685829678134763,0.8333419436647651,0.09021456912729615,NaN,0.3211313344271493,0.2662480996005401,0.05704611122265405,NaN,0.48614596605021687,0.42053069960702383,0.10793495310563221,NaN,NaN,NaN,NaN,NaN
ambul,floor,158120.0,2752.147465589041,20214.475053108927,NaN,23162.987458443265,369.8276255191457,597.6678681853931,NaN,NaN,NaN,NaN,NaN,0.0,0.0,-6.122749430895101E-4,NaN,0.0,0.0,-0.0012253001067321371,NaN,NaN,NaN,NaN,NaN
ambul,front,158120.0,2752.147465589041,20214.475053108927,NaN,23162.987458443265,369.8276255191457,597.6678681853931,NaN,NaN,NaN,NaN,NaN,0.0,0.0,-6.122749430895101E-4,NaN,0.0,0.0,-0.0012253001067321371,NaN,NaN,NaN,NaN,NaN
ambul,market,158120.0,2752.147465589041,20214.475053108927,NaN,23162.987458443265,369.8276255191457,597.6678681853931,NaN,NaN,NaN,NaN,NaN,0.0,0.0,-6.122749430895101E-4,NaN,0.0,0.0,-0.0012253001067321371,NaN,NaN,NaN,NaN,NaN
ambul,medic,158120.0,2752.147465589041,20214.475053108927,NaN,23162.987458443265,369.8276255191457,597.6678681853931,NaN,NaN,NaN,NaN,NaN,0.0,0.0,-6.122749430895101E-4,NaN,0.0,0.0,-0.0012253001067321371,NaN,NaN,NaN,NaN,NaN
ambul,physic,158120.0,2752.147465589041,20214.475053108927,NaN,23162.987458443265,369.8276255191457,597.6678681853931,NaN,NaN,NaN,NaN,NaN,0.0,0.0,-6.122749430895101E-4,NaN,0.0,0.0,-0.0012253001067321371,NaN,NaN,NaN,NaN,NaN
ambul,price,158120.0,2752.147465589041,20214.475053108927,NaN,23162.987458443265,369.8276255191457,597.6678681853931,NaN,NaN,NaN,NaN,NaN,0.0,0.0,-6.122749430895101E-4,NaN,0.0,0.0,-0.0012253001067321371,NaN,NaN,NaN,NaN,NaN
ambul,seatbelt,158120.0,2752.147465589041,20214.475053108927,NaN,23162.987458443265,369.8276255191457,597.6678681853931,NaN,NaN,NaN,NaN,NaN,0.0,0.0,-6.122749430895101E-4,NaN,0.0,0.0,-0.0012253001067321371,NaN,NaN,NaN,NaN,NaN
ambul,van,158120.0,2752.147465589041,20214.475053108927,NaN,23162.987458443265,369.8276255191457,597.6678681853931,NaN,NaN,NaN,NaN,NaN,0.0,0.0,-6.122749430895101E-4,NaN,0.0,0.0,-0.0012253001067321371,NaN,NaN,NaN,NaN,NaN
ambul,windshield,158120.0,2752.147465589041,20214.475053108927,NaN,23162.987458443265,369.8276255191457,597.6678681853931,NaN,NaN,NaN,NaN,NaN,0.0,0.0,-6.122749430895101E-4,NaN,0.0,0.0,-0.0012253001067321371,NaN,NaN,NaN,NaN,NaN
ant,arthropod,620833.0,29324.81359788337,86098.96607311672,NaN,83531.00015563084,6332.784259501068,1349.6929193303151,NaN,0.21206869910995332,0.09666626800870098,0.10763267941444854,NaN,0.1281108903104395,0.09210189509911373,0.035222764244981455,NaN,0.22712464069057126,0.16866905096022197,0.0680486663576617,NaN,NaN,NaN,NaN,NaN
ant,creatur,807771.0,36348.23133737031,84853.29583994669,NaN,107417.92901094304,6630.105497073167,1337.5488038039055,NaN,NaN,NaN,NaN,NaN,0.0,0.0,-6.530689100733029E-4,NaN,0.0,0.0,-0.0013069913755797311,NaN,NaN,NaN,NaN,NaN
appl,apricot,736931.0,32621.01372023592,93785.5423696374,NaN,47796.073907801256,3647.327854839766,1401.3673501200205,NaN,0.8990034613861873,0.9122508067627643,0.18455224212148064,NaN,0.3742285392090595,0.43729767722292207,0.05559770118134442,NaN,0.5446379965656187,0.6084998036980738,0.1053388068562932,NaN,NaN,NaN,NaN,NaN
appl,core,1675034.0,78371.50539214094,96599.08678565998,NaN,288744.9601638096,15413.461753545896,1422.513994832614,NaN,NaN,NaN,NaN,NaN,0.0,0.0,-5.348589046839848E-4,NaN,0.0,0.0,-0.0010702902636460774,NaN,NaN,NaN,NaN,NaN
appl,enclosur,1675034.0,78371.50539214094,96599.08678565998,NaN,288744.9601638096,15413.461753545896,1422.513994832614,NaN,NaN,NaN,NaN,NaN,0.0,0.0,-5.348589046839848E-4,NaN,0.0,0.0,-0.0010702902636460774,NaN,NaN,NaN,NaN,NaN
appl,hall,1675034.0,78371.50539214094,96599.08678565998,NaN,288744.9601638096,15413.461753545896,1422.513994832614,NaN,NaN,NaN,NaN,NaN,0.0,0.0,-5.348589046839848E-4,NaN,0.0,0.0,-0.0010702902636460774,NaN,NaN,NaN,NaN,NaN
appl,leaf,1675034.0,78371.50539214094,96599.08678565998,NaN,288744.9601638096,15413.461753545896,1422.513994832614,NaN,NaN,NaN,NaN,NaN,0.0,0.0,-5.348589046839848E-4,NaN,0.0,0.0,-0.0010702902636460774,NaN,NaN,NaN,NaN,NaN
appl,modif,1675034.0,78371.50539214094,96599.08678565998,NaN,288744.9601638096,15413.461753545896,1422.513994832614,NaN,NaN,NaN,NaN,NaN,0.0,0.0,-5.348589046839848E-4,NaN,0.0,0.0,-0.0010702902636460774,NaN,NaN,NaN,NaN,NaN
appl,nonconformist,1675034.0,78371.50539214094,96599.08678565998,NaN,288744.9601638096,15413.461753545896,1422.513994832614,NaN,NaN,NaN,NaN,NaN,0.0,0.0,-5.348589046839848E-4,NaN,0.0,0.0,-0.0010702902636460774,NaN,NaN,NaN,NaN,NaN
appl,seed,1675034.0,78371.50539214094,96599.08678565998,NaN,288744.9601638096,15413.461753545896,1422.513994832614,NaN,NaN,NaN,NaN,NaN,0.0,0.0,-5.348589046839848E-4,NaN,0.0,0.0,-0.0010702902636460774,NaN,NaN,NaN,NaN,NaN
appl,watersport,1675034.0,78371.50539214094,96599.08678565998,NaN,288744.9601638096,15413.461753545896,1422.513994832614,NaN,NaN,NaN,NaN,NaN,0.0,0.0,-5.348589046839848E-4,NaN,0.0,0.0,-0.0010702902636460774,NaN,NaN,NaN,NaN,NaN
apricot,appl,736931.0,32621.01372023592,93785.5423696374,NaN,47796.073907801256,3647.327854839766,1401.3673501200205,NaN,0.8899601251811693,0.9049631131318836,0.18871178915385964,NaN,0.36397445302722997,0.42088817621574115,0.05651372662632985,NaN,0.5336968771217355,0.5924296975103209,0.10698152840245614,NaN,NaN,NaN,NaN,NaN
apricot,chariti,83982.0,3018.8796705079694,8332.379762939023,NaN,24488.657701066426,1001.0157512856856,407.73961777705824,NaN,NaN,NaN,NaN,NaN,0.0,0.0,-2.4644373587945204E-4,NaN,0.0,0.0,-4.930089707314731E-4,NaN,NaN,NaN,NaN,NaN
apricot,hypermarket,83982.0,3018.8796705079694,8332.379762939023,NaN,24488.657701066426,1001.0157512856856,407.73961777705824,NaN,NaN,NaN,NaN,NaN,0.0,0.0,-2.4644373587945204E-4,NaN,0.0,0.0,-4.930089707314731E-4,NaN,NaN,NaN,NaN,NaN
ax,ecology-conserv,1699754.0,76251.26767961153,105904.35277643049,NaN,241783.53260716496,8951.659122299923,1499.0756341758972,NaN,NaN,NaN,NaN,NaN,0.0,0.0,-0.0012671000978611376,NaN,0.0,0.0,-0.002537415354966867,NaN,NaN,NaN,NaN,NaN
ax,religion,1699754.0,76251.26767961153,105904.35277643049,NaN,241783.53260716496,8951.659122299923,1499.0756341758972,NaN,NaN,NaN,NaN,NaN,0.0,0.0,-0.0012671000978611376,NaN,0.0,0.0,-0.002537415354966867,NaN,NaN,NaN,NaN,NaN
ax,skunk,1699754.0,76251.26767961153,105904.35277643049,NaN,241783.53260716496,8951.659122299923,1499.0756341758972,NaN,NaN,NaN,NaN,NaN,0.0,0.0,-0.0012671000978611376,NaN,0.0,0.0,-0.002537415354966867,NaN,NaN,NaN,NaN,NaN
bag,condit,3763038.0,119962.29578448276,144185.12373365724,NaN,430634.599408826,20217.303092692484,1723.6013221005508,NaN,NaN,NaN,NaN,NaN,0.0,0.0,-0.0012722787060153536,NaN,0.0,0.0,-0.002547798922346817,NaN,NaN,NaN,NaN,NaN
bag,everybodi,3763038.0,119962.29578448276,144185.12373365724,NaN,430634.599408826,20217.303092692484,1723.6013221005508,NaN,NaN,NaN,NaN,NaN,0.0,0.0,-0.0012722787060153536,NaN,0.0,0.0,-0.002547798922346817,NaN,NaN,NaN,NaN,NaN
bag,handl,3763038.0,119962.29578448276,144185.12373365724,NaN,430634.599408826,20217.303092692484,1723.6013221005508,NaN,NaN,NaN,NaN,NaN,0.0,0.0,-0.0012722787060153536,NaN,0.0,0.0,-0.002547798922346817,NaN,NaN,NaN,NaN,NaN
bag,kei,3763038.0,119962.29578448276,144185.12373365724,NaN,430634.599408826,20217.303092692484,1723.6013221005508,NaN,NaN,NaN,NaN,NaN,0.0,0.0,-0.0012722787060153536,NaN,0.0,0.0,-0.002547798922346817,NaN,NaN,NaN,NaN,NaN
bag,luggag,3763038.0,119962.29578448276,144185.12373365724,NaN,430634.599408826,20217.303092692484,1723.6013221005508,NaN,NaN,NaN,NaN,NaN,0.0,0.0,-0.0012722787060153536,NaN,0.0,0.0,-0.002547798922346817,NaN,NaN,NaN,NaN,NaN
banana,lime,274739.0,12726.60745852105,22639.04061653705,NaN,76603.43217506641,7380.120952640315,669.8223043258985,NaN,NaN,NaN,NaN,NaN,0.0,0.0,-3.7238755606367277E-4,NaN,0.0,0.0,-7.45052560429463E-4,NaN,NaN,NaN,NaN,NaN
banana,mark,274739.0,12726.60745852105,22639.04061653705,NaN,76603.43217506641,7380.120952640315,669.8223043258985,NaN,NaN,NaN,NaN,NaN,0.0,0.0,-3.7238755606367277E-4,NaN,0.0,0.0,-7.45052560429463E-4,NaN,NaN,NaN,NaN,NaN
banana,pear,274739.0,12726.60745852105,22639.04061653705,NaN,76603.43217506641,7380.120952640315,669.8223043258985,NaN,NaN,NaN,NaN,NaN,0.0,0.0,-3.7238755606367277E-4,NaN,0.0,0.0,-7.45052560429463E-4,NaN,NaN,NaN,NaN,NaN
banana,recal,274739.0,12726.60745852105,22639.04061653705,NaN,76603.43217506641,7380.120952640315,669.8223043258985,NaN,NaN,NaN,NaN,NaN,0.0,0.0,-3.7238755606367277E-4,NaN,0.0,0.0,-7.45052560429463E-4,NaN,NaN,NaN,NaN,NaN
battleship,UAE,479050.0,19255.884324202492,17664.133556104374,NaN,152927.90816590673,11664.567177586938,571.1354861124455,NaN,NaN,NaN,NaN,NaN,0.0,0.0,-0.001008100614834332,NaN,0.0,0.0,-0.0020182358144340755,NaN,NaN,NaN,NaN,NaN
battleship,batteri,1347084.0,31915.91292532893,100758.95353656657,NaN,130316.01382792523,4225.882667111213,1391.6712890016227,NaN,0.9119257418081793,0.8759344439039457,0.17268806989493696,NaN,0.36377242892949935,0.362994444902194,0.07364368742715711,NaN,0.5334796645141807,0.5326425889112733,0.13718459539148264,NaN,NaN,NaN,NaN,NaN
battleship,mo,479050.0,19255.884324202492,17664.133556104374,NaN,152927.90816590673,11664.567177586938,571.1354861124455,NaN,NaN,NaN,NaN,NaN,0.0,0.0,-0.001008100614834332,NaN,0.0,0.0,-0.0020182358144340755,NaN,NaN,NaN,NaN,NaN
battleship,path,479050.0,19255.884324202492,17664.133556104374,NaN,152927.90816590673,11664.567177586938,571.1354861124455,NaN,NaN,NaN,NaN,NaN,0.0,0.0,-0.001008100614834332,NaN,0.0,0.0,-0.0020182358144340755,NaN,NaN,NaN,NaN,NaN
battleship,placehold,479050.0,19255.884324202492,17664.133556104374,NaN,152927.90816590673,11664.567177586938,571.1354861124455,NaN,NaN,NaN,NaN,NaN,0.0,0.0,-0.001008100614834332,NaN,0.0,0.0,-0.0020182358144340755,NaN,NaN,NaN,NaN,NaN
battleship,praetor,479050.0,19255.884324202492,17664.133556104374,NaN,152927.90816590673,11664.567177586938,571.1354861124455,NaN,NaN,NaN,NaN,NaN,0.0,0.0,-0.001008100614834332,NaN,0.0,0.0,-0.0020182358144340755,NaN,NaN,NaN,NaN,NaN
battleship,rudder,479050.0,19255.884324202492,17664.133556104374,NaN,152927.90816590673,11664.567177586938,571.1354861124455,NaN,NaN,NaN,NaN,NaN,0.0,0.0,-0.001008100614834332,NaN,0.0,0.0,-0.0020182358144340755,NaN,NaN,NaN,NaN,NaN
battleship,starboard,479050.0,19255.884324202492,17664.133556104374,NaN,152927.90816590673,11664.567177586938,571.1354861124455,NaN,NaN,NaN,NaN,NaN,0.0,0.0,-0.001008100614834332,NaN,0.0,0.0,-0.0020182358144340755,NaN,NaN,NaN,NaN,NaN
beetl,arthropod,50817.0,1726.8887375010208,7608.584444555959,NaN,7489.95333763836,250.5655245840993,378.5019209186961,NaN,NaN,NaN,NaN,NaN,0.0,0.0,-0.0013060761247334009,NaN,0.0,0.0,-0.002615568380881679,NaN,NaN,NaN,NaN,NaN
birch,arteri,8997570.0,172065.1979935889,109692.84334320643,NaN,1241568.9771100115,23923.58180976769,1503.9048637933713,NaN,NaN,NaN,NaN,NaN,0.0,0.0,-0.0015221337603850793,NaN,0.0,0.0,-0.0030489083671280835,NaN,NaN,NaN,NaN,NaN
blous,arm,1.4781175E7,228276.28429587715,456204.5468751137,NaN,2318727.9207433974,45729.52810994499,3057.108588122871,NaN,NaN,NaN,NaN,NaN,0.0,0.0,-0.0014779400963453862,NaN,0.0,0.0,-0.0029602552726536464,NaN,NaN,NaN,NaN,NaN
bomb,alloi,1977785.0,46667.66982454938,80562.59658690069,NaN,218943.60221527368,4583.73344120445,1282.3757459457124,NaN,NaN,NaN,NaN,NaN,0.0,0.0,-0.0018881300490349263,NaN,0.0,0.0,-0.0037834036562007524,NaN,NaN,NaN,NaN,NaN
bomb,artefact,62270.0,1717.5920489661219,10455.2216347531,NaN,7943.773158896218,375.6447778477948,419.0889215543892,NaN,NaN,NaN,NaN,NaN,0.0,0.0,-3.087780380281144E-4,NaN,0.0,0.0,-6.177468227081428E-4,NaN,NaN,NaN,NaN,NaN
bookcas,anybodi,967700.0,27661.412781876417,51233.071796451535,NaN,130283.99301525879,3583.8949374153576,987.530160682884,NaN,NaN,NaN,NaN,NaN,0.0,0.0,-0.0010634259076104707,NaN,0.0,0.0,-0.0021291159723061987,NaN,NaN,NaN,NaN,NaN
bowl,artifact,408087.0,11153.139565921349,37069.869609931586,NaN,49213.1286650219,1302.3646220383328,814.7249309246342,NaN,NaN,NaN,NaN,NaN,0.0,0.0,-7.57122270553218E-4,NaN,0.0,0.0,-0.00151539187804592,NaN,NaN,NaN,NaN,NaN
bu,ambul,158120.0,2752.147465589041,20214.475053108927,NaN,23162.987458443265,369.8276255191457,597.6678681853931,NaN,NaN,NaN,NaN,NaN,0.0,0.0,-6.122749430895101E-4,NaN,0.0,0.0,-0.0012253001067321371,NaN,NaN,NaN,NaN,NaN
car,ambul,158120.0,2752.147465589041,20214.475053108927,NaN,23162.987458443265,369.8276255191457,597.6678681853931,NaN,NaN,NaN,NaN,NaN,0.0,0.0,-6.122749430895101E-4,NaN,0.0,0.0,-0.0012253001067321371,NaN,NaN,NaN,NaN,NaN
carrot,answer,9.6885301E7,1819566.5970579276,1117403.0424099683,NaN,1.0584994004750546E7,404937.784584995,4976.358815295903,NaN,NaN,NaN,NaN,NaN,0.0,0.0,-0.0022418001699809524,NaN,0.0,0.0,-0.004493674259681104,NaN,NaN,NaN,NaN,NaN
castl,accommod,4626069.0,81877.23881912365,168568.30493098145,NaN,500753.35526484495,9843.234429043792,1757.2561646011434,NaN,NaN,NaN,NaN,NaN,0.0,0.0,-0.0017933158425780446,NaN,0.0,0.0,-0.0035930752038427125,NaN,NaN,NaN,NaN,NaN
castl,apparatu,2454231.0,62005.99968676246,151567.05876075942,NaN,240721.46471596588,10498.846578689581,1728.9334403711046,NaN,NaN,NaN,NaN,NaN,0.0,0.0,-6.971506184618918E-4,NaN,0.0,0.0,-0.0013952739530230576,NaN,NaN,NaN,NaN,NaN
cat,advantag,1.4852682E7,180144.52543931679,171489.0278649822,NaN,3500508.1941660987,36364.79596075778,1751.1315761142087,NaN,NaN,NaN,NaN,NaN,0.0,0.0,-0.01071148832883873,NaN,0.0,0.0,-0.021654933222148263,NaN,NaN,NaN,NaN,NaN
cathedr,archbishop,948614.0,39688.928621139516,62006.37210925062,NaN,313125.41028156754,25798.89246689218,1120.4712237175218,NaN,NaN,NaN,NaN,NaN,0.0,0.0,-0.001116098513566723,NaN,0.0,0.0,-0.0022346911626183246,NaN,NaN,NaN,NaN,NaN
cedar,bark,2165415.0,54949.828179275406,132390.9082504938,NaN,330232.6933163947,9829.110579753196,1626.1717416904576,NaN,NaN,NaN,NaN,NaN,0.0,0.0,-7.501381081598857E-4,NaN,0.0,0.0,-0.0015014024755323544,NaN,NaN,NaN,NaN,NaN
celeri,adjust,1.4393331E7,400584.76408084156,288007.69790037815,NaN,1888576.206666546,69423.86446312872,2335.4015213711104,NaN,NaN,NaN,NaN,NaN,0.0,0.0,-0.002795620547941067,NaN,0.0,0.0,-0.005606915905197282,NaN,NaN,NaN,NaN,NaN
chair,arm,1.4781175E7,228276.28429587715,456204.5468751137,NaN,2318727.9207433974,45729.52810994499,3057.108588122871,NaN,NaN,NaN,NaN,NaN,0.0,0.0,-0.0014779400963453862,NaN,0.0,0.0,-0.0029602552726536464,NaN,NaN,NaN,NaN,NaN
chisel,ax,1699754.0,76251.26767961153,105904.35277643049,NaN,241783.53260716496,8951.659122299923,1499.0756341758972,NaN,NaN,NaN,NaN,NaN,0.0,0.0,-0.0012671000978611376,NaN,0.0,0.0,-0.002537415354966867,NaN,NaN,NaN,NaN,NaN
cloak,artefact,62270.0,1717.5920489661219,10455.2216347531,NaN,7943.773158896218,375.6447778477948,419.0889215543892,NaN,NaN,NaN,NaN,NaN,0.0,0.0,-3.087780380281144E-4,NaN,0.0,0.0,-6.177468227081428E-4,NaN,NaN,NaN,NaN,NaN
cockroach,arthropod,50817.0,1726.8887375010208,7608.584444555959,NaN,7489.95333763836,250.5655245840993,378.5019209186961,NaN,NaN,NaN,NaN,NaN,0.0,0.0,-0.0013060761247334009,NaN,0.0,0.0,-0.002615568380881679,NaN,NaN,NaN,NaN,NaN
coconut,alchemist,32343.0,352.42743460759584,6162.277232663581,NaN,4726.966574876535,61.09509418693259,321.5398762768242,NaN,NaN,NaN,NaN,NaN,0.0,0.0,-0.0011209956717535806,NaN,0.0,0.0,-0.002244507426617618,NaN,NaN,NaN,NaN,NaN
coconut,appl,1675034.0,78371.50539214094,96599.08678565998,NaN,288744.9601638096,15413.461753545896,1422.513994832614,NaN,NaN,NaN,NaN,NaN,0.0,0.0,-5.348589046839848E-4,NaN,0.0,0.0,-0.0010702902636460774,NaN,NaN,NaN,NaN,NaN
corkscrew,artifact,408087.0,11153.139565921349,37069.869609931586,NaN,49213.1286650219,1302.3646220383328,814.7249309246342,NaN,NaN,NaN,NaN,NaN,0.0,0.0,-7.57122270553218E-4,NaN,0.0,0.0,-0.00151539187804592,NaN,NaN,NaN,NaN,NaN
corn,badg,338014.0,7208.942783625613,32882.69113956647,NaN,91804.18207249603,2050.325297638982,776.5816146630514,NaN,NaN,NaN,NaN,NaN,0.0,0.0,-5.351083650522415E-4,NaN,0.0,0.0,-0.0010707897186401393,NaN,NaN,NaN,NaN,NaN
couch,arm,1.4781175E7,228276.28429587715,456204.5468751137,NaN,2318727.9207433974,45729.52810994499,3057.108588122871,NaN,NaN,NaN,NaN,NaN,0.0,0.0,-0.0014779400963453862,NaN,0.0,0.0,-0.0029602552726536464,NaN,NaN,NaN,NaN,NaN
cranberri,appl,1675034.0,78371.50539214094,96599.08678565998,NaN,288744.9601638096,15413.461753545896,1422.513994832614,NaN,NaN,NaN,NaN,NaN,0.0,0.0,-5.348589046839848E-4,NaN,0.0,0.0,-0.0010702902636460774,NaN,NaN,NaN,NaN,NaN
cranberri,apricot,83982.0,3018.8796705079694,8332.379762939023,NaN,24488.657701066426,1001.0157512856856,407.73961777705824,NaN,NaN,NaN,NaN,NaN,0.0,0.0,-2.4644373587945204E-4,NaN,0.0,0.0,-4.930089707314731E-4,NaN,NaN,NaN,NaN,NaN
dagger,authoris,809847.0,23897.675213441118,48848.12315681625,NaN,89700.85068158495,4064.583723786323,928.5164501425418,NaN,NaN,NaN,NaN,NaN,0.0,0.0,-6.679436791636637E-4,NaN,0.0,0.0,-0.001336780252247247,NaN,NaN,NaN,NaN,NaN
desk,actress,485106.0,20519.11863357285,41496.39891752376,NaN,49506.6363228204,2262.748300425756,920.1078931635146,NaN,NaN,NaN,NaN,NaN,0.0,0.0,-0.001160593479319213,NaN,0.0,0.0,-0.0023238840433057804,NaN,NaN,NaN,NaN,NaN
dress,artifact,408087.0,11153.139565921349,37069.869609931586,NaN,49213.1286650219,1302.3646220383328,814.7249309246342,NaN,NaN,NaN,NaN,NaN,0.0,0.0,-7.57122270553218E-4,NaN,0.0,0.0,-0.00151539187804592,NaN,NaN,NaN,NaN,NaN
dress,back,2.6779916E7,576215.5151097359,347410.0459626675,NaN,9321403.379679156,217056.83877857192,2625.529170935724,NaN,NaN,NaN,NaN,NaN,0.0,0.0,-0.004231638534013985,NaN,0.0,0.0,-0.00849924279133372,NaN,NaN,NaN,NaN,NaN
dresser,arson,27594.0,664.4192097383216,4877.282243972567,NaN,7725.64210923597,221.89079995408093,301.55755358019013,NaN,NaN,NaN,NaN,NaN,0.0,0.0,-3.9656089272179705E-4,NaN,0.0,0.0,-7.934364313031098E-4,NaN,NaN,NaN,NaN,NaN
falcon,anim,1.3663915E7,274767.61811788974,432402.6434567383,NaN,1438250.8087148778,26805.375333207467,3003.790994602017,NaN,NaN,NaN,NaN,NaN,0.0,0.0,-0.001618507373432473,NaN,0.0,0.0,-0.0032422623724213157,NaN,NaN,NaN,NaN,NaN
ferri,backcountri,20164.0,653.0907665030002,1674.8610772947807,NaN,6083.541402834372,282.5342677994793,173.72419662049015,NaN,NaN,NaN,NaN,NaN,0.0,0.0,0.0,NaN,0.0,0.0,0.0,NaN,NaN,NaN,NaN,NaN
flute,banjo,21969.0,692.4147274498247,4316.805513625101,NaN,5445.4200021669585,335.0965890001487,289.58325511646933,NaN,NaN,NaN,NaN,NaN,0.0,0.0,-9.290432001036509E-4,NaN,0.0,0.0,-0.0018598142479878505,NaN,NaN,NaN,NaN,NaN
frigat,artifact,408087.0,11153.139565921349,37069.869609931586,NaN,49213.1286650219,1302.3646220383328,814.7249309246342,NaN,NaN,NaN,NaN,NaN,0.0,0.0,-7.57122270553218E-4,NaN,0.0,0.0,-0.00151539187804592,NaN,NaN,NaN,NaN,NaN
frog,argument,8663587.0,157884.48339397466,239420.15351316577,NaN,830028.5061303618,20369.878386014967,2166.1363542038644,NaN,NaN,NaN,NaN,NaN,0.0,0.0,-0.001747237647514554,NaN,0.0,0.0,-0.003500591660567027,NaN,NaN,NaN,NaN,NaN
giraff,anim,1.3663915E7,274767.61811788974,432402.6434567383,NaN,1438250.8087148778,26805.375333207467,3003.790994602017,NaN,NaN,NaN,NaN,NaN,0.0,0.0,-0.001618507373432473,NaN,0.0,0.0,-0.0032422623724213157,NaN,NaN,NaN,NaN,NaN
gorilla,appreci,1.8473997E7,532648.2995887535,236316.5623528482,NaN,2116595.0531145534,65130.062462585905,2138.8958184672856,NaN,NaN,NaN,NaN,NaN,0.0,0.0,-0.0029220794259533904,NaN,0.0,0.0,-0.005861285995122755,NaN,NaN,NaN,NaN,NaN
grape,barbar,425638.0,4955.909680735358,51876.940238503994,NaN,59799.41534831256,526.4512077180589,974.5894950831275,NaN,NaN,NaN,NaN,NaN,0.0,0.0,-5.45597567735399E-4,NaN,0.0,0.0,-0.0010917908138833288,NaN,NaN,NaN,NaN,NaN
grasshopp,axi,2962680.0,82087.01845700359,102553.75169534798,NaN,653936.9775765857,11149.949577723439,1405.218387344276,NaN,NaN,NaN,NaN,NaN,0.0,0.0,-0.0016556095081323146,NaN,0.0,0.0,-0.0033167101931962065,NaN,NaN,NaN,NaN,NaN
grenad,apostl,820249.0,28185.872381739777,54809.43446539157,NaN,148748.5940941964,4806.96124399717,1030.0041671273661,NaN,NaN,NaN,NaN,NaN,0.0,0.0,-8.018604283185909E-4,NaN,0.0,0.0,-0.0016050078489183702,NaN,NaN,NaN,NaN,NaN
guitar,back,2.6779916E7,576215.5151097359,347410.0459626675,NaN,9321403.379679156,217056.83877857192,2625.529170935724,NaN,NaN,NaN,NaN,NaN,0.0,0.0,-0.004231638534013985,NaN,0.0,0.0,-0.00849924279133372,NaN,NaN,NaN,NaN,NaN
guitar,banjo,21969.0,692.4147274498247,4316.805513625101,NaN,5445.4200021669585,335.0965890001487,289.58325511646933,NaN,NaN,NaN,NaN,NaN,0.0,0.0,-9.290432001036509E-4,NaN,0.0,0.0,-0.0018598142479878505,NaN,NaN,NaN,NaN,NaN
gun,ammo,3978.0,110.09620382059099,1021.9354494391464,NaN,750.0013333321482,26.17327367290337,128.64750201185993,NaN,NaN,NaN,NaN,NaN,0.0,0.0,0.0,NaN,0.0,0.0,0.0,NaN,NaN,NaN,NaN,NaN
gun,bath,5291452.0,159232.70135371672,199211.47871710127,NaN,819140.9632731109,48975.06962838447,1989.7224298609528,NaN,NaN,NaN,NaN,NaN,0.0,0.0,-0.0012337925216124807,NaN,0.0,0.0,-0.0024706332921044074,NaN,NaN,NaN,NaN,NaN
hammer,acclam,93036.0,1980.576508967352,8996.035220227124,NaN,25820.921401065454,653.8943897916748,390.23102543682495,NaN,NaN,NaN,NaN,NaN,0.0,0.0,-7.778331096086305E-4,NaN,0.0,0.0,-0.001556877209858684,NaN,NaN,NaN,NaN,NaN
hat,back,2.6779916E7,576215.5151097359,347410.0459626675,NaN,9321403.379679156,217056.83877857192,2625.529170935724,NaN,NaN,NaN,NaN,NaN,0.0,0.0,-0.004231638534013985,NaN,0.0,0.0,-0.00849924279133372,NaN,NaN,NaN,NaN,NaN
helicopt,artefact,62270.0,1717.5920489661219,10455.2216347531,NaN,7943.773158896218,375.6447778477948,419.0889215543892,NaN,NaN,NaN,NaN,NaN,0.0,0.0,-3.087780380281144E-4,NaN,0.0,0.0,-6.177468227081428E-4,NaN,NaN,NaN,NaN,NaN
hornet,analogu,308521.0,3702.77453934492,28548.535622350097,NaN,53636.79668846752,600.7378459686449,715.0366574850975,NaN,NaN,NaN,NaN,NaN,0.0,0.0,-0.003444895187691436,NaN,0.0,0.0,-0.006913607026959635,NaN,NaN,NaN,NaN,NaN
hotel,acupunctur,65251.0,2258.685119308122,5387.340473343022,NaN,19392.64579679627,1484.0329240265805,300.53043500795803,NaN,NaN,NaN,NaN,NaN,0.0,0.0,-0.002019689380006279,NaN,0.0,0.0,-0.004047553560954625,NaN,NaN,NaN,NaN,NaN
hotel,author,3.5596651E7,601802.6194724264,623265.8141899849,NaN,5183500.035312337,55598.68959069956,3570.7099395346836,NaN,NaN,NaN,NaN,NaN,0.0,0.0,-0.002313846258869992,NaN,0.0,0.0,-0.004638425120351765,NaN,NaN,NaN,NaN,NaN
jacket,back,2.6779916E7,576215.5151097359,347410.0459626675,NaN,9321403.379679156,217056.83877857192,2625.529170935724,NaN,NaN,NaN,NaN,NaN,0.0,0.0,-0.004231638534013985,NaN,0.0,0.0,-0.00849924279133372,NaN,NaN,NaN,NaN,NaN
jar,alter,2.048654E7,548084.1684864053,411142.5413883769,NaN,2028765.0237644576,62608.96281208656,2914.1453648368242,NaN,NaN,NaN,NaN,NaN,0.0,0.0,-0.0018455237561938503,NaN,0.0,0.0,-0.003697872023053613,NaN,NaN,NaN,NaN,NaN
jar,artifact,408087.0,11153.139565921349,37069.869609931586,NaN,49213.1286650219,1302.3646220383328,814.7249309246342,NaN,NaN,NaN,NaN,NaN,0.0,0.0,-7.57122270553218E-4,NaN,0.0,0.0,-0.00151539187804592,NaN,NaN,NaN,NaN,NaN
jet,accid,3460144.0,106590.79974335441,150181.3348050698,NaN,344653.56248267624,14261.687680266083,1704.3725770063184,NaN,NaN,NaN,NaN,NaN,0.0,0.0,-0.0011521553992743564,NaN,0.0,0.0,-0.0023069687850904115,NaN,NaN,NaN,NaN,NaN
lemon,account,5.5766309E7,1756346.89506144,694661.9142435278,NaN,1.6407035995776415E7,804455.6431349656,3851.6161009233915,NaN,NaN,NaN,NaN,NaN,0.0,0.0,-0.003399557311856011,NaN,0.0,0.0,-0.006822307448883598,NaN,NaN,NaN,NaN,NaN
musket,acquisit,2901323.0,68979.30766769941,100642.97755159407,NaN,996541.640123984,31009.182147781186,1388.2668287679521,NaN,NaN,NaN,NaN,NaN,0.0,0.0,-0.0011338808398100961,NaN,0.0,0.0,-0.0022703359700765933,NaN,NaN,NaN,NaN,NaN
musket,ammunit,261099.0,13969.3017528789,26083.13385893695,NaN,49292.64146908745,1891.4481212399633,718.5271554819606,NaN,NaN,NaN,NaN,NaN,0.0,0.0,-9.596870730667617E-4,NaN,0.0,0.0,-0.0019212179141302585,NaN,NaN,NaN,NaN,NaN
oven,artefact,62270.0,1717.5920489661219,10455.2216347531,NaN,7943.773158896218,375.6447778477948,419.0889215543892,NaN,NaN,NaN,NaN,NaN,0.0,0.0,-3.087780380281144E-4,NaN,0.0,0.0,-6.177468227081428E-4,NaN,NaN,NaN,NaN,NaN
pheasant,anim,1.3663915E7,274767.61811788974,432402.6434567383,NaN,1438250.8087148778,26805.375333207467,3003.790994602017,NaN,NaN,NaN,NaN,NaN,0.0,0.0,-0.001618507373432473,NaN,0.0,0.0,-0.0032422623724213157,NaN,NaN,NaN,NaN,NaN
phone,antenna,459155.0,19504.735237513163,40384.00371594525,NaN,46738.14075249464,2397.0632249653895,895.0726114076856,NaN,NaN,NaN,NaN,NaN,0.0,0.0,-2.2349242034293192E-4,NaN,0.0,0.0,-4.470847607411404E-4,NaN,NaN,NaN,NaN,NaN
phone,bark,2165415.0,54949.828179275406,132390.9082504938,NaN,330232.6933163947,9829.110579753196,1626.1717416904576,NaN,NaN,NaN,NaN,NaN,0.0,0.0,-7.501381081598857E-4,NaN,0.0,0.0,-0.0015014024755323544,NaN,NaN,NaN,NaN,NaN
piano,bagpip,12487.0,227.48311214183784,2990.734100439302,NaN,1957.7893145075648,77.96557095508282,230.34554248749896,NaN,NaN,NaN,NaN,NaN,0.0,0.0,-9.542062402255776E-4,NaN,0.0,0.0,-0.0019102352388363514,NaN,NaN,NaN,NaN,NaN
piano,bass,704058.0,12467.413061642796,52800.98546118422,NaN,115219.47298091586,2472.0036997932766,1011.9068710226813,NaN,NaN,NaN,NaN,NaN,0.0,0.0,-6.149900751426679E-4,NaN,0.0,0.0,-0.001230737041350877,NaN,NaN,NaN,NaN,NaN
pistol,anthropologist,964454.0,33286.488511394076,85555.66983451539,NaN,239781.67360330105,17588.27850679647,1362.000901780307,NaN,NaN,NaN,NaN,NaN,0.0,0.0,-4.974345501209367E-4,NaN,0.0,0.0,-9.953642287992323E-4,NaN,NaN,NaN,NaN,NaN
radio,amplifi,2031466.0,64553.78895213863,79453.51035436841,NaN,200171.1261446066,15578.079377659606,1204.2534473493865,NaN,NaN,NaN,NaN,NaN,0.0,0.0,-0.002336340193829667,NaN,0.0,0.0,-0.004683622924149768,NaN,NaN,NaN,NaN,NaN
radio,author,3.5596651E7,601802.6194724264,623265.8141899849,NaN,5183500.035312337,55598.68959069956,3570.7099395346836,NaN,NaN,NaN,NaN,NaN,0.0,0.0,-0.002313846258869992,NaN,0.0,0.0,-0.004638425120351765,NaN,NaN,NaN,NaN,NaN
restaur,abund,2480072.0,62135.47400148852,100649.71858490344,NaN,727341.3345768271,9040.139959030179,1408.3616948465417,NaN,NaN,NaN,NaN,NaN,0.0,0.0,-8.741820123522303E-4,NaN,0.0,0.0,-0.0017498937503445395,NaN,NaN,NaN,NaN,NaN
restaur,aphid,88703.0,5057.928353297167,10069.451060304174,NaN,18539.325365287703,1503.8748022708041,467.88420855001505,NaN,NaN,NaN,NaN,NaN,0.0,0.0,-1.136821891682826E-4,NaN,0.0,0.0,-2.273902285555429E-4,NaN,NaN,NaN,NaN,NaN
robe,apparel,244580.0,10726.40775902397,29403.20219965341,NaN,42525.00772486702,3745.3069243252216,738.2167775816773,NaN,NaN,NaN,NaN,NaN,0.0,0.0,-1.844875824648446E-4,NaN,0.0,0.0,-3.6904324882649017E-4,NaN,NaN,NaN,NaN,NaN
saxophon,barrier,3554204.0,72910.78430895372,118787.03383563076,NaN,587821.3547328814,12891.206195353374,1496.1344479367897,NaN,NaN,NaN,NaN,NaN,0.0,0.0,-0.0012299758885353802,NaN,0.0,0.0,-0.0024629811845416623,NaN,NaN,NaN,NaN,NaN
scooter,apologist,67527.0,1828.0775031872745,8317.601804760276,NaN,15071.011147232291,814.6432546849544,370.09168104135273,NaN,NaN,NaN,NaN,NaN,0.0,0.0,-0.008878474462657989,NaN,0.0,0.0,-0.01791601581419489,NaN,NaN,NaN,NaN,NaN
scooter,apoptosi,256995.0,3294.6166545735346,12279.044144291418,NaN,66641.84148866237,1314.1444655779976,467.8490598470364,NaN,NaN,NaN,NaN,NaN,0.0,0.0,-3.7547149703486346E-4,NaN,0.0,0.0,-7.51225057666739E-4,NaN,NaN,NaN,NaN,NaN
scooter,back,2.6779916E7,576215.5151097359,347410.0459626675,NaN,9321403.379679156,217056.83877857192,2625.529170935724,NaN,NaN,NaN,NaN,NaN,0.0,0.0,-0.004231638534013985,NaN,0.0,0.0,-0.00849924279133372,NaN,NaN,NaN,NaN,NaN
scooter,battleship,479050.0,19255.884324202492,17664.133556104374,NaN,152927.90816590673,11664.567177586938,571.1354861124455,NaN,NaN,NaN,NaN,NaN,0.0,0.0,-0.001008100614834332,NaN,0.0,0.0,-0.0020182358144340755,NaN,NaN,NaN,NaN,NaN
sheep,anim,1.3663915E7,274767.61811788974,432402.6434567383,NaN,1438250.8087148778,26805.375333207467,3003.790994602017,NaN,NaN,NaN,NaN,NaN,0.0,0.0,-0.001618507373432473,NaN,0.0,0.0,-0.0032422623724213157,NaN,NaN,NaN,NaN,NaN
siev,anchor,2516649.0,91149.81657755729,115086.38788246097,NaN,381415.25178602914,17415.596876107895,1500.2428388073467,NaN,NaN,NaN,NaN,NaN,0.0,0.0,-0.0011884364481775862,NaN,0.0,0.0,-0.0023797010197828482,NaN,NaN,NaN,NaN,NaN
sofa,armrest,1543.0,34.363821901950516,564.3921957448356,NaN,452.98454719780455,12.087961951199294,95.96740102255592,NaN,NaN,NaN,NaN,NaN,0.0,0.0,0.0,NaN,0.0,0.0,0.0,NaN,NaN,NaN,NaN,NaN
spade,artefact,62270.0,1717.5920489661219,10455.2216347531,NaN,7943.773158896218,375.6447778477948,419.0889215543892,NaN,NaN,NaN,NaN,NaN,0.0,0.0,-3.087780380281144E-4,NaN,0.0,0.0,-6.177468227081428E-4,NaN,NaN,NaN,NaN,NaN
stereo,antenna,459155.0,19504.735237513163,40384.00371594525,NaN,46738.14075249464,2397.0632249653895,895.0726114076856,NaN,NaN,NaN,NaN,NaN,0.0,0.0,-2.2349242034293192E-4,NaN,0.0,0.0,-4.470847607411404E-4,NaN,NaN,NaN,NaN,NaN
stereo,artefact,62270.0,1717.5920489661219,10455.2216347531,NaN,7943.773158896218,375.6447778477948,419.0889215543892,NaN,NaN,NaN,NaN,NaN,0.0,0.0,-3.087780380281144E-4,NaN,0.0,0.0,-6.177468227081428E-4,NaN,NaN,NaN,NaN,NaN
sweater,absolut,1080238.0,27941.371492940023,96110.43847767354,NaN,159370.01883666829,3519.77766794914,1365.8789302329012,NaN,NaN,NaN,NaN,NaN,0.0,0.0,-5.589472963615148E-4,NaN,0.0,0.0,-0.0011185197863335273,NaN,NaN,NaN,NaN,NaN
sweater,banquet,434303.0,9054.832633884207,43395.65792698006,NaN,54865.752350623974,1317.243408064735,887.9233676449003,NaN,NaN,NaN,NaN,NaN,0.0,0.0,-7.21075583188143E-4,NaN,0.0,0.0,-0.0014431918167572063,NaN,NaN,NaN,NaN,NaN
sword,anim,1.3663915E7,274767.61811788974,432402.6434567383,NaN,1438250.8087148778,26805.375333207467,3003.790994602017,NaN,NaN,NaN,NaN,NaN,0.0,0.0,-0.001618507373432473,NaN,0.0,0.0,-0.0032422623724213157,NaN,NaN,NaN,NaN,NaN
tanker,audienc,2304272.0,24970.890348800367,108169.11161484172,NaN,225120.7848911335,3863.6234235433235,1383.7681189663172,NaN,NaN,NaN,NaN,NaN,0.0,0.0,-0.0010574623131057996,NaN,0.0,0.0,-0.00211716344676724,NaN,NaN,NaN,NaN,NaN
tiger,aid,1.7360891E7,388945.45648309024,416567.0188052214,NaN,2545828.936493377,65340.44481428838,2872.234075678978,NaN,NaN,NaN,NaN,NaN,0.0,0.0,-0.0021854592989985697,NaN,0.0,0.0,-0.004380491984939818,NaN,NaN,NaN,NaN,NaN
truck,artifact,408087.0,11153.139565921349,37069.869609931586,NaN,49213.1286650219,1302.3646220383328,814.7249309246342,NaN,NaN,NaN,NaN,NaN,0.0,0.0,-7.57122270553218E-4,NaN,0.0,0.0,-0.00151539187804592,NaN,NaN,NaN,NaN,NaN
trumpet,abseil,259.0,3.3861948342786103,100.74872902784162,NaN,136.9634987870856,1.6914352174521823,38.73357543990877,NaN,NaN,NaN,NaN,NaN,0.0,0.0,0.0,NaN,0.0,0.0,0.0,NaN,NaN,NaN,NaN,NaN
trumpet,banjo,21969.0,692.4147274498247,4316.805513625101,NaN,5445.4200021669585,335.0965890001487,289.58325511646933,NaN,NaN,NaN,NaN,NaN,0.0,0.0,-9.290432001036509E-4,NaN,0.0,0.0,-0.0018598142479878505,NaN,NaN,NaN,NaN,NaN
van,artefact,62270.0,1717.5920489661219,10455.2216347531,NaN,7943.773158896218,375.6447778477948,419.0889215543892,NaN,NaN,NaN,NaN,NaN,0.0,0.0,-3.087780380281144E-4,NaN,0.0,0.0,-6.177468227081428E-4,NaN,NaN,NaN,NaN,NaN
van,back,2.6779916E7,576215.5151097359,347410.0459626675,NaN,9321403.379679156,217056.83877857192,2625.529170935724,NaN,NaN,NaN,NaN,NaN,0.0,0.0,-0.004231638534013985,NaN,0.0,0.0,-0.00849924279133372,NaN,NaN,NaN,NaN,NaN
willow,bark,2165415.0,54949.828179275406,132390.9082504938,NaN,330232.6933163947,9829.110579753196,1626.1717416904576,NaN,NaN,NaN,NaN,NaN,0.0,0.0,-7.501381081598857E-4,NaN,0.0,0.0,-0.0015014024755323544,NaN,NaN,NaN,NaN,NaN
