w1,w2,c1,c2,c3,c4,c5,c6,c7,c8,c9,c10,c11,c12,c13,c14,c15,c16,c17,c18,c19,c20,c21,c22,c23,c24
acacia,branch,38056.0,430.05465610282187,7996.420620092605,NaN,7391.810197779702,183.93405806404496,384.24619965449097,NaN,NaN,NaN,NaN,NaN,0.0,0.0,-6.060556080360738E-4,NaN,0.0,0.0,-0.0012128462683547697,NaN,NaN,NaN,NaN,NaN
acacia,connexion,38056.0,430.05465610282187,7996.420620092605,NaN,7391.810197779702,183.93405806404496,384.24619965449097,NaN,NaN,NaN,NaN,NaN,0.0,0.0,-6.060556080360738E-4,NaN,0.0,0.0,-0.0012128462683547697,NaN,NaN,NaN,NaN,NaN
acacia,spike,38056.0,430.05465610282187,7996.420620092605,NaN,7391.810197779702,183.93405806404496,384.24619965449097,NaN,NaN,NaN,NaN,NaN,0.0,0.0,-6.060556080360738E-4,NaN,0.0,0.0,-0.0012128462683547697,NaN,NaN,NaN,NaN,NaN
allig,chordat,57906.0,1289.5972527835818,11733.547323521252,NaN,9023.844191917322,124.35764682300633,476.95225859449016,NaN,NaN,NaN,NaN,NaN,0.0,0.0,0.0,NaN,0.0,0.0,0.0,NaN,NaN,NaN,NaN,NaN
ambul,acceler,2465972.0,73771.64551417824,133718.45432160512,NaN,187988.93831818935,12954.11846018632,1547.437496876302,NaN,0.725743723580744,0.6034174218699663,0.07849993689759585,NaN,0.20377439760135121,0.20930729886747415,0.033320918586854306,NaN,0.33855911540799244,0.3461606476095727,0.06449287532555384,NaN,NaN,NaN,NaN,NaN
ambul,ag,2.3143137E7,559854.7598197717,713600.5813000578,NaN,1456674.4066094523,33270.98321484058,3949.394607176706,NaN,0.9703710953022504,0.9845544799780132,0.09821134336079866,NaN,0.3081779500581751,0.33198482541743807,0.01743326816628067,NaN,0.4711560075515267,0.4984813927041503,0.03426911368388946,NaN,NaN,NaN,NaN,NaN
ambul,convey,158120.0,2752.147465589041,20214.475053108927,NaN,23162.987458443265,369.8276255191457,597.6678681853931,NaN,NaN,NaN,NaN,NaN,0.0,0.0,-6.122749430895101E-4,NaN,0.0,0.0,-0.0012253001067321371,NaN,NaN,NaN,NaN,NaN
ambul,crew,158120.0,2752.147465589041,20214.475053108927,NaN,23162.987458443265,369.8276255191457,597.6678681853931,NaN,NaN,NaN,NaN,NaN,0.0,0.0,-6.122749430895101E-4,NaN,0.0,0.0,-0.0012253001067321371,NaN,NaN,NaN,NaN,NaN
ambul,equat,158120.0,2752.147465589041,20214.475053108927,NaN,23162.987458443265,369.8276255191457,597.6678681853931,NaN,NaN,NaN,NaN,NaN,0.0,0.0,-6.122749430895101E-4,NaN,0.0,0.0,-0.0012253001067321371,NaN,NaN,NaN,NaN,NaN
ambul,ferri,158120.0,2752.147465589041,20214.475053108927,NaN,23162.987458443265,369.8276255191457,597.6678681853931,NaN,NaN,NaN,NaN,NaN,0.0,0.0,-6.122749430895101E-4,NaN,0.0,0.0,-0.0012253001067321371,NaN,NaN,NaN,NaN,NaN
ambul,graft,158120.0,2752.147465589041,20214.475053108927,NaN,23162.987458443265,369.8276255191457,597.6678681853931,NaN,NaN,NaN,NaN,NaN,0.0,0.0,-6.122749430895101E-4,NaN,0.0,0.0,-0.0012253001067321371,NaN,NaN,NaN,NaN,NaN
ambul,gum,158120.0,2752.147465589041,20214.475053108927,NaN,23162.987458443265,369.8276255191457,597.6678681853931,NaN,NaN,NaN,NaN,NaN,0.0,0.0,-6.122749430895101E-4,NaN,0.0,0.0,-0.0012253001067321371,NaN,NaN,NaN,NaN,NaN
ambul,mayor,158120.0,2752.147465589041,20214.475053108927,NaN,23162.987458443265,369.8276255191457,597.6678681853931,NaN,NaN,NaN,NaN,NaN,0.0,0.0,-6.122749430895101E-4,NaN,0.0,0.0,-0.0012253001067321371,NaN,NaN,NaN,NaN,NaN
ambul,mope,158120.0,2752.147465589041,20214.475053108927,NaN,23162.987458443265,369.8276255191457,597.6678681853931,NaN,NaN,NaN,NaN,NaN,0.0,0.0,-6.122749430895101E-4,NaN,0.0,0.0,-0.0012253001067321371,NaN,NaN,NaN,NaN,NaN
ambul,motor,158120.0,2752.147465589041,20214.475053108927,NaN,23162.987458443265,369.8276255191457,597.6678681853931,NaN,NaN,NaN,NaN,NaN,0.0,0.0,-6.122749430895101E-4,NaN,0.0,0.0,-0.0012253001067321371,NaN,NaN,NaN,NaN,NaN
ambul,oil,158120.0,2752.147465589041,20214.475053108927,NaN,23162.987458443265,369.8276255191457,597.6678681853931,NaN,NaN,NaN,NaN,NaN,0.0,0.0,-6.122749430895101E-4,NaN,0.0,0.0,-0.0012253001067321371,NaN,NaN,NaN,NaN,NaN
ambul,program,158120.0,2752.147465589041,20214.475053108927,NaN,23162.987458443265,369.8276255191457,597.6678681853931,NaN,NaN,NaN,NaN,NaN,0.0,0.0,-6.122749430895101E-4,NaN,0.0,0.0,-0.0012253001067321371,NaN,NaN,NaN,NaN,NaN
ambul,vehicl,158120.0,2752.147465589041,20214.475053108927,NaN,23162.987458443265,369.8276255191457,597.6678681853931,NaN,NaN,NaN,NaN,NaN,0.0,0.0,-6.122749430895101E-4,NaN,0.0,0.0,-0.0012253001067321371,NaN,NaN,NaN,NaN,NaN
ant,exoskeleton,807771.0,36348.23133737031,84853.29583994669,NaN,107417.92901094304,6630.105497073167,1337.5488038039055,NaN,NaN,NaN,NaN,NaN,0.0,0.0,-6.530689100733029E-4,NaN,0.0,0.0,-0.0013069913755797311,NaN,NaN,NaN,NaN,NaN
ant,specialist,807771.0,36348.23133737031,84853.29583994669,NaN,107417.92901094304,6630.105497073167,1337.5488038039055,NaN,NaN,NaN,NaN,NaN,0.0,0.0,-6.530689100733029E-4,NaN,0.0,0.0,-0.0013069913755797311,NaN,NaN,NaN,NaN,NaN
ant,switch,807771.0,36348.23133737031,84853.29583994669,NaN,107417.92901094304,6630.105497073167,1337.5488038039055,NaN,NaN,NaN,NaN,NaN,0.0,0.0,-6.530689100733029E-4,NaN,0.0,0.0,-0.0013069913755797311,NaN,NaN,NaN,NaN,NaN
ant,wasp,807771.0,36348.23133737031,84853.29583994669,NaN,107417.92901094304,6630.105497073167,1337.5488038039055,NaN,NaN,NaN,NaN,NaN,0.0,0.0,-6.530689100733029E-4,NaN,0.0,0.0,-0.0013069913755797311,NaN,NaN,NaN,NaN,NaN
appl,peach,1675034.0,78371.50539214094,96599.08678565998,NaN,288744.9601638096,15413.461753545896,1422.513994832614,NaN,NaN,NaN,NaN,NaN,0.0,0.0,-5.348589046839848E-4,NaN,0.0,0.0,-0.0010702902636460774,NaN,NaN,NaN,NaN,NaN
appl,produc,1675034.0,78371.50539214094,96599.08678565998,NaN,288744.9601638096,15413.461753545896,1422.513994832614,NaN,NaN,NaN,NaN,NaN,0.0,0.0,-5.348589046839848E-4,NaN,0.0,0.0,-0.0010702902636460774,NaN,NaN,NaN,NaN,NaN
appl,vitamin,1675034.0,78371.50539214094,96599.08678565998,NaN,288744.9601638096,15413.461753545896,1422.513994832614,NaN,NaN,NaN,NaN,NaN,0.0,0.0,-5.348589046839848E-4,NaN,0.0,0.0,-0.0010702902636460774,NaN,NaN,NaN,NaN,NaN
apricot,autobiographi,522044.0,21430.29222685638,61100.842444493894,NaN,57216.225670695894,2977.3219589381238,1104.6670778020284,NaN,0.45246387863184534,0.4806498017481524,0.03854781875406584,NaN,0.13589618386314545,0.13638313340453942,0.01803752498081386,NaN,0.23927571162527722,0.2400301964988575,0.03543587449029209,NaN,NaN,NaN,NaN,NaN
apricot,chart,83982.0,3018.8796705079694,8332.379762939023,NaN,24488.657701066426,1001.0157512856856,407.73961777705824,NaN,NaN,NaN,NaN,NaN,0.0,0.0,-2.4644373587945204E-4,NaN,0.0,0.0,-4.930089707314731E-4,NaN,NaN,NaN,NaN,NaN
apricot,fruit,83982.0,3018.8796705079694,8332.379762939023,NaN,24488.657701066426,1001.0157512856856,407.73961777705824,NaN,NaN,NaN,NaN,NaN,0.0,0.0,-2.4644373587945204E-4,NaN,0.0,0.0,-4.930089707314731E-4,NaN,NaN,NaN,NaN,NaN
apricot,plum,83982.0,3018.8796705079694,8332.379762939023,NaN,24488.657701066426,1001.0157512856856,407.73961777705824,NaN,NaN,NaN,NaN,NaN,0.0,0.0,-2.4644373587945204E-4,NaN,0.0,0.0,-4.930089707314731E-4,NaN,NaN,NaN,NaN,NaN
apricot,stone,83982.0,3018.8796705079694,8332.379762939023,NaN,24488.657701066426,1001.0157512856856,407.73961777705824,NaN,NaN,NaN,NaN,NaN,0.0,0.0,-2.4644373587945204E-4,NaN,0.0,0.0,-4.930089707314731E-4,NaN,NaN,NaN,NaN,NaN
ax,handshak,1699754.0,76251.26767961153,105904.35277643049,NaN,241783.53260716496,8951.659122299923,1499.0756341758972,NaN,NaN,NaN,NaN,NaN,0.0,0.0,-0.0012671000978611376,NaN,0.0,0.0,-0.002537415354966867,NaN,NaN,NaN,NaN,NaN
ax,hatchet,1699754.0,76251.26767961153,105904.35277643049,NaN,241783.53260716496,8951.659122299923,1499.0756341758972,NaN,NaN,NaN,NaN,NaN,0.0,0.0,-0.0012671000978611376,NaN,0.0,0.0,-0.002537415354966867,NaN,NaN,NaN,NaN,NaN
ax,implement,1699754.0,76251.26767961153,105904.35277643049,NaN,241783.53260716496,8951.659122299923,1499.0756341758972,NaN,NaN,NaN,NaN,NaN,0.0,0.0,-0.0012671000978611376,NaN,0.0,0.0,-0.002537415354966867,NaN,NaN,NaN,NaN,NaN
ax,plier,1699754.0,76251.26767961153,105904.35277643049,NaN,241783.53260716496,8951.659122299923,1499.0756341758972,NaN,NaN,NaN,NaN,NaN,0.0,0.0,-0.0012671000978611376,NaN,0.0,0.0,-0.002537415354966867,NaN,NaN,NaN,NaN,NaN
ax,tool,1699754.0,76251.26767961153,105904.35277643049,NaN,241783.53260716496,8951.659122299923,1499.0756341758972,NaN,NaN,NaN,NaN,NaN,0.0,0.0,-0.0012671000978611376,NaN,0.0,0.0,-0.002537415354966867,NaN,NaN,NaN,NaN,NaN
ax,tweezer,1699754.0,76251.26767961153,105904.35277643049,NaN,241783.53260716496,8951.659122299923,1499.0756341758972,NaN,NaN,NaN,NaN,NaN,0.0,0.0,-0.0012671000978611376,NaN,0.0,0.0,-0.002537415354966867,NaN,NaN,NaN,NaN,NaN
ax,utensil,1699754.0,76251.26767961153,105904.35277643049,NaN,241783.53260716496,8951.659122299923,1499.0756341758972,NaN,NaN,NaN,NaN,NaN,0.0,0.0,-0.0012671000978611376,NaN,0.0,0.0,-0.002537415354966867,NaN,NaN,NaN,NaN,NaN
bag,accessori,1954071.0,70514.19102822547,153498.37426057318,NaN,179222.19414179708,14704.979121303017,1775.531862915328,NaN,0.861110181542206,0.49372473842993597,0.14988690836059027,NaN,0.3319643772862466,0.26101237993755816,0.0712797831564955,NaN,0.4984583416000856,0.41397274775443904,0.1330740750963702,NaN,NaN,NaN,NaN,NaN
bag,contain,3763038.0,119962.29578448276,144185.12373365724,NaN,430634.599408826,20217.303092692484,1723.6013221005508,NaN,NaN,NaN,NaN,NaN,0.0,0.0,-0.0012722787060153536,NaN,0.0,0.0,-0.002547798922346817,NaN,NaN,NaN,NaN,NaN
bag,incontin,3763038.0,119962.29578448276,144185.12373365724,NaN,430634.599408826,20217.303092692484,1723.6013221005508,NaN,NaN,NaN,NaN,NaN,0.0,0.0,-0.0012722787060153536,NaN,0.0,0.0,-0.002547798922346817,NaN,NaN,NaN,NaN,NaN
bag,plastic,3763038.0,119962.29578448276,144185.12373365724,NaN,430634.599408826,20217.303092692484,1723.6013221005508,NaN,NaN,NaN,NaN,NaN,0.0,0.0,-0.0012722787060153536,NaN,0.0,0.0,-0.002547798922346817,NaN,NaN,NaN,NaN,NaN
bag,pouch,3763038.0,119962.29578448276,144185.12373365724,NaN,430634.599408826,20217.303092692484,1723.6013221005508,NaN,NaN,NaN,NaN,NaN,0.0,0.0,-0.0012722787060153536,NaN,0.0,0.0,-0.002547798922346817,NaN,NaN,NaN,NaN,NaN
bag,prioritis,3763038.0,119962.29578448276,144185.12373365724,NaN,430634.599408826,20217.303092692484,1723.6013221005508,NaN,NaN,NaN,NaN,NaN,0.0,0.0,-0.0012722787060153536,NaN,0.0,0.0,-0.002547798922346817,NaN,NaN,NaN,NaN,NaN
bag,tabl,3763038.0,119962.29578448276,144185.12373365724,NaN,430634.599408826,20217.303092692484,1723.6013221005508,NaN,NaN,NaN,NaN,NaN,0.0,0.0,-0.0012722787060153536,NaN,0.0,0.0,-0.002547798922346817,NaN,NaN,NaN,NaN,NaN
banana,birthdai,274739.0,12726.60745852105,22639.04061653705,NaN,76603.43217506641,7380.120952640315,669.8223043258985,NaN,NaN,NaN,NaN,NaN,0.0,0.0,-3.7238755606367277E-4,NaN,0.0,0.0,-7.45052560429463E-4,NaN,NaN,NaN,NaN,NaN
banana,cessat,274739.0,12726.60745852105,22639.04061653705,NaN,76603.43217506641,7380.120952640315,669.8223043258985,NaN,NaN,NaN,NaN,NaN,0.0,0.0,-3.7238755606367277E-4,NaN,0.0,0.0,-7.45052560429463E-4,NaN,NaN,NaN,NaN,NaN
banana,mango,274739.0,12726.60745852105,22639.04061653705,NaN,76603.43217506641,7380.120952640315,669.8223043258985,NaN,NaN,NaN,NaN,NaN,0.0,0.0,-3.7238755606367277E-4,NaN,0.0,0.0,-7.45052560429463E-4,NaN,NaN,NaN,NaN,NaN
banana,mean,274739.0,12726.60745852105,22639.04061653705,NaN,76603.43217506641,7380.120952640315,669.8223043258985,NaN,NaN,NaN,NaN,NaN,0.0,0.0,-3.7238755606367277E-4,NaN,0.0,0.0,-7.45052560429463E-4,NaN,NaN,NaN,NaN,NaN
banana,panelist,274739.0,12726.60745852105,22639.04061653705,NaN,76603.43217506641,7380.120952640315,669.8223043258985,NaN,NaN,NaN,NaN,NaN,0.0,0.0,-3.7238755606367277E-4,NaN,0.0,0.0,-7.45052560429463E-4,NaN,NaN,NaN,NaN,NaN
battleship,abandon,1.4540759E7,221928.37965097217,396127.3585313698,NaN,1292841.110312091,17579.47744870402,2835.628082413267,NaN,0.7702897110061384,0.9473127125253624,0.02917928363892065,NaN,0.12163738783037154,0.21464335197569734,0.00630802102109166,NaN,0.2168925343433133,0.35342613389611927,0.012536958643519445,NaN,NaN,NaN,NaN,NaN
battleship,bulkhead,479050.0,19255.884324202492,17664.133556104374,NaN,152927.90816590673,11664.567177586938,571.1354861124455,NaN,NaN,NaN,NaN,NaN,0.0,0.0,-0.001008100614834332,NaN,0.0,0.0,-0.0020182358144340755,NaN,NaN,NaN,NaN,NaN
battleship,decre,479050.0,19255.884324202492,17664.133556104374,NaN,152927.90816590673,11664.567177586938,571.1354861124455,NaN,NaN,NaN,NaN,NaN,0.0,0.0,-0.001008100614834332,NaN,0.0,0.0,-0.0020182358144340755,NaN,NaN,NaN,NaN,NaN
battleship,excess,479050.0,19255.884324202492,17664.133556104374,NaN,152927.90816590673,11664.567177586938,571.1354861124455,NaN,NaN,NaN,NaN,NaN,0.0,0.0,-0.001008100614834332,NaN,0.0,0.0,-0.0020182358144340755,NaN,NaN,NaN,NaN,NaN
battleship,gun,479050.0,19255.884324202492,17664.133556104374,NaN,152927.90816590673,11664.567177586938,571.1354861124455,NaN,NaN,NaN,NaN,NaN,0.0,0.0,-0.001008100614834332,NaN,0.0,0.0,-0.0020182358144340755,NaN,NaN,NaN,NaN,NaN
battleship,heat,479050.0,19255.884324202492,17664.133556104374,NaN,152927.90816590673,11664.567177586938,571.1354861124455,NaN,NaN,NaN,NaN,NaN,0.0,0.0,-0.001008100614834332,NaN,0.0,0.0,-0.0020182358144340755,NaN,NaN,NaN,NaN,NaN
battleship,imperson,479050.0,19255.884324202492,17664.133556104374,NaN,152927.90816590673,11664.567177586938,571.1354861124455,NaN,NaN,NaN,NaN,NaN,0.0,0.0,-0.001008100614834332,NaN,0.0,0.0,-0.0020182358144340755,NaN,NaN,NaN,NaN,NaN
battleship,lipid,479050.0,19255.884324202492,17664.133556104374,NaN,152927.90816590673,11664.567177586938,571.1354861124455,NaN,NaN,NaN,NaN,NaN,0.0,0.0,-0.001008100614834332,NaN,0.0,0.0,-0.0020182358144340755,NaN,NaN,NaN,NaN,NaN
battleship,metal,479050.0,19255.884324202492,17664.133556104374,NaN,152927.90816590673,11664.567177586938,571.1354861124455,NaN,NaN,NaN,NaN,NaN,0.0,0.0,-0.001008100614834332,NaN,0.0,0.0,-0.0020182358144340755,NaN,NaN,NaN,NaN,NaN
battleship,microscopist,479050.0,19255.884324202492,17664.133556104374,NaN,152927.90816590673,11664.567177586938,571.1354861124455,NaN,NaN,NaN,NaN,NaN,0.0,0.0,-0.001008100614834332,NaN,0.0,0.0,-0.0020182358144340755,NaN,NaN,NaN,NaN,NaN
battleship,motorboat,479050.0,19255.884324202492,17664.133556104374,NaN,152927.90816590673,11664.567177586938,571.1354861124455,NaN,NaN,NaN,NaN,NaN,0.0,0.0,-0.001008100614834332,NaN,0.0,0.0,-0.0020182358144340755,NaN,NaN,NaN,NaN,NaN
battleship,scooter,479050.0,19255.884324202492,17664.133556104374,NaN,152927.90816590673,11664.567177586938,571.1354861124455,NaN,NaN,NaN,NaN,NaN,0.0,0.0,-0.001008100614834332,NaN,0.0,0.0,-0.0020182358144340755,NaN,NaN,NaN,NaN,NaN
battleship,stair,479050.0,19255.884324202492,17664.133556104374,NaN,152927.90816590673,11664.567177586938,571.1354861124455,NaN,NaN,NaN,NaN,NaN,0.0,0.0,-0.001008100614834332,NaN,0.0,0.0,-0.0020182358144340755,NaN,NaN,NaN,NaN,NaN
battleship,superfluid,479050.0,19255.884324202492,17664.133556104374,NaN,152927.90816590673,11664.567177586938,571.1354861124455,NaN,NaN,NaN,NaN,NaN,0.0,0.0,-0.001008100614834332,NaN,0.0,0.0,-0.0020182358144340755,NaN,NaN,NaN,NaN,NaN
battleship,teacher,479050.0,19255.884324202492,17664.133556104374,NaN,152927.90816590673,11664.567177586938,571.1354861124455,NaN,NaN,NaN,NaN,NaN,0.0,0.0,-0.001008100614834332,NaN,0.0,0.0,-0.0020182358144340755,NaN,NaN,NaN,NaN,NaN
battleship,thesi,479050.0,19255.884324202492,17664.133556104374,NaN,152927.90816590673,11664.567177586938,571.1354861124455,NaN,NaN,NaN,NaN,NaN,0.0,0.0,-0.001008100614834332,NaN,0.0,0.0,-0.0020182358144340755,NaN,NaN,NaN,NaN,NaN
battleship,vehicl,479050.0,19255.884324202492,17664.133556104374,NaN,152927.90816590673,11664.567177586938,571.1354861124455,NaN,NaN,NaN,NaN,NaN,0.0,0.0,-0.001008100614834332,NaN,0.0,0.0,-0.0020182358144340755,NaN,NaN,NaN,NaN,NaN
bomb,artifact,408087.0,11153.139565921349,37069.869609931586,NaN,49213.1286650219,1302.3646220383328,814.7249309246342,NaN,NaN,NaN,NaN,NaN,0.0,0.0,-7.57122270553218E-4,NaN,0.0,0.0,-0.00151539187804592,NaN,NaN,NaN,NaN,NaN
bomber,airplan,228707.0,8079.256521044433,27262.954766301176,NaN,24169.561911627607,741.6390207286978,712.5637482867397,NaN,NaN,NaN,NaN,NaN,0.0,0.0,-2.4090703030115436E-4,NaN,0.0,0.0,-4.819301609661996E-4,NaN,NaN,NaN,NaN,NaN
bookcas,airport,1096304.0,33874.656396882405,60533.94306348103,NaN,168733.5231363347,3911.3969205070102,1126.3525949102466,NaN,NaN,NaN,NaN,NaN,0.0,0.0,-5.595117236363633E-4,NaN,0.0,0.0,-0.0011196499045206744,NaN,NaN,NaN,NaN,NaN
cannon,barrel,1707833.0,28243.76178964278,84902.38766897569,NaN,358555.07492852473,4740.435119995151,1286.033928446627,NaN,NaN,NaN,NaN,NaN,0.0,0.0,-0.0011019657052490513,NaN,0.0,0.0,-0.0022063627465781707,NaN,NaN,NaN,NaN,NaN
cannon,bazooka,4297.0,107.4413671913956,712.7708646579578,NaN,1481.0526661803758,32.974239974130676,110.1478146887094,NaN,NaN,NaN,NaN,NaN,0.0,0.0,0.0,NaN,0.0,0.0,0.0,NaN,NaN,NaN,NaN,NaN
car,back,2.6779916E7,576215.5151097359,347410.0459626675,NaN,9321403.379679156,217056.83877857192,2625.529170935724,NaN,NaN,NaN,NaN,NaN,0.0,0.0,-0.004231638534013985,NaN,0.0,0.0,-0.00849924279133372,NaN,NaN,NaN,NaN,NaN
carp,arriv,8.0038675E7,1546474.2830606003,693108.0669283518,NaN,1.453142360103032E7,298022.04710389767,3857.708231817051,NaN,NaN,NaN,NaN,NaN,0.0,0.0,-0.0028931292605987096,NaN,0.0,0.0,-0.0058030474876846865,NaN,NaN,NaN,NaN,NaN
castl,bathroom,216321.0,5687.811322293541,17440.741756866646,NaN,32974.5121722824,1394.8737709118175,546.4936928085449,NaN,NaN,NaN,NaN,NaN,0.0,0.0,-4.488105590972568E-4,NaN,0.0,0.0,-8.980241609202591E-4,NaN,NaN,NaN,NaN,NaN
cello,artefact,62270.0,1717.5920489661219,10455.2216347531,NaN,7943.773158896218,375.6447778477948,419.0889215543892,NaN,NaN,NaN,NaN,NaN,0.0,0.0,-3.087780380281144E-4,NaN,0.0,0.0,-6.177468227081428E-4,NaN,NaN,NaN,NaN,NaN
chair,artefact,62270.0,1717.5920489661219,10455.2216347531,NaN,7943.773158896218,375.6447778477948,419.0889215543892,NaN,NaN,NaN,NaN,NaN,0.0,0.0,-3.087780380281144E-4,NaN,0.0,0.0,-6.177468227081428E-4,NaN,NaN,NaN,NaN,NaN
clarinet,armament,263633.0,7345.385339557224,26858.893786596625,NaN,44093.551716776004,3232.6386834941572,673.729571326811,NaN,NaN,NaN,NaN,NaN,0.0,0.0,-5.182398787697245E-4,NaN,0.0,0.0,-0.001037017181197715,NaN,NaN,NaN,NaN,NaN
clarinet,bass,704058.0,12467.413061642796,52800.98546118422,NaN,115219.47298091586,2472.0036997932766,1011.9068710226813,NaN,NaN,NaN,NaN,NaN,0.0,0.0,-6.149900751426679E-4,NaN,0.0,0.0,-0.001230737041350877,NaN,NaN,NaN,NaN,NaN
cloak,artifact,408087.0,11153.139565921349,37069.869609931586,NaN,49213.1286650219,1302.3646220383328,814.7249309246342,NaN,NaN,NaN,NaN,NaN,0.0,0.0,-7.57122270553218E-4,NaN,0.0,0.0,-0.00151539187804592,NaN,NaN,NaN,NaN,NaN
cockroach,antenna,459155.0,19504.735237513163,40384.00371594525,NaN,46738.14075249464,2397.0632249653895,895.0726114076856,NaN,NaN,NaN,NaN,NaN,0.0,0.0,-2.2349242034293192E-4,NaN,0.0,0.0,-4.470847607411404E-4,NaN,NaN,NaN,NaN,NaN
cow,antiqu,1811547.0,51783.223922850346,132443.1735200566,NaN,257123.78961309668,9573.013054651316,1646.0347390343447,NaN,NaN,NaN,NaN,NaN,0.0,0.0,-6.078775329101621E-4,NaN,0.0,0.0,-0.0012164945455234552,NaN,NaN,NaN,NaN,NaN
crow,anim,1.3663915E7,274767.61811788974,432402.6434567383,NaN,1438250.8087148778,26805.375333207467,3003.790994602017,NaN,NaN,NaN,NaN,NaN,0.0,0.0,-0.001618507373432473,NaN,0.0,0.0,-0.0032422623724213157,NaN,NaN,NaN,NaN,NaN
cypress,acacia,38056.0,430.05465610282187,7996.420620092605,NaN,7391.810197779702,183.93405806404496,384.24619965449097,NaN,NaN,NaN,NaN,NaN,0.0,0.0,-6.060556080360738E-4,NaN,0.0,0.0,-0.0012128462683547697,NaN,NaN,NaN,NaN,NaN
desk,adjud,235903.0,6606.172662139433,19111.799430131607,NaN,33014.50416105019,1037.683010357826,565.0757887112649,NaN,NaN,NaN,NaN,NaN,0.0,0.0,-0.0012063043171616206,NaN,0.0,0.0,-0.0024155224895305617,NaN,NaN,NaN,NaN,NaN
dishwash,advic,3494859.0,89916.92895554657,98937.6114280302,NaN,610234.1688622491,27083.24093432578,1350.0521867380191,NaN,NaN,NaN,NaN,NaN,0.0,0.0,-0.0038803579340394513,NaN,0.0,0.0,-0.007790947533152855,NaN,NaN,NaN,NaN,NaN
eagl,aggressor,47900.0,1856.6304507839022,8296.270211576712,NaN,7665.868117832448,583.4902400345164,377.09112078145824,NaN,NaN,NaN,NaN,NaN,0.0,0.0,0.0,NaN,0.0,0.0,0.0,NaN,NaN,NaN,NaN,NaN
eleph,alcohol,3872394.0,179666.54844446274,140982.9214646325,NaN,850038.8807707563,62682.48411759152,1711.0262905113696,NaN,NaN,NaN,NaN,NaN,0.0,0.0,-0.0010358397626126692,NaN,0.0,0.0,-0.0020738276783954282,NaN,NaN,NaN,NaN,NaN
eleph,anim,1.3663915E7,274767.61811788974,432402.6434567383,NaN,1438250.8087148778,26805.375333207467,3003.790994602017,NaN,NaN,NaN,NaN,NaN,0.0,0.0,-0.001618507373432473,NaN,0.0,0.0,-0.0032422623724213157,NaN,NaN,NaN,NaN,NaN
fighter,antler,48463.0,1184.273889956947,8242.26013070687,NaN,8959.914675933025,218.542529742689,386.02653585747794,NaN,NaN,NaN,NaN,NaN,0.0,0.0,-2.0402494428022202E-4,NaN,0.0,0.0,-4.081331579052446E-4,NaN,NaN,NaN,NaN,NaN
fighter,battleship,479050.0,19255.884324202492,17664.133556104374,NaN,152927.90816590673,11664.567177586938,571.1354861124455,NaN,NaN,NaN,NaN,NaN,0.0,0.0,-0.001008100614834332,NaN,0.0,0.0,-0.0020182358144340755,NaN,NaN,NaN,NaN,NaN
fox,audit,666178.0,2840.015010388844,37070.323427090116,NaN,97215.3144005614,536.4919820516689,748.3008208449766,NaN,NaN,NaN,NaN,NaN,0.0,0.0,-0.0015113542827434124,NaN,0.0,0.0,-0.0030272838639196402,NaN,NaN,NaN,NaN,NaN
frigat,allianc,3350623.0,54884.20909483267,137845.78488882974,NaN,581281.0726378419,8781.907674292097,1621.8992672613308,NaN,NaN,NaN,NaN,NaN,0.0,0.0,-0.0011608286535325087,NaN,0.0,0.0,-0.002324355485513597,NaN,NaN,NaN,NaN,NaN
frigat,anchor,2516649.0,91149.81657755729,115086.38788246097,NaN,381415.25178602914,17415.596876107895,1500.2428388073467,NaN,NaN,NaN,NaN,NaN,0.0,0.0,-0.0011884364481775862,NaN,0.0,0.0,-0.0023797010197828482,NaN,NaN,NaN,NaN,NaN
frog,adventur,2880255.0,59175.9438186734,155288.14132711384,NaN,557148.5336416134,22192.97209240825,1682.2142551259262,NaN,NaN,NaN,NaN,NaN,0.0,0.0,-0.0010163310521135345,NaN,0.0,0.0,-0.0020347300635733495,NaN,NaN,NaN,NaN,NaN
glider,battleship,479050.0,19255.884324202492,17664.133556104374,NaN,152927.90816590673,11664.567177586938,571.1354861124455,NaN,NaN,NaN,NaN,NaN,0.0,0.0,-0.001008100614834332,NaN,0.0,0.0,-0.0020182358144340755,NaN,NaN,NaN,NaN,NaN
grape,accolad,10519.0,157.2847250325017,1912.4635379086496,NaN,1870.790474638996,44.380879862632824,174.02166950595438,NaN,NaN,NaN,NaN,NaN,0.0,0.0,-0.001230423605747975,NaN,0.0,0.0,-0.0024638788261653667,NaN,NaN,NaN,NaN,NaN
grape,apricot,83982.0,3018.8796705079694,8332.379762939023,NaN,24488.657701066426,1001.0157512856856,407.73961777705824,NaN,NaN,NaN,NaN,NaN,0.0,0.0,-2.4644373587945204E-4,NaN,0.0,0.0,-4.930089707314731E-4,NaN,NaN,NaN,NaN,NaN
grasshopp,ant,807771.0,36348.23133737031,84853.29583994669,NaN,107417.92901094304,6630.105497073167,1337.5488038039055,NaN,NaN,NaN,NaN,NaN,0.0,0.0,-6.530689100733029E-4,NaN,0.0,0.0,-0.0013069913755797311,NaN,NaN,NaN,NaN,NaN
guitar,bass,704058.0,12467.413061642796,52800.98546118422,NaN,115219.47298091586,2472.0036997932766,1011.9068710226813,NaN,NaN,NaN,NaN,NaN,0.0,0.0,-6.149900751426679E-4,NaN,0.0,0.0,-0.001230737041350877,NaN,NaN,NaN,NaN,NaN
gun,bazooka,4297.0,107.4413671913956,712.7708646579578,NaN,1481.0526661803758,32.974239974130676,110.1478146887094,NaN,NaN,NaN,NaN,NaN,0.0,0.0,0.0,NaN,0.0,0.0,0.0,NaN,NaN,NaN,NaN,NaN
hammer,ashram,302188.0,8638.744022747258,20003.645195150802,NaN,52623.444927142504,1890.8220190550442,674.3004085858274,NaN,NaN,NaN,NaN,NaN,0.0,0.0,-4.928877572333216E-4,NaN,0.0,0.0,-9.862616307498688E-4,NaN,NaN,NaN,NaN,NaN
helicopt,aircraft,1618797.0,46709.69309638907,78380.86262878019,NaN,144814.47045444042,4768.411433929363,1245.7208842485206,NaN,NaN,NaN,NaN,NaN,0.0,0.0,-7.949812890367618E-4,NaN,0.0,0.0,-0.0015912275742216298,NaN,NaN,NaN,NaN,NaN
helicopt,artifact,408087.0,11153.139565921349,37069.869609931586,NaN,49213.1286650219,1302.3646220383328,814.7249309246342,NaN,NaN,NaN,NaN,NaN,0.0,0.0,-7.57122270553218E-4,NaN,0.0,0.0,-0.00151539187804592,NaN,NaN,NaN,NaN,NaN
helicopt,auditorium,164531.0,1390.1177495992217,14134.343211941608,NaN,23674.256757076873,391.2397332341346,473.8007689112098,NaN,NaN,NaN,NaN,NaN,0.0,0.0,-8.599863281546493E-4,NaN,0.0,0.0,-0.0017214530824247434,NaN,NaN,NaN,NaN,NaN
hors,anim,1.3663915E7,274767.61811788974,432402.6434567383,NaN,1438250.8087148778,26805.375333207467,3003.790994602017,NaN,NaN,NaN,NaN,NaN,0.0,0.0,-0.001618507373432473,NaN,0.0,0.0,-0.0032422623724213157,NaN,NaN,NaN,NaN,NaN
jacket,abstract,3979434.0,95691.19500787687,182592.60906097642,NaN,743138.5404714252,21452.01043822724,1860.7257736487031,NaN,NaN,NaN,NaN,NaN,0.0,0.0,-0.0014606132764347442,NaN,0.0,0.0,-0.002925499576390972,NaN,NaN,NaN,NaN,NaN
jacket,apparel,244580.0,10726.40775902397,29403.20219965341,NaN,42525.00772486702,3745.3069243252216,738.2167775816773,NaN,NaN,NaN,NaN,NaN,0.0,0.0,-1.844875824648446E-4,NaN,0.0,0.0,-3.6904324882649017E-4,NaN,NaN,NaN,NaN,NaN
jacket,arm,1.4781175E7,228276.28429587715,456204.5468751137,NaN,2318727.9207433974,45729.52810994499,3057.108588122871,NaN,NaN,NaN,NaN,NaN,0.0,0.0,-0.0014779400963453862,NaN,0.0,0.0,-0.0029602552726536464,NaN,NaN,NaN,NaN,NaN
jacket,artefact,62270.0,1717.5920489661219,10455.2216347531,NaN,7943.773158896218,375.6447778477948,419.0889215543892,NaN,NaN,NaN,NaN,NaN,0.0,0.0,-3.087780380281144E-4,NaN,0.0,0.0,-6.177468227081428E-4,NaN,NaN,NaN,NaN,NaN
jar,actress,485106.0,20519.11863357285,41496.39891752376,NaN,49506.6363228204,2262.748300425756,920.1078931635146,NaN,NaN,NaN,NaN,NaN,0.0,0.0,-0.001160593479319213,NaN,0.0,0.0,-0.0023238840433057804,NaN,NaN,NaN,NaN,NaN
jet,abattoir,5763.0,125.82228216751908,1913.4202479160367,NaN,1221.1171115007767,22.569657393175877,183.98583563716298,NaN,NaN,NaN,NaN,NaN,0.0,0.0,0.0,NaN,0.0,0.0,0.0,NaN,NaN,NaN,NaN,NaN
lemon,ado,200452.0,8684.34797365901,14826.60634484781,NaN,78884.18454924916,5301.315447288929,533.0695678430674,NaN,NaN,NaN,NaN,NaN,0.0,0.0,-0.0012980284515624197,NaN,0.0,0.0,-0.002599431038570779,NaN,NaN,NaN,NaN,NaN
lettuc,backbon,134393.0,3118.7865296861614,12335.913959934884,NaN,61727.718125652435,1167.1986649860946,462.2059031221663,NaN,NaN,NaN,NaN,NaN,0.0,0.0,-7.114844913305629E-4,NaN,0.0,0.0,-0.0014239821238581831,NaN,NaN,NaN,NaN,NaN
motorcycl,back,2.6779916E7,576215.5151097359,347410.0459626675,NaN,9321403.379679156,217056.83877857192,2625.529170935724,NaN,NaN,NaN,NaN,NaN,0.0,0.0,-0.004231638534013985,NaN,0.0,0.0,-0.00849924279133372,NaN,NaN,NaN,NaN,NaN
oak,bark,2165415.0,54949.828179275406,132390.9082504938,NaN,330232.6933163947,9829.110579753196,1626.1717416904576,NaN,NaN,NaN,NaN,NaN,0.0,0.0,-7.501381081598857E-4,NaN,0.0,0.0,-0.0015014024755323544,NaN,NaN,NaN,NaN,NaN
oven,artifact,408087.0,11153.139565921349,37069.869609931586,NaN,49213.1286650219,1302.3646220383328,814.7249309246342,NaN,NaN,NaN,NaN,NaN,0.0,0.0,-7.57122270553218E-4,NaN,0.0,0.0,-0.00151539187804592,NaN,NaN,NaN,NaN,NaN
parslei,aid,1.7360891E7,388945.45648309024,416567.0188052214,NaN,2545828.936493377,65340.44481428838,2872.234075678978,NaN,NaN,NaN,NaN,NaN,0.0,0.0,-0.0021854592989985697,NaN,0.0,0.0,-0.004380491984939818,NaN,NaN,NaN,NaN,NaN
pistol,bazooka,4297.0,107.4413671913956,712.7708646579578,NaN,1481.0526661803758,32.974239974130676,110.1478146887094,NaN,NaN,NaN,NaN,NaN,0.0,0.0,0.0,NaN,0.0,0.0,0.0,NaN,NaN,NaN,NaN,NaN
pub,ars,8029.0,202.7347168660973,1871.3379435082118,NaN,1579.322323023391,60.64346330566521,180.1646096964717,NaN,NaN,NaN,NaN,NaN,0.0,0.0,-6.812024091242517E-4,NaN,0.0,0.0,-0.0013633335243297168,NaN,NaN,NaN,NaN,NaN
pub,artist,5927833.0,128731.85385166275,229702.0368415864,NaN,645759.5868486972,21269.818594221288,2148.0809652532657,NaN,NaN,NaN,NaN,NaN,0.0,0.0,-8.644690470843415E-4,NaN,0.0,0.0,-0.0017304340008003976,NaN,NaN,NaN,NaN,NaN
pub,barman,21196.0,232.67228211116748,2645.3590969068673,NaN,4050.529348122292,63.73190094850865,214.0661511608454,NaN,NaN,NaN,NaN,NaN,0.0,0.0,-8.145922020994696E-4,NaN,0.0,0.0,-0.00163051260705407,NaN,NaN,NaN,NaN,NaN
rabbit,anim,1.3663915E7,274767.61811788974,432402.6434567383,NaN,1438250.8087148778,26805.375333207467,3003.790994602017,NaN,NaN,NaN,NaN,NaN,0.0,0.0,-0.001618507373432473,NaN,0.0,0.0,-0.0032422623724213157,NaN,NaN,NaN,NaN,NaN
radio,artefact,62270.0,1717.5920489661219,10455.2216347531,NaN,7943.773158896218,375.6447778477948,419.0889215543892,NaN,NaN,NaN,NaN,NaN,0.0,0.0,-3.087780380281144E-4,NaN,0.0,0.0,-6.177468227081428E-4,NaN,NaN,NaN,NaN,NaN
rifl,ayri,788.0,10.135924630924631,221.2748653123504,NaN,286.083903776497,3.68981249334857,65.64562590632728,NaN,NaN,NaN,NaN,NaN,0.0,0.0,0.0,NaN,0.0,0.0,0.0,NaN,NaN,NaN,NaN,NaN
robe,adsimili,21.0,2.1,30.204471145639694,166.881711987558,21.0,2.1,30.204471145639694,166.881711987558,NaN,NaN,NaN,NaN,0.0,0.0,0.0,0.0,0.0,0.0,0.0,0.0,NaN,NaN,NaN,NaN
robin,absurd,1192199.0,15411.402657014965,70978.96117949885,NaN,162608.36984300654,2917.0200070967844,1116.4854241916566,NaN,NaN,NaN,NaN,NaN,0.0,0.0,-9.311562302640553E-4,NaN,0.0,0.0,-0.0018640481806049937,NaN,NaN,NaN,NaN,NaN
robin,address,4.4506239E7,1739892.2096558625,689706.2841959766,NaN,5287043.491130653,372116.35317986674,3842.7754227607834,NaN,NaN,NaN,NaN,NaN,0.0,0.0,-0.0024303861529518327,NaN,0.0,0.0,-0.004872614641055962,NaN,NaN,NaN,NaN,NaN
scarf,artefact,62270.0,1717.5920489661219,10455.2216347531,NaN,7943.773158896218,375.6447778477948,419.0889215543892,NaN,NaN,NaN,NaN,NaN,0.0,0.0,-3.087780380281144E-4,NaN,0.0,0.0,-6.177468227081428E-4,NaN,NaN,NaN,NaN,NaN
scarf,bandanna,12868.0,639.8485188735168,1753.3427749371942,NaN,4146.848200742342,226.09395754107263,182.90168311830848,NaN,NaN,NaN,NaN,NaN,0.0,0.0,0.0,NaN,0.0,0.0,0.0,NaN,NaN,NaN,NaN,NaN
scooter,ambul,158120.0,2752.147465589041,20214.475053108927,NaN,23162.987458443265,369.8276255191457,597.6678681853931,NaN,NaN,NaN,NaN,NaN,0.0,0.0,-6.122749430895101E-4,NaN,0.0,0.0,-0.0012253001067321371,NaN,NaN,NaN,NaN,NaN
screwdriv,backyard,30514.0,620.0365451799032,4970.50787716064,NaN,5523.5128315230695,162.14712265491656,284.70843313771593,NaN,NaN,NaN,NaN,NaN,0.0,0.0,-0.0026659496946548756,NaN,0.0,0.0,-0.005346151961499087,NaN,NaN,NaN,NaN,NaN
sheep,astronomi,519021.0,11535.894799472047,40082.59720745107,NaN,117046.08564578313,1208.0227768320447,883.6152376789477,NaN,NaN,NaN,NaN,NaN,0.0,0.0,-9.935252927609232E-4,NaN,0.0,0.0,-0.001989026733889944,NaN,NaN,NaN,NaN,NaN
shirt,apron,254806.0,5675.106775344194,23583.584984220714,NaN,43097.48795463605,1242.7693590611689,672.1655813276583,NaN,NaN,NaN,NaN,NaN,0.0,0.0,-7.663936404497844E-4,NaN,0.0,0.0,-0.0015339629003110527,NaN,NaN,NaN,NaN,NaN
siev,artefact,62270.0,1717.5920489661219,10455.2216347531,NaN,7943.773158896218,375.6447778477948,419.0889215543892,NaN,NaN,NaN,NaN,NaN,0.0,0.0,-3.087780380281144E-4,NaN,0.0,0.0,-6.177468227081428E-4,NaN,NaN,NaN,NaN,NaN
spade,artifact,408087.0,11153.139565921349,37069.869609931586,NaN,49213.1286650219,1302.3646220383328,814.7249309246342,NaN,NaN,NaN,NaN,NaN,0.0,0.0,-7.57122270553218E-4,NaN,0.0,0.0,-0.00151539187804592,NaN,NaN,NaN,NaN,NaN
spinach,amend,9544155.0,158129.43099814098,221045.89119161986,NaN,1186887.120261653,27565.423583658485,2057.717840291809,NaN,NaN,NaN,NaN,NaN,0.0,0.0,-0.002325491695411502,NaN,0.0,0.0,-0.004661824424808363,NaN,NaN,NaN,NaN,NaN
squirrel,accuraci,2150482.0,103129.35685526849,63661.676469250604,NaN,618177.5718400013,52991.35545685045,1065.0554240513493,NaN,NaN,NaN,NaN,NaN,0.0,0.0,-0.00801431743351724,NaN,0.0,0.0,-0.016158131260085248,NaN,NaN,NaN,NaN,NaN
stereo,artifact,408087.0,11153.139565921349,37069.869609931586,NaN,49213.1286650219,1302.3646220383328,814.7249309246342,NaN,NaN,NaN,NaN,NaN,0.0,0.0,-7.57122270553218E-4,NaN,0.0,0.0,-0.00151539187804592,NaN,NaN,NaN,NaN,NaN
swan,approach,6.0669484E7,545551.3124197447,809429.0420538583,NaN,7511623.355272414,85040.2465802119,3962.9323508955445,NaN,NaN,NaN,NaN,NaN,0.0,0.0,-0.002350912855002626,NaN,0.0,0.0,-0.004712905339752891,NaN,NaN,NaN,NaN,NaN
sweater,back,2.6779916E7,576215.5151097359,347410.0459626675,NaN,9321403.379679156,217056.83877857192,2625.529170935724,NaN,NaN,NaN,NaN,NaN,0.0,0.0,-0.004231638534013985,NaN,0.0,0.0,-0.00849924279133372,NaN,NaN,NaN,NaN,NaN
sword,battalion,2108339.0,40345.523592302365,77180.46600579418,NaN,375867.76669328805,9707.327649910709,1248.2706640116662,NaN,NaN,NaN,NaN,NaN,0.0,0.0,-0.0010089010959443423,NaN,0.0,0.0,-0.002019840010689101,NaN,NaN,NaN,NaN,NaN
tabl,artefact,62270.0,1717.5920489661219,10455.2216347531,NaN,7943.773158896218,375.6447778477948,419.0889215543892,NaN,NaN,NaN,NaN,NaN,0.0,0.0,-3.087780380281144E-4,NaN,0.0,0.0,-6.177468227081428E-4,NaN,NaN,NaN,NaN,NaN
turtl,amphibian,99177.0,1452.2008670558257,8355.905513592566,NaN,32736.75437486129,453.30335075375046,386.01480437694556,NaN,NaN,NaN,NaN,NaN,0.0,0.0,-5.509672836643556E-4,NaN,0.0,0.0,-0.0011025420319171622,NaN,NaN,NaN,NaN,NaN
van,artifact,408087.0,11153.139565921349,37069.869609931586,NaN,49213.1286650219,1302.3646220383328,814.7249309246342,NaN,NaN,NaN,NaN,NaN,0.0,0.0,-7.57122270553218E-4,NaN,0.0,0.0,-0.00151539187804592,NaN,NaN,NaN,NaN,NaN
villa,actress,485106.0,20519.11863357285,41496.39891752376,NaN,49506.6363228204,2262.748300425756,920.1078931635146,NaN,NaN,NaN,NaN,NaN,0.0,0.0,-0.001160593479319213,NaN,0.0,0.0,-0.0023238840433057804,NaN,NaN,NaN,NaN,NaN
villa,assist,2.3650668E7,403252.28200569935,484609.2060606679,NaN,4146983.6358514847,46913.49786366617,3137.33805304712,NaN,NaN,NaN,NaN,NaN,0.0,0.0,-0.00214149693611228,NaN,0.0,0.0,-0.004292185574481538,NaN,NaN,NaN,NaN,NaN
wasp,anim,1.3663915E7,274767.61811788974,432402.6434567383,NaN,1438250.8087148778,26805.375333207467,3003.790994602017,NaN,NaN,NaN,NaN,NaN,0.0,0.0,-0.001618507373432473,NaN,0.0,0.0,-0.0032422623724213157,NaN,NaN,NaN,NaN,NaN
whale,anim,1.3663915E7,274767.61811788974,432402.6434567383,NaN,1438250.8087148778,26805.375333207467,3003.790994602017,NaN,NaN,NaN,NaN,NaN,0.0,0.0,-0.001618507373432473,NaN,0.0,0.0,-0.0032422623724213157,NaN,NaN,NaN,NaN,NaN
woodpeck,anim,1.3663915E7,274767.61811788974,432402.6434567383,NaN,1438250.8087148778,26805.375333207467,3003.790994602017,NaN,NaN,NaN,NaN,NaN,0.0,0.0,-0.001618507373432473,NaN,0.0,0.0,-0.0032422623724213157,NaN,NaN,NaN,NaN,NaN
yacht,abort,734270.0,11647.952264422245,50501.248113483394,NaN,98742.47156112712,1106.1384779206921,934.9844688699234,NaN,NaN,NaN,NaN,NaN,0.0,0.0,-0.00126721316119388,NaN,0.0,0.0,-0.0025376420557992672,NaN,NaN,NaN,NaN,NaN
yacht,advert,801906.0,12672.947142045714,21353.684898921198,NaN,230361.4008379008,3451.4214574367165,581.4401457425437,NaN,NaN,NaN,NaN,NaN,0.0,0.0,-0.0018746960651527171,NaN,0.0,0.0,-0.003756434302912109,NaN,NaN,NaN,NaN,NaN
yacht,ambul,158120.0,2752.147465589041,20214.475053108927,NaN,23162.987458443265,369.8276255191457,597.6678681853931,NaN,NaN,NaN,NaN,NaN,0.0,0.0,-6.122749430895101E-4,NaN,0.0,0.0,-0.0012253001067321371,NaN,NaN,NaN,NaN,NaN
