w1,w2,c1,c2,c3,c4,c5,c6,c7,c8,c9,c10,c11,c12,c13,c14,c15,c16,c17,c18,c19,c20,c21,c22,c23,c24
acacia,impact,38056.0,430.05465610282187,7996.420620092605,NaN,7391.810197779702,183.93405806404496,384.24619965449097,NaN,NaN,NaN,NaN,NaN,0.0,0.0,-6.060556080360738E-4,NaN,0.0,0.0,-0.0012128462683547697,NaN,NaN,NaN,NaN,NaN
acacia,mezzo-soprano,38056.0,430.05465610282187,7996.420620092605,NaN,7391.810197779702,183.93405806404496,384.24619965449097,NaN,NaN,NaN,NaN,NaN,0.0,0.0,-6.060556080360738E-4,NaN,0.0,0.0,-0.0012128462683547697,NaN,NaN,NaN,NaN,NaN
acacia,pine,38056.0,430.05465610282187,7996.420620092605,NaN,7391.810197779702,183.93405806404496,384.24619965449097,NaN,NaN,NaN,NaN,NaN,0.0,0.0,-6.060556080360738E-4,NaN,0.0,0.0,-0.0012128462683547697,NaN,NaN,NaN,NaN,NaN
acacia,tree,38056.0,430.05465610282187,7996.420620092605,NaN,7391.810197779702,183.93405806404496,384.24619965449097,NaN,NaN,NaN,NaN,NaN,0.0,0.0,-6.060556080360738E-4,NaN,0.0,0.0,-0.0012128462683547697,NaN,NaN,NaN,NaN,NaN
allig,arrear,84352.0,3726.37900588871,19398.710477846053,NaN,10734.124556758226,993.3224054483907,610.2246038908304,NaN,0.4078187257110597,0.2163572027492114,0.0678865854952509,NaN,0.20586712358429282,0.1667442718054781,0.04688963604239804,NaN,0.341442468341583,0.2858283101702309,0.08957894782425566,NaN,NaN,NaN,NaN,NaN
allig,contest,57906.0,1289.5972527835818,11733.547323521252,NaN,9023.844191917322,124.35764682300633,476.95225859449016,NaN,NaN,NaN,NaN,NaN,0.0,0.0,0.0,NaN,0.0,0.0,0.0,NaN,NaN,NaN,NaN,NaN
ambul,back,1.0022551E7,277092.2415719508,347060.11456775165,NaN,1530299.1666419348,81602.56607971223,2629.3611270958077,NaN,0.8620894260817661,0.3034783601596648,0.10611370645518331,NaN,0.3551328940645569,0.2022916994216155,0.02530022146365175,NaN,0.5241299884609528,0.3365101822110766,0.04935183068142693,NaN,NaN,NaN,NaN,NaN
ambul,battleship,337817.0,7550.691731344877,31908.923679568423,NaN,88192.11099072297,3269.3026537165442,772.8646474390272,NaN,0.8154665208540715,0.9597980783585357,0.12583157672895726,NaN,0.37545618245079515,0.627135835586468,0.08378455534157432,NaN,0.5459369585758891,0.7708463201050828,0.15461478008453086,NaN,NaN,NaN,NaN,NaN
ambul,concentr,158120.0,2752.147465589041,20214.475053108927,NaN,23162.987458443265,369.8276255191457,597.6678681853931,NaN,NaN,NaN,NaN,NaN,0.0,0.0,-6.122749430895101E-4,NaN,0.0,0.0,-0.0012253001067321371,NaN,NaN,NaN,NaN,NaN
ambul,emul,158120.0,2752.147465589041,20214.475053108927,NaN,23162.987458443265,369.8276255191457,597.6678681853931,NaN,NaN,NaN,NaN,NaN,0.0,0.0,-6.122749430895101E-4,NaN,0.0,0.0,-0.0012253001067321371,NaN,NaN,NaN,NaN,NaN
ambul,fighter,158120.0,2752.147465589041,20214.475053108927,NaN,23162.987458443265,369.8276255191457,597.6678681853931,NaN,NaN,NaN,NaN,NaN,0.0,0.0,-6.122749430895101E-4,NaN,0.0,0.0,-0.0012253001067321371,NaN,NaN,NaN,NaN,NaN
ambul,helicopt,158120.0,2752.147465589041,20214.475053108927,NaN,23162.987458443265,369.8276255191457,597.6678681853931,NaN,NaN,NaN,NaN,NaN,0.0,0.0,-6.122749430895101E-4,NaN,0.0,0.0,-0.0012253001067321371,NaN,NaN,NaN,NaN,NaN
ambul,paramed,158120.0,2752.147465589041,20214.475053108927,NaN,23162.987458443265,369.8276255191457,597.6678681853931,NaN,NaN,NaN,NaN,NaN,0.0,0.0,-6.122749430895101E-4,NaN,0.0,0.0,-0.0012253001067321371,NaN,NaN,NaN,NaN,NaN
ambul,petrol,158120.0,2752.147465589041,20214.475053108927,NaN,23162.987458443265,369.8276255191457,597.6678681853931,NaN,NaN,NaN,NaN,NaN,0.0,0.0,-6.122749430895101E-4,NaN,0.0,0.0,-0.0012253001067321371,NaN,NaN,NaN,NaN,NaN
ambul,radiat,158120.0,2752.147465589041,20214.475053108927,NaN,23162.987458443265,369.8276255191457,597.6678681853931,NaN,NaN,NaN,NaN,NaN,0.0,0.0,-6.122749430895101E-4,NaN,0.0,0.0,-0.0012253001067321371,NaN,NaN,NaN,NaN,NaN
ambul,siren,158120.0,2752.147465589041,20214.475053108927,NaN,23162.987458443265,369.8276255191457,597.6678681853931,NaN,NaN,NaN,NaN,NaN,0.0,0.0,-6.122749430895101E-4,NaN,0.0,0.0,-0.0012253001067321371,NaN,NaN,NaN,NaN,NaN
ambul,supplier,158120.0,2752.147465589041,20214.475053108927,NaN,23162.987458443265,369.8276255191457,597.6678681853931,NaN,NaN,NaN,NaN,NaN,0.0,0.0,-6.122749430895101E-4,NaN,0.0,0.0,-0.0012253001067321371,NaN,NaN,NaN,NaN,NaN
ambul,theologi,158120.0,2752.147465589041,20214.475053108927,NaN,23162.987458443265,369.8276255191457,597.6678681853931,NaN,NaN,NaN,NaN,NaN,0.0,0.0,-6.122749430895101E-4,NaN,0.0,0.0,-0.0012253001067321371,NaN,NaN,NaN,NaN,NaN
ambul,train,158120.0,2752.147465589041,20214.475053108927,NaN,23162.987458443265,369.8276255191457,597.6678681853931,NaN,NaN,NaN,NaN,NaN,0.0,0.0,-6.122749430895101E-4,NaN,0.0,0.0,-0.0012253001067321371,NaN,NaN,NaN,NaN,NaN
ant,antenna,680805.0,28544.683820786446,110268.07825693136,NaN,37603.67531239466,1932.368687608387,1530.74160265164,NaN,0.8703872859928794,0.7471245635615564,0.10284561299697292,NaN,0.2619047877178736,0.25791039887954303,0.06307186508134366,NaN,0.41509437204295346,0.4100616373141853,0.11865964504011693,NaN,NaN,NaN,NaN,NaN
ant,bee,807771.0,36348.23133737031,84853.29583994669,NaN,107417.92901094304,6630.105497073167,1337.5488038039055,NaN,NaN,NaN,NaN,NaN,0.0,0.0,-6.530689100733029E-4,NaN,0.0,0.0,-0.0013069913755797311,NaN,NaN,NaN,NaN,NaN
ant,coffee-t,807771.0,36348.23133737031,84853.29583994669,NaN,107417.92901094304,6630.105497073167,1337.5488038039055,NaN,NaN,NaN,NaN,NaN,0.0,0.0,-6.530689100733029E-4,NaN,0.0,0.0,-0.0013069913755797311,NaN,NaN,NaN,NaN,NaN
ant,dragonfli,807771.0,36348.23133737031,84853.29583994669,NaN,107417.92901094304,6630.105497073167,1337.5488038039055,NaN,NaN,NaN,NaN,NaN,0.0,0.0,-6.530689100733029E-4,NaN,0.0,0.0,-0.0013069913755797311,NaN,NaN,NaN,NaN,NaN
ant,fly,807771.0,36348.23133737031,84853.29583994669,NaN,107417.92901094304,6630.105497073167,1337.5488038039055,NaN,NaN,NaN,NaN,NaN,0.0,0.0,-6.530689100733029E-4,NaN,0.0,0.0,-0.0013069913755797311,NaN,NaN,NaN,NaN,NaN
ant,ladybug,807771.0,36348.23133737031,84853.29583994669,NaN,107417.92901094304,6630.105497073167,1337.5488038039055,NaN,NaN,NaN,NaN,NaN,0.0,0.0,-6.530689100733029E-4,NaN,0.0,0.0,-0.0013069913755797311,NaN,NaN,NaN,NaN,NaN
ant,loop,807771.0,36348.23133737031,84853.29583994669,NaN,107417.92901094304,6630.105497073167,1337.5488038039055,NaN,NaN,NaN,NaN,NaN,0.0,0.0,-6.530689100733029E-4,NaN,0.0,0.0,-0.0013069913755797311,NaN,NaN,NaN,NaN,NaN
ant,plagiar,807771.0,36348.23133737031,84853.29583994669,NaN,107417.92901094304,6630.105497073167,1337.5488038039055,NaN,NaN,NaN,NaN,NaN,0.0,0.0,-6.530689100733029E-4,NaN,0.0,0.0,-0.0013069913755797311,NaN,NaN,NaN,NaN,NaN
appl,grape,1675034.0,78371.50539214094,96599.08678565998,NaN,288744.9601638096,15413.461753545896,1422.513994832614,NaN,NaN,NaN,NaN,NaN,0.0,0.0,-5.348589046839848E-4,NaN,0.0,0.0,-0.0010702902636460774,NaN,NaN,NaN,NaN,NaN
appl,intak,1675034.0,78371.50539214094,96599.08678565998,NaN,288744.9601638096,15413.461753545896,1422.513994832614,NaN,NaN,NaN,NaN,NaN,0.0,0.0,-5.348589046839848E-4,NaN,0.0,0.0,-0.0010702902636460774,NaN,NaN,NaN,NaN,NaN
appl,plum,1675034.0,78371.50539214094,96599.08678565998,NaN,288744.9601638096,15413.461753545896,1422.513994832614,NaN,NaN,NaN,NaN,NaN,0.0,0.0,-5.348589046839848E-4,NaN,0.0,0.0,-0.0010702902636460774,NaN,NaN,NaN,NaN,NaN
appl,polythen,1675034.0,78371.50539214094,96599.08678565998,NaN,288744.9601638096,15413.461753545896,1422.513994832614,NaN,NaN,NaN,NaN,NaN,0.0,0.0,-5.348589046839848E-4,NaN,0.0,0.0,-0.0010702902636460774,NaN,NaN,NaN,NaN,NaN
appl,trust,1675034.0,78371.50539214094,96599.08678565998,NaN,288744.9601638096,15413.461753545896,1422.513994832614,NaN,NaN,NaN,NaN,NaN,0.0,0.0,-5.348589046839848E-4,NaN,0.0,0.0,-0.0010702902636460774,NaN,NaN,NaN,NaN,NaN
apricot,advisor,343347.0,6946.220532438536,30568.755717661403,NaN,37761.68143766906,1171.6639449889476,746.8150372724567,NaN,0.4711189202457274,0.0925066248592169,0.03607476474126904,NaN,0.10544320485229979,0.06982579834738085,0.023130464692522373,NaN,0.19077091322188414,0.1305367630043034,0.04521508349274636,NaN,NaN,NaN,NaN,NaN
apricot,strawberri,83982.0,3018.8796705079694,8332.379762939023,NaN,24488.657701066426,1001.0157512856856,407.73961777705824,NaN,NaN,NaN,NaN,NaN,0.0,0.0,-2.4644373587945204E-4,NaN,0.0,0.0,-4.930089707314731E-4,NaN,NaN,NaN,NaN,NaN
apricot,terrier,83982.0,3018.8796705079694,8332.379762939023,NaN,24488.657701066426,1001.0157512856856,407.73961777705824,NaN,NaN,NaN,NaN,NaN,0.0,0.0,-2.4644373587945204E-4,NaN,0.0,0.0,-4.930089707314731E-4,NaN,NaN,NaN,NaN,NaN
ax,access,6209193.0,196231.46622220144,291902.5620500134,NaN,427242.93211590993,20034.831450605463,2453.2360863147596,NaN,0.9979404134739537,0.9657949975600406,0.15823897943937304,NaN,0.6291817653397312,0.5111093448730442,0.08978624380258779,NaN,0.7723898937802423,0.6764690412472879,0.1647777154706913,NaN,NaN,NaN,NaN,NaN
ax,clearanc,1699754.0,76251.26767961153,105904.35277643049,NaN,241783.53260716496,8951.659122299923,1499.0756341758972,NaN,NaN,NaN,NaN,NaN,0.0,0.0,-0.0012671000978611376,NaN,0.0,0.0,-0.002537415354966867,NaN,NaN,NaN,NaN,NaN
ax,edg,1699754.0,76251.26767961153,105904.35277643049,NaN,241783.53260716496,8951.659122299923,1499.0756341758972,NaN,NaN,NaN,NaN,NaN,0.0,0.0,-0.0012671000978611376,NaN,0.0,0.0,-0.002537415354966867,NaN,NaN,NaN,NaN,NaN
ax,grandeur,1699754.0,76251.26767961153,105904.35277643049,NaN,241783.53260716496,8951.659122299923,1499.0756341758972,NaN,NaN,NaN,NaN,NaN,0.0,0.0,-0.0012671000978611376,NaN,0.0,0.0,-0.002537415354966867,NaN,NaN,NaN,NaN,NaN
ax,handl,1699754.0,76251.26767961153,105904.35277643049,NaN,241783.53260716496,8951.659122299923,1499.0756341758972,NaN,NaN,NaN,NaN,NaN,0.0,0.0,-0.0012671000978611376,NaN,0.0,0.0,-0.002537415354966867,NaN,NaN,NaN,NaN,NaN
ax,scissor,1699754.0,76251.26767961153,105904.35277643049,NaN,241783.53260716496,8951.659122299923,1499.0756341758972,NaN,NaN,NaN,NaN,NaN,0.0,0.0,-0.0012671000978611376,NaN,0.0,0.0,-0.002537415354966867,NaN,NaN,NaN,NaN,NaN
bag,bottom,3763038.0,119962.29578448276,144185.12373365724,NaN,430634.599408826,20217.303092692484,1723.6013221005508,NaN,NaN,NaN,NaN,NaN,0.0,0.0,-0.0012722787060153536,NaN,0.0,0.0,-0.002547798922346817,NaN,NaN,NaN,NaN,NaN
bag,circumcis,3763038.0,119962.29578448276,144185.12373365724,NaN,430634.599408826,20217.303092692484,1723.6013221005508,NaN,NaN,NaN,NaN,NaN,0.0,0.0,-0.0012722787060153536,NaN,0.0,0.0,-0.002547798922346817,NaN,NaN,NaN,NaN,NaN
bag,kiln,3763038.0,119962.29578448276,144185.12373365724,NaN,430634.599408826,20217.303092692484,1723.6013221005508,NaN,NaN,NaN,NaN,NaN,0.0,0.0,-0.0012722787060153536,NaN,0.0,0.0,-0.002547798922346817,NaN,NaN,NaN,NaN,NaN
bag,mug,3763038.0,119962.29578448276,144185.12373365724,NaN,430634.599408826,20217.303092692484,1723.6013221005508,NaN,NaN,NaN,NaN,NaN,0.0,0.0,-0.0012722787060153536,NaN,0.0,0.0,-0.002547798922346817,NaN,NaN,NaN,NaN,NaN
bag,resect,3763038.0,119962.29578448276,144185.12373365724,NaN,430634.599408826,20217.303092692484,1723.6013221005508,NaN,NaN,NaN,NaN,NaN,0.0,0.0,-0.0012722787060153536,NaN,0.0,0.0,-0.002547798922346817,NaN,NaN,NaN,NaN,NaN
bag,siren,3763038.0,119962.29578448276,144185.12373365724,NaN,430634.599408826,20217.303092692484,1723.6013221005508,NaN,NaN,NaN,NaN,NaN,0.0,0.0,-0.0012722787060153536,NaN,0.0,0.0,-0.002547798922346817,NaN,NaN,NaN,NaN,NaN
bag,summat,3763038.0,119962.29578448276,144185.12373365724,NaN,430634.599408826,20217.303092692484,1723.6013221005508,NaN,NaN,NaN,NaN,NaN,0.0,0.0,-0.0012722787060153536,NaN,0.0,0.0,-0.002547798922346817,NaN,NaN,NaN,NaN,NaN
banana,appl,613179.0,27420.791455725685,94563.65103261525,NaN,42470.54954906988,3553.5028221882403,1409.090549118817,NaN,0.9884911722559642,0.9708322191456746,0.24691909194864234,NaN,0.5545845152526614,0.557834141153722,0.1145132397769526,NaN,0.7134826184249322,0.7161662803725624,0.2054946243615194,NaN,NaN,NaN,NaN,NaN
banana,casement,274739.0,12726.60745852105,22639.04061653705,NaN,76603.43217506641,7380.120952640315,669.8223043258985,NaN,NaN,NaN,NaN,NaN,0.0,0.0,-3.7238755606367277E-4,NaN,0.0,0.0,-7.45052560429463E-4,NaN,NaN,NaN,NaN,NaN
banana,experi,274739.0,12726.60745852105,22639.04061653705,NaN,76603.43217506641,7380.120952640315,669.8223043258985,NaN,NaN,NaN,NaN,NaN,0.0,0.0,-3.7238755606367277E-4,NaN,0.0,0.0,-7.45052560429463E-4,NaN,NaN,NaN,NaN,NaN
banana,peach,274739.0,12726.60745852105,22639.04061653705,NaN,76603.43217506641,7380.120952640315,669.8223043258985,NaN,NaN,NaN,NaN,NaN,0.0,0.0,-3.7238755606367277E-4,NaN,0.0,0.0,-7.45052560429463E-4,NaN,NaN,NaN,NaN,NaN
battleship,anchor,1723335.0,52864.539743378235,123715.60937303245,NaN,175295.38939458734,6110.263780613641,1559.7953868076845,NaN,0.8886623199653869,0.9363222810045874,0.08455974505227101,NaN,0.3512807550030698,0.4299847084403105,0.03467044080157483,NaN,0.5199226788400043,0.6013836454367344,0.06701736018420545,NaN,NaN,NaN,NaN,NaN
battleship,arrow,921812.0,22959.829024991333,88546.26044926497,NaN,72752.07855449905,3538.2988980749265,1308.8147467238844,NaN,0.863414185784486,0.4471661776825902,0.11746337269528008,NaN,0.28722937028331064,0.20169331189809148,0.05680682904176403,NaN,0.44627535218543585,0.33568184145006813,0.10750655177592362,NaN,NaN,NaN,NaN,NaN
battleship,artefact,318947.0,7397.262661392468,25238.970992380066,NaN,88127.42942466891,3312.6195252595,679.6787754100823,NaN,0.8170998942620846,0.9588184405709548,0.08448119331973923,NaN,0.3712133458980132,0.6265094690084588,0.054060739533451196,NaN,0.5414377667902642,0.77037297469948,0.10257613722977597,NaN,NaN,NaN,NaN,NaN
battleship,captain,479050.0,19255.884324202492,17664.133556104374,NaN,152927.90816590673,11664.567177586938,571.1354861124455,NaN,NaN,NaN,NaN,NaN,0.0,0.0,-0.001008100614834332,NaN,0.0,0.0,-0.0020182358144340755,NaN,NaN,NaN,NaN,NaN
battleship,engin,479050.0,19255.884324202492,17664.133556104374,NaN,152927.90816590673,11664.567177586938,571.1354861124455,NaN,NaN,NaN,NaN,NaN,0.0,0.0,-0.001008100614834332,NaN,0.0,0.0,-0.0020182358144340755,NaN,NaN,NaN,NaN,NaN
battleship,fin,479050.0,19255.884324202492,17664.133556104374,NaN,152927.90816590673,11664.567177586938,571.1354861124455,NaN,NaN,NaN,NaN,NaN,0.0,0.0,-0.001008100614834332,NaN,0.0,0.0,-0.0020182358144340755,NaN,NaN,NaN,NaN,NaN
battleship,linguist,479050.0,19255.884324202492,17664.133556104374,NaN,152927.90816590673,11664.567177586938,571.1354861124455,NaN,NaN,NaN,NaN,NaN,0.0,0.0,-0.001008100614834332,NaN,0.0,0.0,-0.0020182358144340755,NaN,NaN,NaN,NaN,NaN
battleship,motorcycl,479050.0,19255.884324202492,17664.133556104374,NaN,152927.90816590673,11664.567177586938,571.1354861124455,NaN,NaN,NaN,NaN,NaN,0.0,0.0,-0.001008100614834332,NaN,0.0,0.0,-0.0020182358144340755,NaN,NaN,NaN,NaN,NaN
battleship,plantat,479050.0,19255.884324202492,17664.133556104374,NaN,152927.90816590673,11664.567177586938,571.1354861124455,NaN,NaN,NaN,NaN,NaN,0.0,0.0,-0.001008100614834332,NaN,0.0,0.0,-0.0020182358144340755,NaN,NaN,NaN,NaN,NaN
battleship,porthol,479050.0,19255.884324202492,17664.133556104374,NaN,152927.90816590673,11664.567177586938,571.1354861124455,NaN,NaN,NaN,NaN,NaN,0.0,0.0,-0.001008100614834332,NaN,0.0,0.0,-0.0020182358144340755,NaN,NaN,NaN,NaN,NaN
battleship,travelogu,479050.0,19255.884324202492,17664.133556104374,NaN,152927.90816590673,11664.567177586938,571.1354861124455,NaN,NaN,NaN,NaN,NaN,0.0,0.0,-0.001008100614834332,NaN,0.0,0.0,-0.0020182358144340755,NaN,NaN,NaN,NaN,NaN
beaver,airwai,538824.0,21168.754411215537,34036.86982048397,NaN,86504.06081797548,4373.975291270798,820.657152894376,NaN,NaN,NaN,NaN,NaN,0.0,0.0,-3.82725918287684E-4,NaN,0.0,0.0,-7.65744906998073E-4,NaN,NaN,NaN,NaN,NaN
beetl,antenna,459155.0,19504.735237513163,40384.00371594525,NaN,46738.14075249464,2397.0632249653895,895.0726114076856,NaN,NaN,NaN,NaN,NaN,0.0,0.0,-2.2349242034293192E-4,NaN,0.0,0.0,-4.470847607411404E-4,NaN,NaN,NaN,NaN,NaN
bomber,back,2.6779916E7,576215.5151097359,347410.0459626675,NaN,9321403.379679156,217056.83877857192,2625.529170935724,NaN,NaN,NaN,NaN,NaN,0.0,0.0,-0.004231638534013985,NaN,0.0,0.0,-0.00849924279133372,NaN,NaN,NaN,NaN,NaN
box,basket,1207436.0,25779.2126109471,69062.2433997081,NaN,191484.7231191042,3529.0589740676987,1147.8662881279793,NaN,NaN,NaN,NaN,NaN,0.0,0.0,-0.0013495372035800186,NaN,0.0,0.0,-0.002702721830821659,NaN,NaN,NaN,NaN,NaN
broccoli,appropri,6573217.0,164609.66191969553,194290.19360897364,NaN,1148009.0413620444,27066.681987821834,1923.7156063925545,NaN,NaN,NaN,NaN,NaN,0.0,0.0,-0.0024239628792875247,NaN,0.0,0.0,-0.004859705504321795,NaN,NaN,NaN,NaN,NaN
bull,access,1.8240243E7,428553.893804329,245684.3264666272,NaN,6676247.602332391,79950.93007749875,2191.751666601263,NaN,NaN,NaN,NaN,NaN,0.0,0.0,-0.004457753919000696,NaN,0.0,0.0,-0.008955428936439126,NaN,NaN,NaN,NaN,NaN
bull,anim,1.3663915E7,274767.61811788974,432402.6434567383,NaN,1438250.8087148778,26805.375333207467,3003.790994602017,NaN,NaN,NaN,NaN,NaN,0.0,0.0,-0.001618507373432473,NaN,0.0,0.0,-0.0032422623724213157,NaN,NaN,NaN,NaN,NaN
car,acceler,3985155.0,99871.32679392192,123314.52600138915,NaN,442827.14608185436,16404.44559338132,1474.9226203515623,NaN,NaN,NaN,NaN,NaN,0.0,0.0,-0.002305498280258807,NaN,0.0,0.0,-0.004621651770726977,NaN,NaN,NaN,NaN,NaN
castl,avoid,3.3746341E7,582830.6739518528,500910.55663806904,NaN,2889954.534123504,57555.32098052881,3206.929394582527,NaN,NaN,NaN,NaN,NaN,0.0,0.0,-0.0019570072463881206,NaN,0.0,0.0,-0.003921689267090015,NaN,NaN,NaN,NaN,NaN
cat,badminton,9732.0,195.2619895024399,1433.2751034031262,NaN,2482.2461602347175,60.692064434656714,169.41249020829136,NaN,NaN,NaN,NaN,NaN,0.0,0.0,-0.004965947331003719,NaN,0.0,0.0,-0.009981462076968073,NaN,NaN,NaN,NaN,NaN
cello,artifact,408087.0,11153.139565921349,37069.869609931586,NaN,49213.1286650219,1302.3646220383328,814.7249309246342,NaN,NaN,NaN,NaN,NaN,0.0,0.0,-7.57122270553218E-4,NaN,0.0,0.0,-0.00151539187804592,NaN,NaN,NaN,NaN,NaN
chair,armrest,1543.0,34.363821901950516,564.3921957448356,NaN,452.98454719780455,12.087961951199294,95.96740102255592,NaN,NaN,NaN,NaN,NaN,0.0,0.0,0.0,NaN,0.0,0.0,0.0,NaN,NaN,NaN,NaN,NaN
chair,artifact,408087.0,11153.139565921349,37069.869609931586,NaN,49213.1286650219,1302.3646220383328,814.7249309246342,NaN,NaN,NaN,NaN,NaN,0.0,0.0,-7.57122270553218E-4,NaN,0.0,0.0,-0.00151539187804592,NaN,NaN,NaN,NaN,NaN
chair,back,2.6779916E7,576215.5151097359,347410.0459626675,NaN,9321403.379679156,217056.83877857192,2625.529170935724,NaN,NaN,NaN,NaN,NaN,0.0,0.0,-0.004231638534013985,NaN,0.0,0.0,-0.00849924279133372,NaN,NaN,NaN,NaN,NaN
cherri,appl,1675034.0,78371.50539214094,96599.08678565998,NaN,288744.9601638096,15413.461753545896,1422.513994832614,NaN,NaN,NaN,NaN,NaN,0.0,0.0,-5.348589046839848E-4,NaN,0.0,0.0,-0.0010702902636460774,NaN,NaN,NaN,NaN,NaN
clarinet,architectur,3959919.0,144487.5900645104,197900.4784697835,NaN,488898.95323778305,16350.29741060734,2036.7363544174116,NaN,NaN,NaN,NaN,NaN,0.0,0.0,-7.117469281987813E-4,NaN,0.0,0.0,-0.001424507745409553,NaN,NaN,NaN,NaN,NaN
clarinet,bagpip,12487.0,227.48311214183784,2990.734100439302,NaN,1957.7893145075648,77.96557095508282,230.34554248749896,NaN,NaN,NaN,NaN,NaN,0.0,0.0,-9.542062402255776E-4,NaN,0.0,0.0,-0.0019102352388363514,NaN,NaN,NaN,NaN,NaN
clarinet,banjo,21969.0,692.4147274498247,4316.805513625101,NaN,5445.4200021669585,335.0965890001487,289.58325511646933,NaN,NaN,NaN,NaN,NaN,0.0,0.0,-9.290432001036509E-4,NaN,0.0,0.0,-0.0018598142479878505,NaN,NaN,NaN,NaN,NaN
couch,artefact,62270.0,1717.5920489661219,10455.2216347531,NaN,7943.773158896218,375.6447778477948,419.0889215543892,NaN,NaN,NaN,NaN,NaN,0.0,0.0,-3.087780380281144E-4,NaN,0.0,0.0,-6.177468227081428E-4,NaN,NaN,NaN,NaN,NaN
cow,barrio,209602.0,2293.899388011294,14921.666427559521,NaN,33236.36360975731,536.7430827692754,512.7005006756239,NaN,NaN,NaN,NaN,NaN,0.0,0.0,-6.73110010364972E-4,NaN,0.0,0.0,-0.0013471267852543296,NaN,NaN,NaN,NaN,NaN
cypress,bark,2165415.0,54949.828179275406,132390.9082504938,NaN,330232.6933163947,9829.110579753196,1626.1717416904576,NaN,NaN,NaN,NaN,NaN,0.0,0.0,-7.501381081598857E-4,NaN,0.0,0.0,-0.0015014024755323544,NaN,NaN,NaN,NaN,NaN
dress,alkylresorcinol,10.0,0.6666666666666666,18.91283996273879,NaN,10.0,0.6666666666666666,18.91283996273879,NaN,NaN,NaN,NaN,NaN,0.0,0.0,0.0,NaN,0.0,0.0,0.0,NaN,NaN,NaN,NaN,NaN
eleph,account,5.5766309E7,1756346.89506144,694661.9142435278,NaN,1.6407035995776415E7,804455.6431349656,3851.6161009233915,NaN,NaN,NaN,NaN,NaN,0.0,0.0,-0.003399557311856011,NaN,0.0,0.0,-0.006822307448883598,NaN,NaN,NaN,NaN,NaN
ferri,anchor,2516649.0,91149.81657755729,115086.38788246097,NaN,381415.25178602914,17415.596876107895,1500.2428388073467,NaN,NaN,NaN,NaN,NaN,0.0,0.0,-0.0011884364481775862,NaN,0.0,0.0,-0.0023797010197828482,NaN,NaN,NaN,NaN,NaN
flute,artefact,62270.0,1717.5920489661219,10455.2216347531,NaN,7943.773158896218,375.6447778477948,419.0889215543892,NaN,NaN,NaN,NaN,NaN,0.0,0.0,-3.087780380281144E-4,NaN,0.0,0.0,-6.177468227081428E-4,NaN,NaN,NaN,NaN,NaN
fork,aeroplan,71419.0,885.8466823082885,11911.38715516899,NaN,9074.379262517079,145.57597199254727,442.42458706373594,NaN,NaN,NaN,NaN,NaN,0.0,0.0,-7.838811001435039E-4,NaN,0.0,0.0,-0.0015689921035432497,NaN,NaN,NaN,NaN,NaN
freezer,admiss,2383761.0,16715.011838268623,83597.59022939071,NaN,579741.5355147499,2472.325417038209,1195.057487369059,NaN,NaN,NaN,NaN,NaN,0.0,0.0,-0.0017519485870048333,NaN,0.0,0.0,-0.0035100465951824157,NaN,NaN,NaN,NaN,NaN
frog,amphibian,99177.0,1452.2008670558257,8355.905513592566,NaN,32736.75437486129,453.30335075375046,386.01480437694556,NaN,NaN,NaN,NaN,NaN,0.0,0.0,-5.509672836643556E-4,NaN,0.0,0.0,-0.0011025420319171622,NaN,NaN,NaN,NaN,NaN
frog,anim,1.3663915E7,274767.61811788974,432402.6434567383,NaN,1438250.8087148778,26805.375333207467,3003.790994602017,NaN,NaN,NaN,NaN,NaN,0.0,0.0,-0.001618507373432473,NaN,0.0,0.0,-0.0032422623724213157,NaN,NaN,NaN,NaN,NaN
goldfish,anim,1.3663915E7,274767.61811788974,432402.6434567383,NaN,1438250.8087148778,26805.375333207467,3003.790994602017,NaN,NaN,NaN,NaN,NaN,0.0,0.0,-0.001618507373432473,NaN,0.0,0.0,-0.0032422623724213157,NaN,NaN,NaN,NaN,NaN
goos,anim,1.3663915E7,274767.61811788974,432402.6434567383,NaN,1438250.8087148778,26805.375333207467,3003.790994602017,NaN,NaN,NaN,NaN,NaN,0.0,0.0,-0.001618507373432473,NaN,0.0,0.0,-0.0032422623724213157,NaN,NaN,NaN,NaN,NaN
grape,banana,274739.0,12726.60745852105,22639.04061653705,NaN,76603.43217506641,7380.120952640315,669.8223043258985,NaN,NaN,NaN,NaN,NaN,0.0,0.0,-3.7238755606367277E-4,NaN,0.0,0.0,-7.45052560429463E-4,NaN,NaN,NaN,NaN,NaN
grapefruit,apricot,83982.0,3018.8796705079694,8332.379762939023,NaN,24488.657701066426,1001.0157512856856,407.73961777705824,NaN,NaN,NaN,NaN,NaN,0.0,0.0,-2.4644373587945204E-4,NaN,0.0,0.0,-4.930089707314731E-4,NaN,NaN,NaN,NaN,NaN
grasshopp,arthropod,50817.0,1726.8887375010208,7608.584444555959,NaN,7489.95333763836,250.5655245840993,378.5019209186961,NaN,NaN,NaN,NaN,NaN,0.0,0.0,-0.0013060761247334009,NaN,0.0,0.0,-0.002615568380881679,NaN,NaN,NaN,NaN,NaN
guitar,abductor,51797.0,1516.1466856083332,3868.417271307527,NaN,12083.165520673794,508.485920026685,275.5861490468301,NaN,NaN,NaN,NaN,NaN,0.0,0.0,-0.001842924786758774,NaN,0.0,0.0,-0.0036926548586855646,NaN,NaN,NaN,NaN,NaN
guitar,arrang,3.3383267E7,1063315.7547404813,607881.1100569268,NaN,3833224.436108718,163098.16932886193,3589.4112263232337,NaN,NaN,NaN,NaN,NaN,0.0,0.0,-0.0021428259970675593,NaN,0.0,0.0,-0.004294855121342768,NaN,NaN,NaN,NaN,NaN
gun,artefact,62270.0,1717.5920489661219,10455.2216347531,NaN,7943.773158896218,375.6447778477948,419.0889215543892,NaN,NaN,NaN,NaN,NaN,0.0,0.0,-3.087780380281144E-4,NaN,0.0,0.0,-6.177468227081428E-4,NaN,NaN,NaN,NaN,NaN
hat,apron,254806.0,5675.106775344194,23583.584984220714,NaN,43097.48795463605,1242.7693590611689,672.1655813276583,NaN,NaN,NaN,NaN,NaN,0.0,0.0,-7.663936404497844E-4,NaN,0.0,0.0,-0.0015339629003110527,NaN,NaN,NaN,NaN,NaN
hatchet,artefact,62270.0,1717.5920489661219,10455.2216347531,NaN,7943.773158896218,375.6447778477948,419.0889215543892,NaN,NaN,NaN,NaN,NaN,0.0,0.0,-3.087780380281144E-4,NaN,0.0,0.0,-6.177468227081428E-4,NaN,NaN,NaN,NaN,NaN
hors,assur,3.7719066E7,753916.9705230875,479393.3174224873,NaN,5007862.059263014,212925.92171036152,3088.527637273835,NaN,NaN,NaN,NaN,NaN,0.0,0.0,-0.0028426166252458838,NaN,0.0,0.0,-0.005701440259360879,NaN,NaN,NaN,NaN,NaN
hotel,alter,2.048654E7,548084.1684864053,411142.5413883769,NaN,2028765.0237644576,62608.96281208656,2914.1453648368242,NaN,NaN,NaN,NaN,NaN,0.0,0.0,-0.0018455237561938503,NaN,0.0,0.0,-0.003697872023053613,NaN,NaN,NaN,NaN,NaN
jacket,appointe,85453.0,3760.158650142344,9012.873114587683,NaN,14483.652819644636,922.1459837215516,396.1788035455673,NaN,NaN,NaN,NaN,NaN,0.0,0.0,-0.021831822404851424,NaN,0.0,0.0,-0.044638177574996406,NaN,NaN,NaN,NaN,NaN
jacket,artifact,408087.0,11153.139565921349,37069.869609931586,NaN,49213.1286650219,1302.3646220383328,814.7249309246342,NaN,NaN,NaN,NaN,NaN,0.0,0.0,-7.57122270553218E-4,NaN,0.0,0.0,-0.00151539187804592,NaN,NaN,NaN,NaN,NaN
jet,aesthet,514493.0,19476.089239818873,41433.66926734305,NaN,120982.80832002537,5445.691119152422,883.2367087652894,NaN,NaN,NaN,NaN,NaN,0.0,0.0,-5.005654733742547E-4,NaN,0.0,0.0,-0.0010016323293095773,NaN,NaN,NaN,NaN,NaN
jet,anchorag,127636.0,4238.040789783828,18091.180387710912,NaN,17065.685160578814,1049.403334772774,560.9088639397756,NaN,NaN,NaN,NaN,NaN,0.0,0.0,-3.440633490692776E-4,NaN,0.0,0.0,-6.88363538803093E-4,NaN,NaN,NaN,NaN,NaN
jet,axiom,477240.0,11984.271657284995,38394.25792525011,NaN,76033.1805726947,3424.813891327395,825.0347524329782,NaN,NaN,NaN,NaN,NaN,0.0,0.0,-0.0014850152599041367,NaN,0.0,0.0,-0.0029744476199136316,NaN,NaN,NaN,NaN,NaN
jet,basebal,246861.0,14548.213853916259,15364.154190194531,NaN,68873.18960960062,5621.412944420519,547.2038130539472,NaN,NaN,NaN,NaN,NaN,0.0,0.0,-4.1203265073230555E-4,NaN,0.0,0.0,-8.244049832351304E-4,NaN,NaN,NaN,NaN,NaN
lemon,annum,225568.0,2644.1538716232303,21810.670305663793,NaN,46896.29279591298,773.822519522118,638.7044412235313,NaN,NaN,NaN,NaN,NaN,0.0,0.0,-0.001169437962243964,NaN,0.0,0.0,-0.0023416142971399365,NaN,NaN,NaN,NaN,NaN
lemon,apricot,83982.0,3018.8796705079694,8332.379762939023,NaN,24488.657701066426,1001.0157512856856,407.73961777705824,NaN,NaN,NaN,NaN,NaN,0.0,0.0,-2.4644373587945204E-4,NaN,0.0,0.0,-4.930089707314731E-4,NaN,NaN,NaN,NaN,NaN
mackerel,baro,28247.0,405.1498282750372,6384.291064777224,NaN,3847.141666224419,107.25032261619752,324.5237382604705,NaN,NaN,NaN,NaN,NaN,0.0,0.0,-0.001982578742740894,NaN,0.0,0.0,-0.0039730343389062835,NaN,NaN,NaN,NaN,NaN
musket,bank,3.002182E7,812403.1012715482,514274.1213765091,NaN,5135577.185010269,254121.7954320491,3344.629994394221,NaN,NaN,NaN,NaN,NaN,0.0,0.0,-0.0016517721068076059,NaN,0.0,0.0,-0.0033090099439417606,NaN,NaN,NaN,NaN,NaN
oven,applianc,635858.0,15317.980567244615,41496.506735799194,NaN,85750.92279386852,2255.895557223852,870.7506596682455,NaN,NaN,NaN,NaN,NaN,0.0,0.0,-0.01699444306598084,NaN,0.0,0.0,-0.03457649439741984,NaN,NaN,NaN,NaN,NaN
owl,axiom,477240.0,11984.271657284995,38394.25792525011,NaN,76033.1805726947,3424.813891327395,825.0347524329782,NaN,NaN,NaN,NaN,NaN,0.0,0.0,-0.0014850152599041367,NaN,0.0,0.0,-0.0029744476199136316,NaN,NaN,NaN,NaN,NaN
peach,banana,274739.0,12726.60745852105,22639.04061653705,NaN,76603.43217506641,7380.120952640315,669.8223043258985,NaN,NaN,NaN,NaN,NaN,0.0,0.0,-3.7238755606367277E-4,NaN,0.0,0.0,-7.45052560429463E-4,NaN,NaN,NaN,NaN,NaN
pear,appl,1675034.0,78371.50539214094,96599.08678565998,NaN,288744.9601638096,15413.461753545896,1422.513994832614,NaN,NaN,NaN,NaN,NaN,0.0,0.0,-5.348589046839848E-4,NaN,0.0,0.0,-0.0010702902636460774,NaN,NaN,NaN,NaN,NaN
pheasant,auction,236014.0,5065.4811347662235,27054.75291296505,NaN,25461.678499266305,917.2580848450243,674.2139440003779,NaN,NaN,NaN,NaN,NaN,0.0,0.0,-7.136234484245897E-4,NaN,0.0,0.0,-0.0014282661410580297,NaN,NaN,NaN,NaN,NaN
pistol,back,2.6779916E7,576215.5151097359,347410.0459626675,NaN,9321403.379679156,217056.83877857192,2625.529170935724,NaN,NaN,NaN,NaN,NaN,0.0,0.0,-0.004231638534013985,NaN,0.0,0.0,-0.00849924279133372,NaN,NaN,NaN,NaN,NaN
radio,addict,1506351.0,27180.93519892249,75170.81766245984,NaN,311537.47842434625,5559.333416569097,1178.5983596337737,NaN,NaN,NaN,NaN,NaN,0.0,0.0,-8.235109766467178E-4,NaN,0.0,0.0,-0.0016483794118327582,NaN,NaN,NaN,NaN,NaN
radio,antenna,459155.0,19504.735237513163,40384.00371594525,NaN,46738.14075249464,2397.0632249653895,895.0726114076856,NaN,NaN,NaN,NaN,NaN,0.0,0.0,-2.2349242034293192E-4,NaN,0.0,0.0,-4.470847607411404E-4,NaN,NaN,NaN,NaN,NaN
radio,artifact,408087.0,11153.139565921349,37069.869609931586,NaN,49213.1286650219,1302.3646220383328,814.7249309246342,NaN,NaN,NaN,NaN,NaN,0.0,0.0,-7.57122270553218E-4,NaN,0.0,0.0,-0.00151539187804592,NaN,NaN,NaN,NaN,NaN
rat,autobiographi,912142.0,41771.017497166264,55062.936700663035,NaN,350349.3935316572,19382.046742568888,1042.1813423711546,NaN,NaN,NaN,NaN,NaN,0.0,0.0,-9.148165352232005E-4,NaN,0.0,0.0,-0.0018313083816350135,NaN,NaN,NaN,NaN,NaN
revolv,ammo,3978.0,110.09620382059099,1021.9354494391464,NaN,750.0013333321482,26.17327367290337,128.64750201185993,NaN,NaN,NaN,NaN,NaN,0.0,0.0,0.0,NaN,0.0,0.0,0.0,NaN,NaN,NaN,NaN,NaN
revolv,arm,1.4781175E7,228276.28429587715,456204.5468751137,NaN,2318727.9207433974,45729.52810994499,3057.108588122871,NaN,NaN,NaN,NaN,NaN,0.0,0.0,-0.0014779400963453862,NaN,0.0,0.0,-0.0029602552726536464,NaN,NaN,NaN,NaN,NaN
revolv,barrel,1707833.0,28243.76178964278,84902.38766897569,NaN,358555.07492852473,4740.435119995151,1286.033928446627,NaN,NaN,NaN,NaN,NaN,0.0,0.0,-0.0011019657052490513,NaN,0.0,0.0,-0.0022063627465781707,NaN,NaN,NaN,NaN,NaN
rifl,ars,8029.0,202.7347168660973,1871.3379435082118,NaN,1579.322323023391,60.64346330566521,180.1646096964717,NaN,NaN,NaN,NaN,NaN,0.0,0.0,-6.812024091242517E-4,NaN,0.0,0.0,-0.0013633335243297168,NaN,NaN,NaN,NaN,NaN
rifl,azalea,18211.0,394.380492368243,4618.502072421318,NaN,4811.457887168919,84.69818765106271,306.9967904768875,NaN,NaN,NaN,NaN,NaN,0.0,0.0,0.0,NaN,0.0,0.0,0.0,NaN,NaN,NaN,NaN,NaN
saw,aftermath,367305.0,1770.6826761180455,8842.348597278404,NaN,284740.9500317789,289.87340071411967,387.62914648809,NaN,NaN,NaN,NaN,NaN,0.0,0.0,-0.0028221958554705048,NaN,0.0,0.0,-0.005660366373460634,NaN,NaN,NaN,NaN,NaN
saxophon,artefact,62270.0,1717.5920489661219,10455.2216347531,NaN,7943.773158896218,375.6447778477948,419.0889215543892,NaN,NaN,NaN,NaN,NaN,0.0,0.0,-3.087780380281144E-4,NaN,0.0,0.0,-6.177468227081428E-4,NaN,NaN,NaN,NaN,NaN
scarf,backup,159742.0,4365.790006611922,13075.009338159609,NaN,27556.14624725308,792.2497863091892,479.25820045014814,NaN,NaN,NaN,NaN,NaN,0.0,0.0,-3.093373350417388E-4,NaN,0.0,0.0,-6.188661084762213E-4,NaN,NaN,NaN,NaN,NaN
screwdriv,afterthought,22216.0,626.3801021607829,5166.7020250143805,NaN,5258.535537580781,161.95115590179788,294.5268006144135,NaN,NaN,NaN,NaN,NaN,0.0,0.0,-3.752845905435147E-4,NaN,0.0,0.0,-7.508509638835696E-4,NaN,NaN,NaN,NaN,NaN
sheep,acryl,48863.0,1089.9336343991006,7175.936432546997,NaN,10865.41066872302,178.011499742295,373.28555639237425,NaN,NaN,NaN,NaN,NaN,0.0,0.0,-5.603417696028116E-4,NaN,0.0,0.0,-0.0011213118570758936,NaN,NaN,NaN,NaN,NaN
shirt,arm,1.4781175E7,228276.28429587715,456204.5468751137,NaN,2318727.9207433974,45729.52810994499,3057.108588122871,NaN,NaN,NaN,NaN,NaN,0.0,0.0,-0.0014779400963453862,NaN,0.0,0.0,-0.0029602552726536464,NaN,NaN,NaN,NaN,NaN
shirt,artefact,62270.0,1717.5920489661219,10455.2216347531,NaN,7943.773158896218,375.6447778477948,419.0889215543892,NaN,NaN,NaN,NaN,NaN,0.0,0.0,-3.087780380281144E-4,NaN,0.0,0.0,-6.177468227081428E-4,NaN,NaN,NaN,NaN,NaN
siev,alm,93286.0,2936.176353752527,14745.717997665533,NaN,11960.280264274747,531.463786602793,517.0461613006086,NaN,NaN,NaN,NaN,NaN,0.0,0.0,-2.814662449219803E-4,NaN,0.0,0.0,-5.630909809479174E-4,NaN,NaN,NaN,NaN,NaN
siev,artifact,408087.0,11153.139565921349,37069.869609931586,NaN,49213.1286650219,1302.3646220383328,814.7249309246342,NaN,NaN,NaN,NaN,NaN,0.0,0.0,-7.57122270553218E-4,NaN,0.0,0.0,-0.00151539187804592,NaN,NaN,NaN,NaN,NaN
sofa,arm,1.4781175E7,228276.28429587715,456204.5468751137,NaN,2318727.9207433974,45729.52810994499,3057.108588122871,NaN,NaN,NaN,NaN,NaN,0.0,0.0,-0.0014779400963453862,NaN,0.0,0.0,-0.0029602552726536464,NaN,NaN,NaN,NaN,NaN
spade,ax,1699754.0,76251.26767961153,105904.35277643049,NaN,241783.53260716496,8951.659122299923,1499.0756341758972,NaN,NaN,NaN,NaN,NaN,0.0,0.0,-0.0012671000978611376,NaN,0.0,0.0,-0.002537415354966867,NaN,NaN,NaN,NaN,NaN
stereo,applianc,635858.0,15317.980567244615,41496.506735799194,NaN,85750.92279386852,2255.895557223852,870.7506596682455,NaN,NaN,NaN,NaN,NaN,0.0,0.0,-0.01699444306598084,NaN,0.0,0.0,-0.03457649439741984,NaN,NaN,NaN,NaN,NaN
stereo,avatar,22317.0,393.5242900457911,4234.022269496254,NaN,6484.284463223371,65.12934786989418,276.13004615630433,NaN,NaN,NaN,NaN,NaN,0.0,0.0,0.0,NaN,0.0,0.0,0.0,NaN,NaN,NaN,NaN,NaN
sweater,artefact,62270.0,1717.5920489661219,10455.2216347531,NaN,7943.773158896218,375.6447778477948,419.0889215543892,NaN,NaN,NaN,NaN,NaN,0.0,0.0,-3.087780380281144E-4,NaN,0.0,0.0,-6.177468227081428E-4,NaN,NaN,NaN,NaN,NaN
sword,advantag,1.4852682E7,180144.52543931679,171489.0278649822,NaN,3500508.1941660987,36364.79596075778,1751.1315761142087,NaN,NaN,NaN,NaN,NaN,0.0,0.0,-0.01071148832883873,NaN,0.0,0.0,-0.021654933222148263,NaN,NaN,NaN,NaN,NaN
tabl,aftermath,367305.0,1770.6826761180455,8842.348597278404,NaN,284740.9500317789,289.87340071411967,387.62914648809,NaN,NaN,NaN,NaN,NaN,0.0,0.0,-0.0028221958554705048,NaN,0.0,0.0,-0.005660366373460634,NaN,NaN,NaN,NaN,NaN
tabl,artifact,408087.0,11153.139565921349,37069.869609931586,NaN,49213.1286650219,1302.3646220383328,814.7249309246342,NaN,NaN,NaN,NaN,NaN,0.0,0.0,-7.57122270553218E-4,NaN,0.0,0.0,-0.00151539187804592,NaN,NaN,NaN,NaN,NaN
televis,artefact,62270.0,1717.5920489661219,10455.2216347531,NaN,7943.773158896218,375.6447778477948,419.0889215543892,NaN,NaN,NaN,NaN,NaN,0.0,0.0,-3.087780380281144E-4,NaN,0.0,0.0,-6.177468227081428E-4,NaN,NaN,NaN,NaN,NaN
tiger,aol,5475.0,317.8728351616893,1508.8808488374477,NaN,1752.863086495919,143.01763360517452,170.26251640482008,NaN,NaN,NaN,NaN,NaN,0.0,0.0,0.0,NaN,0.0,0.0,0.0,NaN,NaN,NaN,NaN,NaN
tiger,backend,332.0,13.855990758462504,249.46194452426295,NaN,86.3365507765975,5.2683857414758775,67.8209709792466,NaN,NaN,NaN,NaN,NaN,0.0,0.0,-0.008169135244278746,NaN,0.0,0.0,-0.01647283934099132,NaN,NaN,NaN,NaN,NaN
train,archiv,6625272.0,207137.44757405797,229649.0171277267,NaN,1624681.8042219835,31419.511673316523,2258.497545601143,NaN,NaN,NaN,NaN,NaN,0.0,0.0,-9.755101279324923E-4,NaN,0.0,0.0,-0.0019529253543272276,NaN,NaN,NaN,NaN,NaN
train,back,2.6779916E7,576215.5151097359,347410.0459626675,NaN,9321403.379679156,217056.83877857192,2625.529170935724,NaN,NaN,NaN,NaN,NaN,0.0,0.0,-0.004231638534013985,NaN,0.0,0.0,-0.00849924279133372,NaN,NaN,NaN,NaN,NaN
tuna,acryl,48863.0,1089.9336343991006,7175.936432546997,NaN,10865.41066872302,178.011499742295,373.28555639237425,NaN,NaN,NaN,NaN,NaN,0.0,0.0,-5.603417696028116E-4,NaN,0.0,0.0,-0.0011213118570758936,NaN,NaN,NaN,NaN,NaN
van,bath,5291452.0,159232.70135371672,199211.47871710127,NaN,819140.9632731109,48975.06962838447,1989.7224298609528,NaN,NaN,NaN,NaN,NaN,0.0,0.0,-0.0012337925216124807,NaN,0.0,0.0,-0.0024706332921044074,NaN,NaN,NaN,NaN,NaN
violin,bagpip,12487.0,227.48311214183784,2990.734100439302,NaN,1957.7893145075648,77.96557095508282,230.34554248749896,NaN,NaN,NaN,NaN,NaN,0.0,0.0,-9.542062402255776E-4,NaN,0.0,0.0,-0.0019102352388363514,NaN,NaN,NaN,NaN,NaN
wardrob,arrow,1275843.0,26735.69642452937,81857.8812876014,NaN,145503.6976265552,2664.3665019742675,1248.5405109955273,NaN,NaN,NaN,NaN,NaN,0.0,0.0,-9.576622630407406E-4,NaN,0.0,0.0,-0.0019171605183621082,NaN,NaN,NaN,NaN,NaN
wardrob,artefact,62270.0,1717.5920489661219,10455.2216347531,NaN,7943.773158896218,375.6447778477948,419.0889215543892,NaN,NaN,NaN,NaN,NaN,0.0,0.0,-3.087780380281144E-4,NaN,0.0,0.0,-6.177468227081428E-4,NaN,NaN,NaN,NaN,NaN
wasp,ant,807771.0,36348.23133737031,84853.29583994669,NaN,107417.92901094304,6630.105497073167,1337.5488038039055,NaN,NaN,NaN,NaN,NaN,0.0,0.0,-6.530689100733029E-4,NaN,0.0,0.0,-0.0013069913755797311,NaN,NaN,NaN,NaN,NaN
willow,acacia,38056.0,430.05465610282187,7996.420620092605,NaN,7391.810197779702,183.93405806404496,384.24619965449097,NaN,NaN,NaN,NaN,NaN,0.0,0.0,-6.060556080360738E-4,NaN,0.0,0.0,-0.0012128462683547697,NaN,NaN,NaN,NaN,NaN
yacht,anchor,2516649.0,91149.81657755729,115086.38788246097,NaN,381415.25178602914,17415.596876107895,1500.2428388073467,NaN,NaN,NaN,NaN,NaN,0.0,0.0,-0.0011884364481775862,NaN,0.0,0.0,-0.0023797010197828482,NaN,NaN,NaN,NaN,NaN
yacht,anim,1.3663915E7,274767.61811788974,432402.6434567383,NaN,1438250.8087148778,26805.375333207467,3003.790994602017,NaN,NaN,NaN,NaN,NaN,0.0,0.0,-0.001618507373432473,NaN,0.0,0.0,-0.0032422623724213157,NaN,NaN,NaN,NaN,NaN
