w1,w2,c1,c2,c3,c4,c5,c6,c7,c8,c9,c10,c11,c12,c13,c14,c15,c16,c17,c18,c19,c20,c21,c22,c23,c24
acacia,consolid,38056.0,430.05465610282187,7996.420620092605,NaN,7391.810197779702,183.93405806404496,384.24619965449097,NaN,NaN,NaN,NaN,NaN,0.0,0.0,-6.060556080360738E-4,NaN,0.0,0.0,-0.0012128462683547697,NaN,NaN,NaN,NaN,NaN
acacia,crown,38056.0,430.05465610282187,7996.420620092605,NaN,7391.810197779702,183.93405806404496,384.24619965449097,NaN,NaN,NaN,NaN,NaN,0.0,0.0,-6.060556080360738E-4,NaN,0.0,0.0,-0.0012128462683547697,NaN,NaN,NaN,NaN,NaN
acacia,diseas,38056.0,430.05465610282187,7996.420620092605,NaN,7391.810197779702,183.93405806404496,384.24619965449097,NaN,NaN,NaN,NaN,NaN,0.0,0.0,-6.060556080360738E-4,NaN,0.0,0.0,-0.0012128462683547697,NaN,NaN,NaN,NaN,NaN
acacia,elm,38056.0,430.05465610282187,7996.420620092605,NaN,7391.810197779702,183.93405806404496,384.24619965449097,NaN,NaN,NaN,NaN,NaN,0.0,0.0,-6.060556080360738E-4,NaN,0.0,0.0,-0.0012128462683547697,NaN,NaN,NaN,NaN,NaN
acacia,greet,38056.0,430.05465610282187,7996.420620092605,NaN,7391.810197779702,183.93405806404496,384.24619965449097,NaN,NaN,NaN,NaN,NaN,0.0,0.0,-6.060556080360738E-4,NaN,0.0,0.0,-0.0012128462683547697,NaN,NaN,NaN,NaN,NaN
acacia,stumbl,38056.0,430.05465610282187,7996.420620092605,NaN,7391.810197779702,183.93405806404496,384.24619965449097,NaN,NaN,NaN,NaN,NaN,0.0,0.0,-6.060556080360738E-4,NaN,0.0,0.0,-0.0012128462683547697,NaN,NaN,NaN,NaN,NaN
acacia,stump,38056.0,430.05465610282187,7996.420620092605,NaN,7391.810197779702,183.93405806404496,384.24619965449097,NaN,NaN,NaN,NaN,NaN,0.0,0.0,-6.060556080360738E-4,NaN,0.0,0.0,-0.0012128462683547697,NaN,NaN,NaN,NaN,NaN
allig,answer,7.4437249E7,1529945.5113389038,1119392.7964734216,NaN,7985547.113720574,394819.16774520586,4982.482558118642,NaN,0.3270376148415336,0.1707109780188013,0.03422062492124176,NaN,0.0821017229182934,0.08938915797718748,0.0021506281997022963,NaN,0.15174492597031505,0.16410877108997218,0.0042920258475829375,NaN,NaN,NaN,NaN,NaN
allig,leg,57906.0,1289.5972527835818,11733.547323521252,NaN,9023.844191917322,124.35764682300633,476.95225859449016,NaN,NaN,NaN,NaN,NaN,0.0,0.0,0.0,NaN,0.0,0.0,0.0,NaN,NaN,NaN,NaN,NaN
allig,lizard,57906.0,1289.5972527835818,11733.547323521252,NaN,9023.844191917322,124.35764682300633,476.95225859449016,NaN,NaN,NaN,NaN,NaN,0.0,0.0,0.0,NaN,0.0,0.0,0.0,NaN,NaN,NaN,NaN,NaN
allig,mouth,57906.0,1289.5972527835818,11733.547323521252,NaN,9023.844191917322,124.35764682300633,476.95225859449016,NaN,NaN,NaN,NaN,NaN,0.0,0.0,0.0,NaN,0.0,0.0,0.0,NaN,NaN,NaN,NaN,NaN
allig,tooth,57906.0,1289.5972527835818,11733.547323521252,NaN,9023.844191917322,124.35764682300633,476.95225859449016,NaN,NaN,NaN,NaN,NaN,0.0,0.0,0.0,NaN,0.0,0.0,0.0,NaN,NaN,NaN,NaN,NaN
ambul,bu,158120.0,2752.147465589041,20214.475053108927,NaN,23162.987458443265,369.8276255191457,597.6678681853931,NaN,NaN,NaN,NaN,NaN,0.0,0.0,-6.122749430895101E-4,NaN,0.0,0.0,-0.0012253001067321371,NaN,NaN,NaN,NaN,NaN
ambul,caregiv,158120.0,2752.147465589041,20214.475053108927,NaN,23162.987458443265,369.8276255191457,597.6678681853931,NaN,NaN,NaN,NaN,NaN,0.0,0.0,-6.122749430895101E-4,NaN,0.0,0.0,-0.0012253001067321371,NaN,NaN,NaN,NaN,NaN
ambul,elast,158120.0,2752.147465589041,20214.475053108927,NaN,23162.987458443265,369.8276255191457,597.6678681853931,NaN,NaN,NaN,NaN,NaN,0.0,0.0,-6.122749430895101E-4,NaN,0.0,0.0,-0.0012253001067321371,NaN,NaN,NaN,NaN,NaN
ambul,engin,158120.0,2752.147465589041,20214.475053108927,NaN,23162.987458443265,369.8276255191457,597.6678681853931,NaN,NaN,NaN,NaN,NaN,0.0,0.0,-6.122749430895101E-4,NaN,0.0,0.0,-0.0012253001067321371,NaN,NaN,NaN,NaN,NaN
ambul,frigat,158120.0,2752.147465589041,20214.475053108927,NaN,23162.987458443265,369.8276255191457,597.6678681853931,NaN,NaN,NaN,NaN,NaN,0.0,0.0,-6.122749430895101E-4,NaN,0.0,0.0,-0.0012253001067321371,NaN,NaN,NaN,NaN,NaN
ambul,furnish,158120.0,2752.147465589041,20214.475053108927,NaN,23162.987458443265,369.8276255191457,597.6678681853931,NaN,NaN,NaN,NaN,NaN,0.0,0.0,-6.122749430895101E-4,NaN,0.0,0.0,-0.0012253001067321371,NaN,NaN,NaN,NaN,NaN
ambul,green,158120.0,2752.147465589041,20214.475053108927,NaN,23162.987458443265,369.8276255191457,597.6678681853931,NaN,NaN,NaN,NaN,NaN,0.0,0.0,-6.122749430895101E-4,NaN,0.0,0.0,-0.0012253001067321371,NaN,NaN,NaN,NaN,NaN
ambul,grill,158120.0,2752.147465589041,20214.475053108927,NaN,23162.987458443265,369.8276255191457,597.6678681853931,NaN,NaN,NaN,NaN,NaN,0.0,0.0,-6.122749430895101E-4,NaN,0.0,0.0,-0.0012253001067321371,NaN,NaN,NaN,NaN,NaN
ambul,horn,158120.0,2752.147465589041,20214.475053108927,NaN,23162.987458443265,369.8276255191457,597.6678681853931,NaN,NaN,NaN,NaN,NaN,0.0,0.0,-6.122749430895101E-4,NaN,0.0,0.0,-0.0012253001067321371,NaN,NaN,NaN,NaN,NaN
ambul,review,158120.0,2752.147465589041,20214.475053108927,NaN,23162.987458443265,369.8276255191457,597.6678681853931,NaN,NaN,NaN,NaN,NaN,0.0,0.0,-6.122749430895101E-4,NaN,0.0,0.0,-0.0012253001067321371,NaN,NaN,NaN,NaN,NaN
ambul,seat,158120.0,2752.147465589041,20214.475053108927,NaN,23162.987458443265,369.8276255191457,597.6678681853931,NaN,NaN,NaN,NaN,NaN,0.0,0.0,-6.122749430895101E-4,NaN,0.0,0.0,-0.0012253001067321371,NaN,NaN,NaN,NaN,NaN
ambul,test,158120.0,2752.147465589041,20214.475053108927,NaN,23162.987458443265,369.8276255191457,597.6678681853931,NaN,NaN,NaN,NaN,NaN,0.0,0.0,-6.122749430895101E-4,NaN,0.0,0.0,-0.0012253001067321371,NaN,NaN,NaN,NaN,NaN
ambul,top,158120.0,2752.147465589041,20214.475053108927,NaN,23162.987458443265,369.8276255191457,597.6678681853931,NaN,NaN,NaN,NaN,NaN,0.0,0.0,-6.122749430895101E-4,NaN,0.0,0.0,-0.0012253001067321371,NaN,NaN,NaN,NaN,NaN
ambul,tractor,158120.0,2752.147465589041,20214.475053108927,NaN,23162.987458443265,369.8276255191457,597.6678681853931,NaN,NaN,NaN,NaN,NaN,0.0,0.0,-6.122749430895101E-4,NaN,0.0,0.0,-0.0012253001067321371,NaN,NaN,NaN,NaN,NaN
ambul,wasp,158120.0,2752.147465589041,20214.475053108927,NaN,23162.987458443265,369.8276255191457,597.6678681853931,NaN,NaN,NaN,NaN,NaN,0.0,0.0,-6.122749430895101E-4,NaN,0.0,0.0,-0.0012253001067321371,NaN,NaN,NaN,NaN,NaN
ant,bug,807771.0,36348.23133737031,84853.29583994669,NaN,107417.92901094304,6630.105497073167,1337.5488038039055,NaN,NaN,NaN,NaN,NaN,0.0,0.0,-6.530689100733029E-4,NaN,0.0,0.0,-0.0013069913755797311,NaN,NaN,NaN,NaN,NaN
ant,com,807771.0,36348.23133737031,84853.29583994669,NaN,107417.92901094304,6630.105497073167,1337.5488038039055,NaN,NaN,NaN,NaN,NaN,0.0,0.0,-6.530689100733029E-4,NaN,0.0,0.0,-0.0013069913755797311,NaN,NaN,NaN,NaN,NaN
ant,contain,807771.0,36348.23133737031,84853.29583994669,NaN,107417.92901094304,6630.105497073167,1337.5488038039055,NaN,NaN,NaN,NaN,NaN,0.0,0.0,-6.530689100733029E-4,NaN,0.0,0.0,-0.0013069913755797311,NaN,NaN,NaN,NaN,NaN
ant,riser,807771.0,36348.23133737031,84853.29583994669,NaN,107417.92901094304,6630.105497073167,1337.5488038039055,NaN,NaN,NaN,NaN,NaN,0.0,0.0,-6.530689100733029E-4,NaN,0.0,0.0,-0.0013069913755797311,NaN,NaN,NaN,NaN,NaN
appl,lyricist,1675034.0,78371.50539214094,96599.08678565998,NaN,288744.9601638096,15413.461753545896,1422.513994832614,NaN,NaN,NaN,NaN,NaN,0.0,0.0,-5.348589046839848E-4,NaN,0.0,0.0,-0.0010702902636460774,NaN,NaN,NaN,NaN,NaN
appl,peel,1675034.0,78371.50539214094,96599.08678565998,NaN,288744.9601638096,15413.461753545896,1422.513994832614,NaN,NaN,NaN,NaN,NaN,0.0,0.0,-5.348589046839848E-4,NaN,0.0,0.0,-0.0010702902636460774,NaN,NaN,NaN,NaN,NaN
appl,pineappl,1675034.0,78371.50539214094,96599.08678565998,NaN,288744.9601638096,15413.461753545896,1422.513994832614,NaN,NaN,NaN,NaN,NaN,0.0,0.0,-5.348589046839848E-4,NaN,0.0,0.0,-0.0010702902636460774,NaN,NaN,NaN,NaN,NaN
appl,stalk,1675034.0,78371.50539214094,96599.08678565998,NaN,288744.9601638096,15413.461753545896,1422.513994832614,NaN,NaN,NaN,NaN,NaN,0.0,0.0,-5.348589046839848E-4,NaN,0.0,0.0,-0.0010702902636460774,NaN,NaN,NaN,NaN,NaN
appl,sub-committe,1675034.0,78371.50539214094,96599.08678565998,NaN,288744.9601638096,15413.461753545896,1422.513994832614,NaN,NaN,NaN,NaN,NaN,0.0,0.0,-5.348589046839848E-4,NaN,0.0,0.0,-0.0010702902636460774,NaN,NaN,NaN,NaN,NaN
apricot,pit,83982.0,3018.8796705079694,8332.379762939023,NaN,24488.657701066426,1001.0157512856856,407.73961777705824,NaN,NaN,NaN,NaN,NaN,0.0,0.0,-2.4644373587945204E-4,NaN,0.0,0.0,-4.930089707314731E-4,NaN,NaN,NaN,NaN,NaN
apricot,stockist,83982.0,3018.8796705079694,8332.379762939023,NaN,24488.657701066426,1001.0157512856856,407.73961777705824,NaN,NaN,NaN,NaN,NaN,0.0,0.0,-2.4644373587945204E-4,NaN,0.0,0.0,-4.930089707314731E-4,NaN,NaN,NaN,NaN,NaN
ax,cutleri,1699754.0,76251.26767961153,105904.35277643049,NaN,241783.53260716496,8951.659122299923,1499.0756341758972,NaN,NaN,NaN,NaN,NaN,0.0,0.0,-0.0012671000978611376,NaN,0.0,0.0,-0.002537415354966867,NaN,NaN,NaN,NaN,NaN
ax,drape,1699754.0,76251.26767961153,105904.35277643049,NaN,241783.53260716496,8951.659122299923,1499.0756341758972,NaN,NaN,NaN,NaN,NaN,0.0,0.0,-0.0012671000978611376,NaN,0.0,0.0,-0.002537415354966867,NaN,NaN,NaN,NaN,NaN
ax,game,1699754.0,76251.26767961153,105904.35277643049,NaN,241783.53260716496,8951.659122299923,1499.0756341758972,NaN,NaN,NaN,NaN,NaN,0.0,0.0,-0.0012671000978611376,NaN,0.0,0.0,-0.002537415354966867,NaN,NaN,NaN,NaN,NaN
ax,motiv,1699754.0,76251.26767961153,105904.35277643049,NaN,241783.53260716496,8951.659122299923,1499.0756341758972,NaN,NaN,NaN,NaN,NaN,0.0,0.0,-0.0012671000978611376,NaN,0.0,0.0,-0.002537415354966867,NaN,NaN,NaN,NaN,NaN
ax,shovel,1699754.0,76251.26767961153,105904.35277643049,NaN,241783.53260716496,8951.659122299923,1499.0756341758972,NaN,NaN,NaN,NaN,NaN,0.0,0.0,-0.0012671000978611376,NaN,0.0,0.0,-0.002537415354966867,NaN,NaN,NaN,NaN,NaN
ax,wood,1699754.0,76251.26767961153,105904.35277643049,NaN,241783.53260716496,8951.659122299923,1499.0756341758972,NaN,NaN,NaN,NaN,NaN,0.0,0.0,-0.0012671000978611376,NaN,0.0,0.0,-0.002537415354966867,NaN,NaN,NaN,NaN,NaN
bag,Presbyterian,3763038.0,119962.29578448276,144185.12373365724,NaN,430634.599408826,20217.303092692484,1723.6013221005508,NaN,NaN,NaN,NaN,NaN,0.0,0.0,-0.0012722787060153536,NaN,0.0,0.0,-0.002547798922346817,NaN,NaN,NaN,NaN,NaN
bag,artifact,2124743.0,71088.20672504857,156574.4179930076,NaN,199905.54479803707,12402.466412798487,1795.802109050356,NaN,0.8688271774955496,0.73800206664047,0.14434897908872854,NaN,0.3631118313064351,0.34045356641094243,0.07195383862929366,NaN,0.5327689525787787,0.5079677132308352,0.1342480170998801,NaN,NaN,NaN,NaN,NaN
bag,content,3763038.0,119962.29578448276,144185.12373365724,NaN,430634.599408826,20217.303092692484,1723.6013221005508,NaN,NaN,NaN,NaN,NaN,0.0,0.0,-0.0012722787060153536,NaN,0.0,0.0,-0.002547798922346817,NaN,NaN,NaN,NaN,NaN
bag,domin,3763038.0,119962.29578448276,144185.12373365724,NaN,430634.599408826,20217.303092692484,1723.6013221005508,NaN,NaN,NaN,NaN,NaN,0.0,0.0,-0.0012722787060153536,NaN,0.0,0.0,-0.002547798922346817,NaN,NaN,NaN,NaN,NaN
bag,off-the-shelf,3763038.0,119962.29578448276,144185.12373365724,NaN,430634.599408826,20217.303092692484,1723.6013221005508,NaN,NaN,NaN,NaN,NaN,0.0,0.0,-0.0012722787060153536,NaN,0.0,0.0,-0.002547798922346817,NaN,NaN,NaN,NaN,NaN
banana,apricot,107026.0,3080.7108066997994,24721.02981368261,NaN,10238.99672819559,307.4750334168193,704.6152972948195,NaN,0.9909508082256833,0.9991409815554226,0.21235292175733533,NaN,0.5905144872918158,0.7613624201866572,0.11107193415069176,NaN,0.7425452481068442,0.8645153450088638,0.19993653108625342,NaN,NaN,NaN,NaN,NaN
banana,cherri,274739.0,12726.60745852105,22639.04061653705,NaN,76603.43217506641,7380.120952640315,669.8223043258985,NaN,NaN,NaN,NaN,NaN,0.0,0.0,-3.7238755606367277E-4,NaN,0.0,0.0,-7.45052560429463E-4,NaN,NaN,NaN,NaN,NaN
banana,desol,274739.0,12726.60745852105,22639.04061653705,NaN,76603.43217506641,7380.120952640315,669.8223043258985,NaN,NaN,NaN,NaN,NaN,0.0,0.0,-3.7238755606367277E-4,NaN,0.0,0.0,-7.45052560429463E-4,NaN,NaN,NaN,NaN,NaN
banana,fruit,274739.0,12726.60745852105,22639.04061653705,NaN,76603.43217506641,7380.120952640315,669.8223043258985,NaN,NaN,NaN,NaN,NaN,0.0,0.0,-3.7238755606367277E-4,NaN,0.0,0.0,-7.45052560429463E-4,NaN,NaN,NaN,NaN,NaN
battleship,bow,479050.0,19255.884324202492,17664.133556104374,NaN,152927.90816590673,11664.567177586938,571.1354861124455,NaN,NaN,NaN,NaN,NaN,0.0,0.0,-0.001008100614834332,NaN,0.0,0.0,-0.0020182358144340755,NaN,NaN,NaN,NaN,NaN
battleship,camel,479050.0,19255.884324202492,17664.133556104374,NaN,152927.90816590673,11664.567177586938,571.1354861124455,NaN,NaN,NaN,NaN,NaN,0.0,0.0,-0.001008100614834332,NaN,0.0,0.0,-0.0020182358144340755,NaN,NaN,NaN,NaN,NaN
battleship,constitu,479050.0,19255.884324202492,17664.133556104374,NaN,152927.90816590673,11664.567177586938,571.1354861124455,NaN,NaN,NaN,NaN,NaN,0.0,0.0,-0.001008100614834332,NaN,0.0,0.0,-0.0020182358144340755,NaN,NaN,NaN,NaN,NaN
battleship,frigat,479050.0,19255.884324202492,17664.133556104374,NaN,152927.90816590673,11664.567177586938,571.1354861124455,NaN,NaN,NaN,NaN,NaN,0.0,0.0,-0.001008100614834332,NaN,0.0,0.0,-0.0020182358144340755,NaN,NaN,NaN,NaN,NaN
battleship,ground,479050.0,19255.884324202492,17664.133556104374,NaN,152927.90816590673,11664.567177586938,571.1354861124455,NaN,NaN,NaN,NaN,NaN,0.0,0.0,-0.001008100614834332,NaN,0.0,0.0,-0.0020182358144340755,NaN,NaN,NaN,NaN,NaN
battleship,hull,479050.0,19255.884324202492,17664.133556104374,NaN,152927.90816590673,11664.567177586938,571.1354861124455,NaN,NaN,NaN,NaN,NaN,0.0,0.0,-0.001008100614834332,NaN,0.0,0.0,-0.0020182358144340755,NaN,NaN,NaN,NaN,NaN
battleship,judgment,479050.0,19255.884324202492,17664.133556104374,NaN,152927.90816590673,11664.567177586938,571.1354861124455,NaN,NaN,NaN,NaN,NaN,0.0,0.0,-0.001008100614834332,NaN,0.0,0.0,-0.0020182358144340755,NaN,NaN,NaN,NaN,NaN
battleship,lobbyist,479050.0,19255.884324202492,17664.133556104374,NaN,152927.90816590673,11664.567177586938,571.1354861124455,NaN,NaN,NaN,NaN,NaN,0.0,0.0,-0.001008100614834332,NaN,0.0,0.0,-0.0020182358144340755,NaN,NaN,NaN,NaN,NaN
battleship,shelter,479050.0,19255.884324202492,17664.133556104374,NaN,152927.90816590673,11664.567177586938,571.1354861124455,NaN,NaN,NaN,NaN,NaN,0.0,0.0,-0.001008100614834332,NaN,0.0,0.0,-0.0020182358144340755,NaN,NaN,NaN,NaN,NaN
battleship,van,479050.0,19255.884324202492,17664.133556104374,NaN,152927.90816590673,11664.567177586938,571.1354861124455,NaN,NaN,NaN,NaN,NaN,0.0,0.0,-0.001008100614834332,NaN,0.0,0.0,-0.0020182358144340755,NaN,NaN,NaN,NaN,NaN
battleship,warship,479050.0,19255.884324202492,17664.133556104374,NaN,152927.90816590673,11664.567177586938,571.1354861124455,NaN,NaN,NaN,NaN,NaN,0.0,0.0,-0.001008100614834332,NaN,0.0,0.0,-0.0020182358144340755,NaN,NaN,NaN,NaN,NaN
bear,ac,878274.0,21081.407004890854,99202.2631275641,NaN,71759.75160213419,1508.6921246855834,1417.0560113088059,NaN,NaN,NaN,NaN,NaN,0.0,0.0,-4.211524252469239E-4,NaN,0.0,0.0,-8.426597386864533E-4,NaN,NaN,NaN,NaN,NaN
bear,alga,487027.0,14818.26409337464,27944.200776618512,NaN,115175.86757216114,4884.566011422043,761.328320268304,NaN,NaN,NaN,NaN,NaN,0.0,0.0,-0.0013496735811682572,NaN,0.0,0.0,-0.002702995323714954,NaN,NaN,NaN,NaN,NaN
beaver,be,1.007724201E9,4.37652941204667E7,3110424.7285347036,NaN,8.89191758464807E7,4323583.728785505,8901.197332557067,NaN,NaN,NaN,NaN,NaN,0.0,0.0,-0.0025337136964951744,NaN,0.0,0.0,-0.005080299417206021,NaN,NaN,NaN,NaN,NaN
bed,artifact,408087.0,11153.139565921349,37069.869609931586,NaN,49213.1286650219,1302.3646220383328,814.7249309246342,NaN,NaN,NaN,NaN,NaN,0.0,0.0,-7.57122270553218E-4,NaN,0.0,0.0,-0.00151539187804592,NaN,NaN,NaN,NaN,NaN
beetl,advisor,354717.0,4977.035362730542,23763.519422812613,NaN,45307.52276388547,694.3851867469014,640.9133788142417,NaN,NaN,NaN,NaN,NaN,0.0,0.0,-0.0010554056939540697,NaN,0.0,0.0,-0.002113041503942962,NaN,NaN,NaN,NaN,NaN
beetl,anim,1.3663915E7,274767.61811788974,432402.6434567383,NaN,1438250.8087148778,26805.375333207467,3003.790994602017,NaN,NaN,NaN,NaN,NaN,0.0,0.0,-0.001618507373432473,NaN,0.0,0.0,-0.0032422623724213157,NaN,NaN,NaN,NaN,NaN
bomber,artifact,408087.0,11153.139565921349,37069.869609931586,NaN,49213.1286650219,1302.3646220383328,814.7249309246342,NaN,NaN,NaN,NaN,NaN,0.0,0.0,-7.57122270553218E-4,NaN,0.0,0.0,-0.00151539187804592,NaN,NaN,NaN,NaN,NaN
bowl,ax,1699754.0,76251.26767961153,105904.35277643049,NaN,241783.53260716496,8951.659122299923,1499.0756341758972,NaN,NaN,NaN,NaN,NaN,0.0,0.0,-0.0012671000978611376,NaN,0.0,0.0,-0.002537415354966867,NaN,NaN,NaN,NaN,NaN
bu,answer,9.6885301E7,1819566.5970579276,1117403.0424099683,NaN,1.0584994004750546E7,404937.784584995,4976.358815295903,NaN,NaN,NaN,NaN,NaN,0.0,0.0,-0.0022418001699809524,NaN,0.0,0.0,-0.004493674259681104,NaN,NaN,NaN,NaN,NaN
cannon,artifact,408087.0,11153.139565921349,37069.869609931586,NaN,49213.1286650219,1302.3646220383328,814.7249309246342,NaN,NaN,NaN,NaN,NaN,0.0,0.0,-7.57122270553218E-4,NaN,0.0,0.0,-0.00151539187804592,NaN,NaN,NaN,NaN,NaN
car,artefact,62270.0,1717.5920489661219,10455.2216347531,NaN,7943.773158896218,375.6447778477948,419.0889215543892,NaN,NaN,NaN,NaN,NaN,0.0,0.0,-3.087780380281144E-4,NaN,0.0,0.0,-6.177468227081428E-4,NaN,NaN,NaN,NaN,NaN
castl,anniversari,1222747.0,82904.40284622587,21331.804178863244,NaN,593360.0206055342,58432.7787696374,654.0534661358146,NaN,NaN,NaN,NaN,NaN,0.0,0.0,-0.001107069404508824,NaN,0.0,0.0,-0.002216592731012409,NaN,NaN,NaN,NaN,NaN
cathedr,adm,79731.0,2035.001819636937,17240.351887867964,NaN,12542.880649994242,470.15759922894466,605.3861738323445,NaN,NaN,NaN,NaN,NaN,0.0,0.0,-6.731393721565935E-5,NaN,0.0,0.0,-1.34636937373668E-4,NaN,NaN,NaN,NaN,NaN
cathedr,altar,900237.0,35636.63806528243,73839.39486218986,NaN,176294.8708527846,9942.109225189084,1215.9442055916006,NaN,NaN,NaN,NaN,NaN,0.0,0.0,-4.8041241950563124E-4,NaN,0.0,0.0,-9.612866530580965E-4,NaN,NaN,NaN,NaN,NaN
cello,back,2.6779916E7,576215.5151097359,347410.0459626675,NaN,9321403.379679156,217056.83877857192,2625.529170935724,NaN,NaN,NaN,NaN,NaN,0.0,0.0,-0.004231638534013985,NaN,0.0,0.0,-0.00849924279133372,NaN,NaN,NaN,NaN,NaN
cello,banjo,21969.0,692.4147274498247,4316.805513625101,NaN,5445.4200021669585,335.0965890001487,289.58325511646933,NaN,NaN,NaN,NaN,NaN,0.0,0.0,-9.290432001036509E-4,NaN,0.0,0.0,-0.0018598142479878505,NaN,NaN,NaN,NaN,NaN
chisel,bark,2165415.0,54949.828179275406,132390.9082504938,NaN,330232.6933163947,9829.110579753196,1626.1717416904576,NaN,NaN,NaN,NaN,NaN,0.0,0.0,-7.501381081598857E-4,NaN,0.0,0.0,-0.0015014024755323544,NaN,NaN,NaN,NaN,NaN
clarinet,artefact,62270.0,1717.5920489661219,10455.2216347531,NaN,7943.773158896218,375.6447778477948,419.0889215543892,NaN,NaN,NaN,NaN,NaN,0.0,0.0,-3.087780380281144E-4,NaN,0.0,0.0,-6.177468227081428E-4,NaN,NaN,NaN,NaN,NaN
clarinet,ballpark,7017.0,65.67653984535,1197.8644771246284,NaN,1632.5945608141662,15.902470215104936,134.24140155961666,NaN,NaN,NaN,NaN,NaN,0.0,0.0,-0.0018757346496663268,NaN,0.0,0.0,-0.003758519284185439,NaN,NaN,NaN,NaN,NaN
cloak,back,2.6779916E7,576215.5151097359,347410.0459626675,NaN,9321403.379679156,217056.83877857192,2625.529170935724,NaN,NaN,NaN,NaN,NaN,0.0,0.0,-0.004231638534013985,NaN,0.0,0.0,-0.00849924279133372,NaN,NaN,NaN,NaN,NaN
coconut,accrual,23161.0,772.104421446452,2987.7747145117155,NaN,6273.5599941341125,564.8417924299287,209.48741281943398,NaN,NaN,NaN,NaN,NaN,0.0,0.0,-0.003063755960578526,NaN,0.0,0.0,-0.006146342815594088,NaN,NaN,NaN,NaN,NaN
couch,advantag,1.4852682E7,180144.52543931679,171489.0278649822,NaN,3500508.1941660987,36364.79596075778,1751.1315761142087,NaN,NaN,NaN,NaN,NaN,0.0,0.0,-0.01071148832883873,NaN,0.0,0.0,-0.021654933222148263,NaN,NaN,NaN,NaN,NaN
coyot,acoust,131612.0,7393.83611536672,15111.748288125136,NaN,38193.6086276225,2738.466761267003,533.1988636369995,NaN,NaN,NaN,NaN,NaN,0.0,0.0,-9.978814204375027E-6,NaN,0.0,0.0,-1.995782756420324E-5,NaN,NaN,NaN,NaN,NaN
cranberri,banana,274739.0,12726.60745852105,22639.04061653705,NaN,76603.43217506641,7380.120952640315,669.8223043258985,NaN,NaN,NaN,NaN,NaN,0.0,0.0,-3.7238755606367277E-4,NaN,0.0,0.0,-7.45052560429463E-4,NaN,NaN,NaN,NaN,NaN
dagger,artefact,62270.0,1717.5920489661219,10455.2216347531,NaN,7943.773158896218,375.6447778477948,419.0889215543892,NaN,NaN,NaN,NaN,NaN,0.0,0.0,-3.087780380281144E-4,NaN,0.0,0.0,-6.177468227081428E-4,NaN,NaN,NaN,NaN,NaN
desk,artifact,408087.0,11153.139565921349,37069.869609931586,NaN,49213.1286650219,1302.3646220383328,814.7249309246342,NaN,NaN,NaN,NaN,NaN,0.0,0.0,-7.57122270553218E-4,NaN,0.0,0.0,-0.00151539187804592,NaN,NaN,NaN,NaN,NaN
dishwash,artifact,408087.0,11153.139565921349,37069.869609931586,NaN,49213.1286650219,1302.3646220383328,814.7249309246342,NaN,NaN,NaN,NaN,NaN,0.0,0.0,-7.57122270553218E-4,NaN,0.0,0.0,-0.00151539187804592,NaN,NaN,NaN,NaN,NaN
dishwash,avail,1.7786102E7,928802.3641158142,283947.0152794316,NaN,3575323.291766494,216998.09451034424,2410.6497907009516,NaN,NaN,NaN,NaN,NaN,0.0,0.0,-0.0034007310881188383,NaN,0.0,0.0,-0.00682467104723419,NaN,NaN,NaN,NaN,NaN
dolphin,airplai,2135.0,79.17551911087017,536.7709141248965,NaN,713.105181582633,29.288583657522096,94.10045983863493,NaN,NaN,NaN,NaN,NaN,0.0,0.0,0.0,NaN,0.0,0.0,0.0,NaN,NaN,NaN,NaN,NaN
dolphin,anim,1.3663915E7,274767.61811788974,432402.6434567383,NaN,1438250.8087148778,26805.375333207467,3003.790994602017,NaN,NaN,NaN,NaN,NaN,0.0,0.0,-0.001618507373432473,NaN,0.0,0.0,-0.0032422623724213157,NaN,NaN,NaN,NaN,NaN
fighter,advertis,4291722.0,72842.84430907568,182343.65505595627,NaN,489446.323753688,8631.907934696146,1825.933777151188,NaN,NaN,NaN,NaN,NaN,0.0,0.0,-0.001652433147108052,NaN,0.0,0.0,-0.003310336403817849,NaN,NaN,NaN,NaN,NaN
fighter,artifact,408087.0,11153.139565921349,37069.869609931586,NaN,49213.1286650219,1302.3646220383328,814.7249309246342,NaN,NaN,NaN,NaN,NaN,0.0,0.0,-7.57122270553218E-4,NaN,0.0,0.0,-0.00151539187804592,NaN,NaN,NaN,NaN,NaN
fridg,artifact,408087.0,11153.139565921349,37069.869609931586,NaN,49213.1286650219,1302.3646220383328,814.7249309246342,NaN,NaN,NaN,NaN,NaN,0.0,0.0,-7.57122270553218E-4,NaN,0.0,0.0,-0.00151539187804592,NaN,NaN,NaN,NaN,NaN
glider,awar,2.0321309E7,784007.0936225945,174997.20237391992,NaN,6920686.238048291,231923.27338639623,1872.6826745806982,NaN,NaN,NaN,NaN,NaN,0.0,0.0,-0.004103208297476884,NaN,0.0,0.0,-0.008240227966719907,NaN,NaN,NaN,NaN,NaN
glove,accessori,237632.0,5007.51229537883,32992.76330089471,NaN,32400.888814969258,1253.3623606267176,759.7975439521243,NaN,NaN,NaN,NaN,NaN,0.0,0.0,-4.699395706757525E-4,NaN,0.0,0.0,-9.403210354151853E-4,NaN,NaN,NaN,NaN,NaN
grapefruit,banana,274739.0,12726.60745852105,22639.04061653705,NaN,76603.43217506641,7380.120952640315,669.8223043258985,NaN,NaN,NaN,NaN,NaN,0.0,0.0,-3.7238755606367277E-4,NaN,0.0,0.0,-7.45052560429463E-4,NaN,NaN,NaN,NaN,NaN
grasshopp,antenna,459155.0,19504.735237513163,40384.00371594525,NaN,46738.14075249464,2397.0632249653895,895.0726114076856,NaN,NaN,NaN,NaN,NaN,0.0,0.0,-2.2349242034293192E-4,NaN,0.0,0.0,-4.470847607411404E-4,NaN,NaN,NaN,NaN,NaN
guitar,artefact,62270.0,1717.5920489661219,10455.2216347531,NaN,7943.773158896218,375.6447778477948,419.0889215543892,NaN,NaN,NaN,NaN,NaN,0.0,0.0,-3.087780380281144E-4,NaN,0.0,0.0,-6.177468227081428E-4,NaN,NaN,NaN,NaN,NaN
gun,arm,1.4781175E7,228276.28429587715,456204.5468751137,NaN,2318727.9207433974,45729.52810994499,3057.108588122871,NaN,NaN,NaN,NaN,NaN,0.0,0.0,-0.0014779400963453862,NaN,0.0,0.0,-0.0029602552726536464,NaN,NaN,NaN,NaN,NaN
gun,barrel,1707833.0,28243.76178964278,84902.38766897569,NaN,358555.07492852473,4740.435119995151,1286.033928446627,NaN,NaN,NaN,NaN,NaN,0.0,0.0,-0.0011019657052490513,NaN,0.0,0.0,-0.0022063627465781707,NaN,NaN,NaN,NaN,NaN
hammer,agreement,1.4147274E7,536202.4099504926,235571.56303070212,NaN,1986157.6224700797,137106.20238877236,2187.423297341912,NaN,NaN,NaN,NaN,NaN,0.0,0.0,-0.0019348189638233313,NaN,0.0,0.0,-0.0038771394906585775,NaN,NaN,NaN,NaN,NaN
hat,artefact,62270.0,1717.5920489661219,10455.2216347531,NaN,7943.773158896218,375.6447778477948,419.0889215543892,NaN,NaN,NaN,NaN,NaN,0.0,0.0,-3.087780380281144E-4,NaN,0.0,0.0,-6.177468227081428E-4,NaN,NaN,NaN,NaN,NaN
helicopt,adher,8071656.0,171100.53036957356,158838.46871508917,NaN,2615538.587718025,79104.28998499512,1679.5955653910542,NaN,NaN,NaN,NaN,NaN,0.0,0.0,-0.0028887452145082817,NaN,0.0,0.0,-0.005794228478806481,NaN,NaN,NaN,NaN,NaN
helicopt,airplan,228707.0,8079.256521044433,27262.954766301176,NaN,24169.561911627607,741.6390207286978,712.5637482867397,NaN,NaN,NaN,NaN,NaN,0.0,0.0,-2.4090703030115436E-4,NaN,0.0,0.0,-4.819301609661996E-4,NaN,NaN,NaN,NaN,NaN
hornet,ant,807771.0,36348.23133737031,84853.29583994669,NaN,107417.92901094304,6630.105497073167,1337.5488038039055,NaN,NaN,NaN,NaN,NaN,0.0,0.0,-6.530689100733029E-4,NaN,0.0,0.0,-0.0013069913755797311,NaN,NaN,NaN,NaN,NaN
hornet,auto,117718.0,4405.547819129323,18056.216348362257,NaN,13642.657658975395,519.6449984290606,581.036920775532,NaN,NaN,NaN,NaN,NaN,0.0,0.0,-8.916218389881191E-4,NaN,0.0,0.0,-0.001784835075908911,NaN,NaN,NaN,NaN,NaN
hors,artwork,112379.0,4411.613912203517,9357.92129202225,NaN,37645.15332682283,2599.6541385459195,402.0544848178483,NaN,NaN,NaN,NaN,NaN,0.0,0.0,-0.001215159301258568,NaN,0.0,0.0,-0.002433275419776001,NaN,NaN,NaN,NaN,NaN
hors,ash,1164563.0,32258.81899776365,99482.91855327133,NaN,184792.22288559657,2965.4548226821635,1425.2024493721897,NaN,NaN,NaN,NaN,NaN,0.0,0.0,-6.702749913455729E-4,NaN,0.0,0.0,-0.0013414491224901133,NaN,NaN,NaN,NaN,NaN
hotel,accommod,4626069.0,81877.23881912365,168568.30493098145,NaN,500753.35526484495,9843.234429043792,1757.2561646011434,NaN,NaN,NaN,NaN,NaN,0.0,0.0,-0.0017933158425780446,NaN,0.0,0.0,-0.0035930752038427125,NaN,NaN,NaN,NaN,NaN
jet,aircraft,1618797.0,46709.69309638907,78380.86262878019,NaN,144814.47045444042,4768.411433929363,1245.7208842485206,NaN,NaN,NaN,NaN,NaN,0.0,0.0,-7.949812890367618E-4,NaN,0.0,0.0,-0.0015912275742216298,NaN,NaN,NaN,NaN,NaN
jet,ambul,158120.0,2752.147465589041,20214.475053108927,NaN,23162.987458443265,369.8276255191457,597.6678681853931,NaN,NaN,NaN,NaN,NaN,0.0,0.0,-6.122749430895101E-4,NaN,0.0,0.0,-0.0012253001067321371,NaN,NaN,NaN,NaN,NaN
jet,artefact,62270.0,1717.5920489661219,10455.2216347531,NaN,7943.773158896218,375.6447778477948,419.0889215543892,NaN,NaN,NaN,NaN,NaN,0.0,0.0,-3.087780380281144E-4,NaN,0.0,0.0,-6.177468227081428E-4,NaN,NaN,NaN,NaN,NaN
motorcycl,ambul,158120.0,2752.147465589041,20214.475053108927,NaN,23162.987458443265,369.8276255191457,597.6678681853931,NaN,NaN,NaN,NaN,NaN,0.0,0.0,-6.122749430895101E-4,NaN,0.0,0.0,-0.0012253001067321371,NaN,NaN,NaN,NaN,NaN
mug,agenc,2.1541039E7,679740.0605469224,269917.7471766648,NaN,2093474.1030528655,92054.62479605667,2359.4445153731567,NaN,NaN,NaN,NaN,NaN,0.0,0.0,-0.0018378853582631655,NaN,0.0,0.0,-0.0036825388006693173,NaN,NaN,NaN,NaN,NaN
mug,artefact,62270.0,1717.5920489661219,10455.2216347531,NaN,7943.773158896218,375.6447778477948,419.0889215543892,NaN,NaN,NaN,NaN,NaN,0.0,0.0,-3.087780380281144E-4,NaN,0.0,0.0,-6.177468227081428E-4,NaN,NaN,NaN,NaN,NaN
oak,acacia,38056.0,430.05465610282187,7996.420620092605,NaN,7391.810197779702,183.93405806404496,384.24619965449097,NaN,NaN,NaN,NaN,NaN,0.0,0.0,-6.060556080360738E-4,NaN,0.0,0.0,-0.0012128462683547697,NaN,NaN,NaN,NaN,NaN
oak,banner,782334.0,21420.007701282735,62102.20587673418,NaN,146961.00986996517,2940.7234937232374,1110.7378292660146,NaN,NaN,NaN,NaN,NaN,0.0,0.0,-9.614223358133051E-4,NaN,0.0,0.0,-0.0019246951165012454,NaN,NaN,NaN,NaN,NaN
peach,abbess,29963.0,1764.924075462904,7386.806587247625,NaN,7866.946485136403,396.57777233437446,378.43345423580234,NaN,NaN,NaN,NaN,NaN,0.0,0.0,-4.459039499457848E-6,NaN,0.0,0.0,-8.918118765159531E-6,NaN,NaN,NaN,NaN,NaN
pistol,barrel,1707833.0,28243.76178964278,84902.38766897569,NaN,358555.07492852473,4740.435119995151,1286.033928446627,NaN,NaN,NaN,NaN,NaN,0.0,0.0,-0.0011019657052490513,NaN,0.0,0.0,-0.0022063627465781707,NaN,NaN,NaN,NaN,NaN
pub,alcohol,3872394.0,179666.54844446274,140982.9214646325,NaN,850038.8807707563,62682.48411759152,1711.0262905113696,NaN,NaN,NaN,NaN,NaN,0.0,0.0,-0.0010358397626126692,NaN,0.0,0.0,-0.0020738276783954282,NaN,NaN,NaN,NaN,NaN
radish,accomod,10383.0,172.53361829110528,1983.2312627271424,NaN,1532.763191102918,34.43327718390346,160.57014435564153,NaN,NaN,NaN,NaN,NaN,0.0,0.0,-2.3235434441478358E-4,NaN,0.0,0.0,-4.6481669100707914E-4,NaN,NaN,NaN,NaN,NaN
rake,anatomi,2262352.0,53946.02544131415,83512.44876256192,NaN,651557.1752210238,11276.524230210674,1291.6091612333578,NaN,NaN,NaN,NaN,NaN,0.0,0.0,-9.512974826128126E-4,NaN,0.0,0.0,-0.0019044066224514341,NaN,NaN,NaN,NaN,NaN
rake,artefact,62270.0,1717.5920489661219,10455.2216347531,NaN,7943.773158896218,375.6447778477948,419.0889215543892,NaN,NaN,NaN,NaN,NaN,0.0,0.0,-3.087780380281144E-4,NaN,0.0,0.0,-6.177468227081428E-4,NaN,NaN,NaN,NaN,NaN
rat,anim,1.3663915E7,274767.61811788974,432402.6434567383,NaN,1438250.8087148778,26805.375333207467,3003.790994602017,NaN,NaN,NaN,NaN,NaN,0.0,0.0,-0.001618507373432473,NaN,0.0,0.0,-0.0032422623724213157,NaN,NaN,NaN,NaN,NaN
restaur,assur,3.7719066E7,753916.9705230875,479393.3174224873,NaN,5007862.059263014,212925.92171036152,3088.527637273835,NaN,NaN,NaN,NaN,NaN,0.0,0.0,-0.0028426166252458838,NaN,0.0,0.0,-0.005701440259360879,NaN,NaN,NaN,NaN,NaN
revolv,artifact,408087.0,11153.139565921349,37069.869609931586,NaN,49213.1286650219,1302.3646220383328,814.7249309246342,NaN,NaN,NaN,NaN,NaN,0.0,0.0,-7.57122270553218E-4,NaN,0.0,0.0,-0.00151539187804592,NaN,NaN,NaN,NaN,NaN
rifl,ammo,3978.0,110.09620382059099,1021.9354494391464,NaN,750.0013333321482,26.17327367290337,128.64750201185993,NaN,NaN,NaN,NaN,NaN,0.0,0.0,0.0,NaN,0.0,0.0,0.0,NaN,NaN,NaN,NaN,NaN
rifl,artefact,62270.0,1717.5920489661219,10455.2216347531,NaN,7943.773158896218,375.6447778477948,419.0889215543892,NaN,NaN,NaN,NaN,NaN,0.0,0.0,-3.087780380281144E-4,NaN,0.0,0.0,-6.177468227081428E-4,NaN,NaN,NaN,NaN,NaN
robe,back,2.6779916E7,576215.5151097359,347410.0459626675,NaN,9321403.379679156,217056.83877857192,2625.529170935724,NaN,NaN,NaN,NaN,NaN,0.0,0.0,-0.004231638534013985,NaN,0.0,0.0,-0.00849924279133372,NaN,NaN,NaN,NaN,NaN
scarf,bandana,5990.0,265.4713213318659,1076.8690400579876,NaN,2165.9473677815904,118.82424277728607,139.37827984085172,NaN,NaN,NaN,NaN,NaN,0.0,0.0,0.0,NaN,0.0,0.0,0.0,NaN,NaN,NaN,NaN,NaN
scooter,alli,4469411.0,109112.98627069462,175568.12436165704,NaN,707133.6012982271,29363.158385017574,1829.9325080847052,NaN,NaN,NaN,NaN,NaN,0.0,0.0,-0.0014330759455860262,NaN,0.0,0.0,-0.002870265199186459,NaN,NaN,NaN,NaN,NaN
scooter,artefact,62270.0,1717.5920489661219,10455.2216347531,NaN,7943.773158896218,375.6447778477948,419.0889215543892,NaN,NaN,NaN,NaN,NaN,0.0,0.0,-3.087780380281144E-4,NaN,0.0,0.0,-6.177468227081428E-4,NaN,NaN,NaN,NaN,NaN
scooter,background,5077645.0,293565.6462007059,157395.35530233465,NaN,862369.1368555579,74924.84969956895,1775.7983456088189,NaN,NaN,NaN,NaN,NaN,0.0,0.0,-0.001482372220041886,NaN,0.0,0.0,-0.002969145819363652,NaN,NaN,NaN,NaN,NaN
screwdriv,assist,2.3650668E7,403252.28200569935,484609.2060606679,NaN,4146983.6358514847,46913.49786366617,3137.33805304712,NaN,NaN,NaN,NaN,NaN,0.0,0.0,-0.00214149693611228,NaN,0.0,0.0,-0.004292185574481538,NaN,NaN,NaN,NaN,NaN
screwdriv,ax,1699754.0,76251.26767961153,105904.35277643049,NaN,241783.53260716496,8951.659122299923,1499.0756341758972,NaN,NaN,NaN,NaN,NaN,0.0,0.0,-0.0012671000978611376,NaN,0.0,0.0,-0.002537415354966867,NaN,NaN,NaN,NaN,NaN
sheep,advocaci,224086.0,11748.4222554018,18950.205052115787,NaN,88224.54771774124,7180.683318965323,577.8206660005019,NaN,NaN,NaN,NaN,NaN,0.0,0.0,-4.664149979017882E-4,NaN,0.0,0.0,-9.332652847293955E-4,NaN,NaN,NaN,NaN,NaN
shirt,apparel,244580.0,10726.40775902397,29403.20219965341,NaN,42525.00772486702,3745.3069243252216,738.2167775816773,NaN,NaN,NaN,NaN,NaN,0.0,0.0,-1.844875824648446E-4,NaN,0.0,0.0,-3.6904324882649017E-4,NaN,NaN,NaN,NaN,NaN
shovel,artifact,408087.0,11153.139565921349,37069.869609931586,NaN,49213.1286650219,1302.3646220383328,814.7249309246342,NaN,NaN,NaN,NaN,NaN,0.0,0.0,-7.57122270553218E-4,NaN,0.0,0.0,-0.00151539187804592,NaN,NaN,NaN,NaN,NaN
spear,bazooka,4297.0,107.4413671913956,712.7708646579578,NaN,1481.0526661803758,32.974239974130676,110.1478146887094,NaN,NaN,NaN,NaN,NaN,0.0,0.0,0.0,NaN,0.0,0.0,0.0,NaN,NaN,NaN,NaN,NaN
spoon,artefact,62270.0,1717.5920489661219,10455.2216347531,NaN,7943.773158896218,375.6447778477948,419.0889215543892,NaN,NaN,NaN,NaN,NaN,0.0,0.0,-3.087780380281144E-4,NaN,0.0,0.0,-6.177468227081428E-4,NaN,NaN,NaN,NaN,NaN
stove,artefact,62270.0,1717.5920489661219,10455.2216347531,NaN,7943.773158896218,375.6447778477948,419.0889215543892,NaN,NaN,NaN,NaN,NaN,0.0,0.0,-3.087780380281144E-4,NaN,0.0,0.0,-6.177468227081428E-4,NaN,NaN,NaN,NaN,NaN
strawberri,apricot,83982.0,3018.8796705079694,8332.379762939023,NaN,24488.657701066426,1001.0157512856856,407.73961777705824,NaN,NaN,NaN,NaN,NaN,0.0,0.0,-2.4644373587945204E-4,NaN,0.0,0.0,-4.930089707314731E-4,NaN,NaN,NaN,NaN,NaN
strawberri,banana,274739.0,12726.60745852105,22639.04061653705,NaN,76603.43217506641,7380.120952640315,669.8223043258985,NaN,NaN,NaN,NaN,NaN,0.0,0.0,-3.7238755606367277E-4,NaN,0.0,0.0,-7.45052560429463E-4,NaN,NaN,NaN,NaN,NaN
swan,bandwagon,13370.0,425.7584660959416,2628.610473953863,NaN,2146.492487757644,118.13494763213227,211.44107213515008,NaN,NaN,NaN,NaN,NaN,0.0,0.0,-8.994953898251088E-4,NaN,0.0,0.0,-0.0018006104204222584,NaN,NaN,NaN,NaN,NaN
sword,agnoscunt,3094.0,60.898278197269825,953.0521341528743,NaN,510.8678889889244,16.806620815762543,143.33580599619467,NaN,NaN,NaN,NaN,NaN,0.0,0.0,0.0,NaN,0.0,0.0,0.0,NaN,NaN,NaN,NaN,NaN
tanker,accommod,4626069.0,81877.23881912365,168568.30493098145,NaN,500753.35526484495,9843.234429043792,1757.2561646011434,NaN,NaN,NaN,NaN,NaN,0.0,0.0,-0.0017933158425780446,NaN,0.0,0.0,-0.0035930752038427125,NaN,NaN,NaN,NaN,NaN
tanker,anchor,2516649.0,91149.81657755729,115086.38788246097,NaN,381415.25178602914,17415.596876107895,1500.2428388073467,NaN,NaN,NaN,NaN,NaN,0.0,0.0,-0.0011884364481775862,NaN,0.0,0.0,-0.0023797010197828482,NaN,NaN,NaN,NaN,NaN
televis,antenna,459155.0,19504.735237513163,40384.00371594525,NaN,46738.14075249464,2397.0632249653895,895.0726114076856,NaN,NaN,NaN,NaN,NaN,0.0,0.0,-2.2349242034293192E-4,NaN,0.0,0.0,-4.470847607411404E-4,NaN,NaN,NaN,NaN,NaN
toaster,artefact,62270.0,1717.5920489661219,10455.2216347531,NaN,7943.773158896218,375.6447778477948,419.0889215543892,NaN,NaN,NaN,NaN,NaN,0.0,0.0,-3.087780380281144E-4,NaN,0.0,0.0,-6.177468227081428E-4,NaN,NaN,NaN,NaN,NaN
train,anyth,1.6403383E7,586354.5229194078,319313.4419676838,NaN,1692894.2545253676,107593.68126159132,2568.405064438812,NaN,NaN,NaN,NaN,NaN,0.0,0.0,-0.002466310495642074,NaN,0.0,0.0,-0.004944816443978951,NaN,NaN,NaN,NaN,NaN
truck,acceler,3985155.0,99871.32679392192,123314.52600138915,NaN,442827.14608185436,16404.44559338132,1474.9226203515623,NaN,NaN,NaN,NaN,NaN,0.0,0.0,-0.002305498280258807,NaN,0.0,0.0,-0.004621651770726977,NaN,NaN,NaN,NaN,NaN
truck,averag,9355832.0,379520.4819973375,195179.5932706434,NaN,2017631.3844277898,121924.41856472219,1974.6212726030456,NaN,NaN,NaN,NaN,NaN,0.0,0.0,-0.0036292826009361088,NaN,0.0,0.0,-0.007285004542104617,NaN,NaN,NaN,NaN,NaN
turtl,aim,1.6807748E7,823682.9666453515,314253.18441398477,NaN,3610490.2189043527,220394.23135623903,2546.188331682919,NaN,NaN,NaN,NaN,NaN,0.0,0.0,-0.002826797677951725,NaN,0.0,0.0,-0.005669622230860512,NaN,NaN,NaN,NaN,NaN
vest,articul,2335271.0,100581.03590830347,99998.76066960156,NaN,288248.08796070097,22587.21283915978,1382.0293580439595,NaN,NaN,NaN,NaN,NaN,0.0,0.0,-0.010216298160484511,NaN,0.0,0.0,-0.02064349643563034,NaN,NaN,NaN,NaN,NaN
violin,aggreg,1722966.0,37619.39262054918,98640.51439984357,NaN,348849.5784632683,6592.687247725024,1338.978917105852,NaN,NaN,NaN,NaN,NaN,0.0,0.0,-0.0024359021741278903,NaN,0.0,0.0,-0.00488370056508005,NaN,NaN,NaN,NaN,NaN
violin,anticip,8804053.0,254916.7049296083,225195.1328697388,NaN,972545.1578003975,44104.47233516332,2061.495053474682,NaN,NaN,NaN,NaN,NaN,0.0,0.0,-0.0020437366394644076,NaN,0.0,0.0,-0.0040958441055969595,NaN,NaN,NaN,NaN,NaN
violin,bass,704058.0,12467.413061642796,52800.98546118422,NaN,115219.47298091586,2472.0036997932766,1011.9068710226813,NaN,NaN,NaN,NaN,NaN,0.0,0.0,-6.149900751426679E-4,NaN,0.0,0.0,-0.001230737041350877,NaN,NaN,NaN,NaN,NaN
wrench,artefact,62270.0,1717.5920489661219,10455.2216347531,NaN,7943.773158896218,375.6447778477948,419.0889215543892,NaN,NaN,NaN,NaN,NaN,0.0,0.0,-3.087780380281144E-4,NaN,0.0,0.0,-6.177468227081428E-4,NaN,NaN,NaN,NaN,NaN
