w1,w2,c1,c2,c3,c4,c5,c6,c7,c8,c9,c10,c11,c12,c13,c14,c15,c16,c17,c18,c19,c20,c21,c22,c23,c24
acacia,cover,38056.0,430.05465610282187,7996.420620092605,NaN,7391.810197779702,183.93405806404496,384.24619965449097,NaN,NaN,NaN,NaN,NaN,0.0,0.0,-6.060556080360738E-4,NaN,0.0,0.0,-0.0012128462683547697,NaN,NaN,NaN,NaN,NaN
acacia,democraci,38056.0,430.05465610282187,7996.420620092605,NaN,7391.810197779702,183.93405806404496,384.24619965449097,NaN,NaN,NaN,NaN,NaN,0.0,0.0,-6.060556080360738E-4,NaN,0.0,0.0,-0.0012128462683547697,NaN,NaN,NaN,NaN,NaN
acacia,plant,38056.0,430.05465610282187,7996.420620092605,NaN,7391.810197779702,183.93405806404496,384.24619965449097,NaN,NaN,NaN,NaN,NaN,0.0,0.0,-6.060556080360738E-4,NaN,0.0,0.0,-0.0012128462683547697,NaN,NaN,NaN,NaN,NaN
allig,frog,57906.0,1289.5972527835818,11733.547323521252,NaN,9023.844191917322,124.35764682300633,476.95225859449016,NaN,NaN,NaN,NaN,NaN,0.0,0.0,0.0,NaN,0.0,0.0,0.0,NaN,NaN,NaN,NaN,NaN
allig,predat,57906.0,1289.5972527835818,11733.547323521252,NaN,9023.844191917322,124.35764682300633,476.95225859449016,NaN,NaN,NaN,NaN,NaN,0.0,0.0,0.0,NaN,0.0,0.0,0.0,NaN,NaN,NaN,NaN,NaN
allig,scale,57906.0,1289.5972527835818,11733.547323521252,NaN,9023.844191917322,124.35764682300633,476.95225859449016,NaN,NaN,NaN,NaN,NaN,0.0,0.0,0.0,NaN,0.0,0.0,0.0,NaN,NaN,NaN,NaN,NaN
allig,toad,57906.0,1289.5972527835818,11733.547323521252,NaN,9023.844191917322,124.35764682300633,476.95225859449016,NaN,NaN,NaN,NaN,NaN,0.0,0.0,0.0,NaN,0.0,0.0,0.0,NaN,NaN,NaN,NaN,NaN
ambul,Sanskrit,158120.0,2752.147465589041,20214.475053108927,NaN,23162.987458443265,369.8276255191457,597.6678681853931,NaN,NaN,NaN,NaN,NaN,0.0,0.0,-6.122749430895101E-4,NaN,0.0,0.0,-0.0012253001067321371,NaN,NaN,NaN,NaN,NaN
ambul,Saxon,158120.0,2752.147465589041,20214.475053108927,NaN,23162.987458443265,369.8276255191457,597.6678681853931,NaN,NaN,NaN,NaN,NaN,0.0,0.0,-6.122749430895101E-4,NaN,0.0,0.0,-0.0012253001067321371,NaN,NaN,NaN,NaN,NaN
ambul,air,9158506.0,343738.8117249686,500559.0631908019,NaN,745023.7991500674,53787.11229276137,3334.0262645470907,NaN,0.9188360572026251,0.8851537349561,0.1095486302828061,NaN,0.29880497182435845,0.3210869685802159,0.024760305801603967,NaN,0.4601229257763679,0.4860951265385477,0.04832409230026845,NaN,NaN,NaN,NaN,NaN
ambul,belt,158120.0,2752.147465589041,20214.475053108927,NaN,23162.987458443265,369.8276255191457,597.6678681853931,NaN,NaN,NaN,NaN,NaN,0.0,0.0,-6.122749430895101E-4,NaN,0.0,0.0,-0.0012253001067321371,NaN,NaN,NaN,NaN,NaN
ambul,bicycl,158120.0,2752.147465589041,20214.475053108927,NaN,23162.987458443265,369.8276255191457,597.6678681853931,NaN,NaN,NaN,NaN,NaN,0.0,0.0,-6.122749430895101E-4,NaN,0.0,0.0,-0.0012253001067321371,NaN,NaN,NaN,NaN,NaN
ambul,bookstor,158120.0,2752.147465589041,20214.475053108927,NaN,23162.987458443265,369.8276255191457,597.6678681853931,NaN,NaN,NaN,NaN,NaN,0.0,0.0,-6.122749430895101E-4,NaN,0.0,0.0,-0.0012253001067321371,NaN,NaN,NaN,NaN,NaN
ambul,brake,158120.0,2752.147465589041,20214.475053108927,NaN,23162.987458443265,369.8276255191457,597.6678681853931,NaN,NaN,NaN,NaN,NaN,0.0,0.0,-6.122749430895101E-4,NaN,0.0,0.0,-0.0012253001067321371,NaN,NaN,NaN,NaN,NaN
ambul,devil,158120.0,2752.147465589041,20214.475053108927,NaN,23162.987458443265,369.8276255191457,597.6678681853931,NaN,NaN,NaN,NaN,NaN,0.0,0.0,-6.122749430895101E-4,NaN,0.0,0.0,-0.0012253001067321371,NaN,NaN,NaN,NaN,NaN
ambul,driver,158120.0,2752.147465589041,20214.475053108927,NaN,23162.987458443265,369.8276255191457,597.6678681853931,NaN,NaN,NaN,NaN,NaN,0.0,0.0,-6.122749430895101E-4,NaN,0.0,0.0,-0.0012253001067321371,NaN,NaN,NaN,NaN,NaN
ambul,glider,158120.0,2752.147465589041,20214.475053108927,NaN,23162.987458443265,369.8276255191457,597.6678681853931,NaN,NaN,NaN,NaN,NaN,0.0,0.0,-6.122749430895101E-4,NaN,0.0,0.0,-0.0012253001067321371,NaN,NaN,NaN,NaN,NaN
ambul,interior,158120.0,2752.147465589041,20214.475053108927,NaN,23162.987458443265,369.8276255191457,597.6678681853931,NaN,NaN,NaN,NaN,NaN,0.0,0.0,-6.122749430895101E-4,NaN,0.0,0.0,-0.0012253001067321371,NaN,NaN,NaN,NaN,NaN
ambul,model,158120.0,2752.147465589041,20214.475053108927,NaN,23162.987458443265,369.8276255191457,597.6678681853931,NaN,NaN,NaN,NaN,NaN,0.0,0.0,-6.122749430895101E-4,NaN,0.0,0.0,-0.0012253001067321371,NaN,NaN,NaN,NaN,NaN
ambul,navig,158120.0,2752.147465589041,20214.475053108927,NaN,23162.987458443265,369.8276255191457,597.6678681853931,NaN,NaN,NaN,NaN,NaN,0.0,0.0,-6.122749430895101E-4,NaN,0.0,0.0,-0.0012253001067321371,NaN,NaN,NaN,NaN,NaN
ambul,nest,158120.0,2752.147465589041,20214.475053108927,NaN,23162.987458443265,369.8276255191457,597.6678681853931,NaN,NaN,NaN,NaN,NaN,0.0,0.0,-6.122749430895101E-4,NaN,0.0,0.0,-0.0012253001067321371,NaN,NaN,NaN,NaN,NaN
ambul,radio,158120.0,2752.147465589041,20214.475053108927,NaN,23162.987458443265,369.8276255191457,597.6678681853931,NaN,NaN,NaN,NaN,NaN,0.0,0.0,-6.122749430895101E-4,NaN,0.0,0.0,-0.0012253001067321371,NaN,NaN,NaN,NaN,NaN
ambul,replac,158120.0,2752.147465589041,20214.475053108927,NaN,23162.987458443265,369.8276255191457,597.6678681853931,NaN,NaN,NaN,NaN,NaN,0.0,0.0,-6.122749430895101E-4,NaN,0.0,0.0,-0.0012253001067321371,NaN,NaN,NaN,NaN,NaN
ambul,rockabilli,158120.0,2752.147465589041,20214.475053108927,NaN,23162.987458443265,369.8276255191457,597.6678681853931,NaN,NaN,NaN,NaN,NaN,0.0,0.0,-6.122749430895101E-4,NaN,0.0,0.0,-0.0012253001067321371,NaN,NaN,NaN,NaN,NaN
ambul,wheel,158120.0,2752.147465589041,20214.475053108927,NaN,23162.987458443265,369.8276255191457,597.6678681853931,NaN,NaN,NaN,NaN,NaN,0.0,0.0,-6.122749430895101E-4,NaN,0.0,0.0,-0.0012253001067321371,NaN,NaN,NaN,NaN,NaN
ant,bodi,807771.0,36348.23133737031,84853.29583994669,NaN,107417.92901094304,6630.105497073167,1337.5488038039055,NaN,NaN,NaN,NaN,NaN,0.0,0.0,-6.530689100733029E-4,NaN,0.0,0.0,-0.0013069913755797311,NaN,NaN,NaN,NaN,NaN
ant,moth,807771.0,36348.23133737031,84853.29583994669,NaN,107417.92901094304,6630.105497073167,1337.5488038039055,NaN,NaN,NaN,NaN,NaN,0.0,0.0,-6.530689100733029E-4,NaN,0.0,0.0,-0.0013069913755797311,NaN,NaN,NaN,NaN,NaN
ant,overpass,807771.0,36348.23133737031,84853.29583994669,NaN,107417.92901094304,6630.105497073167,1337.5488038039055,NaN,NaN,NaN,NaN,NaN,0.0,0.0,-6.530689100733029E-4,NaN,0.0,0.0,-0.0013069913755797311,NaN,NaN,NaN,NaN,NaN
ant,silverfish,807771.0,36348.23133737031,84853.29583994669,NaN,107417.92901094304,6630.105497073167,1337.5488038039055,NaN,NaN,NaN,NaN,NaN,0.0,0.0,-6.530689100733029E-4,NaN,0.0,0.0,-0.0013069913755797311,NaN,NaN,NaN,NaN,NaN
ant,theorem,807771.0,36348.23133737031,84853.29583994669,NaN,107417.92901094304,6630.105497073167,1337.5488038039055,NaN,NaN,NaN,NaN,NaN,0.0,0.0,-6.530689100733029E-4,NaN,0.0,0.0,-0.0013069913755797311,NaN,NaN,NaN,NaN,NaN
appl,Goth,1675034.0,78371.50539214094,96599.08678565998,NaN,288744.9601638096,15413.461753545896,1422.513994832614,NaN,NaN,NaN,NaN,NaN,0.0,0.0,-5.348589046839848E-4,NaN,0.0,0.0,-0.0010702902636460774,NaN,NaN,NaN,NaN,NaN
appl,food,1675034.0,78371.50539214094,96599.08678565998,NaN,288744.9601638096,15413.461753545896,1422.513994832614,NaN,NaN,NaN,NaN,NaN,0.0,0.0,-5.348589046839848E-4,NaN,0.0,0.0,-0.0010702902636460774,NaN,NaN,NaN,NaN,NaN
appl,stem,1675034.0,78371.50539214094,96599.08678565998,NaN,288744.9601638096,15413.461753545896,1422.513994832614,NaN,NaN,NaN,NaN,NaN,0.0,0.0,-5.348589046839848E-4,NaN,0.0,0.0,-0.0010702902636460774,NaN,NaN,NaN,NaN,NaN
appl,strawberri,1675034.0,78371.50539214094,96599.08678565998,NaN,288744.9601638096,15413.461753545896,1422.513994832614,NaN,NaN,NaN,NaN,NaN,0.0,0.0,-5.348589046839848E-4,NaN,0.0,0.0,-0.0010702902636460774,NaN,NaN,NaN,NaN,NaN
apricot,pre-school,83982.0,3018.8796705079694,8332.379762939023,NaN,24488.657701066426,1001.0157512856856,407.73961777705824,NaN,NaN,NaN,NaN,NaN,0.0,0.0,-2.4644373587945204E-4,NaN,0.0,0.0,-4.930089707314731E-4,NaN,NaN,NaN,NaN,NaN
apricot,republican,83982.0,3018.8796705079694,8332.379762939023,NaN,24488.657701066426,1001.0157512856856,407.73961777705824,NaN,NaN,NaN,NaN,NaN,0.0,0.0,-2.4644373587945204E-4,NaN,0.0,0.0,-4.930089707314731E-4,NaN,NaN,NaN,NaN,NaN
ax,artifact,901854.0,47167.5890228742,115463.85376986618,NaN,72280.14207235622,5043.929123529652,1558.8827018341008,NaN,0.7774766754895711,0.5382170731417113,0.19262075959915012,NaN,0.3643785759493225,0.2730606250930699,0.10527283604129942,NaN,0.5341311896455001,0.42898290892172874,0.19049203528488046,NaN,NaN,NaN,NaN,NaN
ax,corkscrew,1699754.0,76251.26767961153,105904.35277643049,NaN,241783.53260716496,8951.659122299923,1499.0756341758972,NaN,NaN,NaN,NaN,NaN,0.0,0.0,-0.0012671000978611376,NaN,0.0,0.0,-0.002537415354966867,NaN,NaN,NaN,NaN,NaN
ax,dagger,1699754.0,76251.26767961153,105904.35277643049,NaN,241783.53260716496,8951.659122299923,1499.0756341758972,NaN,NaN,NaN,NaN,NaN,0.0,0.0,-0.0012671000978611376,NaN,0.0,0.0,-0.002537415354966867,NaN,NaN,NaN,NaN,NaN
ax,ovoid,1699754.0,76251.26767961153,105904.35277643049,NaN,241783.53260716496,8951.659122299923,1499.0756341758972,NaN,NaN,NaN,NaN,NaN,0.0,0.0,-0.0012671000978611376,NaN,0.0,0.0,-0.002537415354966867,NaN,NaN,NaN,NaN,NaN
ax,photon,1699754.0,76251.26767961153,105904.35277643049,NaN,241783.53260716496,8951.659122299923,1499.0756341758972,NaN,NaN,NaN,NaN,NaN,0.0,0.0,-0.0012671000978611376,NaN,0.0,0.0,-0.002537415354966867,NaN,NaN,NaN,NaN,NaN
ax,poet,1699754.0,76251.26767961153,105904.35277643049,NaN,241783.53260716496,8951.659122299923,1499.0756341758972,NaN,NaN,NaN,NaN,NaN,0.0,0.0,-0.0012671000978611376,NaN,0.0,0.0,-0.002537415354966867,NaN,NaN,NaN,NaN,NaN
ax,queer,1699754.0,76251.26767961153,105904.35277643049,NaN,241783.53260716496,8951.659122299923,1499.0756341758972,NaN,NaN,NaN,NaN,NaN,0.0,0.0,-0.0012671000978611376,NaN,0.0,0.0,-0.002537415354966867,NaN,NaN,NaN,NaN,NaN
ax,rake,1699754.0,76251.26767961153,105904.35277643049,NaN,241783.53260716496,8951.659122299923,1499.0756341758972,NaN,NaN,NaN,NaN,NaN,0.0,0.0,-0.0012671000978611376,NaN,0.0,0.0,-0.002537415354966867,NaN,NaN,NaN,NaN,NaN
ax,scalpel,1699754.0,76251.26767961153,105904.35277643049,NaN,241783.53260716496,8951.659122299923,1499.0756341758972,NaN,NaN,NaN,NaN,NaN,0.0,0.0,-0.0012671000978611376,NaN,0.0,0.0,-0.002537415354966867,NaN,NaN,NaN,NaN,NaN
ax,spitfir,1699754.0,76251.26767961153,105904.35277643049,NaN,241783.53260716496,8951.659122299923,1499.0756341758972,NaN,NaN,NaN,NaN,NaN,0.0,0.0,-0.0012671000978611376,NaN,0.0,0.0,-0.002537415354966867,NaN,NaN,NaN,NaN,NaN
ax,spoon,1699754.0,76251.26767961153,105904.35277643049,NaN,241783.53260716496,8951.659122299923,1499.0756341758972,NaN,NaN,NaN,NaN,NaN,0.0,0.0,-0.0012671000978611376,NaN,0.0,0.0,-0.002537415354966867,NaN,NaN,NaN,NaN,NaN
ax,weapon,1699754.0,76251.26767961153,105904.35277643049,NaN,241783.53260716496,8951.659122299923,1499.0756341758972,NaN,NaN,NaN,NaN,NaN,0.0,0.0,-0.0012671000978611376,NaN,0.0,0.0,-0.002537415354966867,NaN,NaN,NaN,NaN,NaN
bag,box,3763038.0,119962.29578448276,144185.12373365724,NaN,430634.599408826,20217.303092692484,1723.6013221005508,NaN,NaN,NaN,NaN,NaN,0.0,0.0,-0.0012722787060153536,NaN,0.0,0.0,-0.002547798922346817,NaN,NaN,NaN,NaN,NaN
bag,leather,3763038.0,119962.29578448276,144185.12373365724,NaN,430634.599408826,20217.303092692484,1723.6013221005508,NaN,NaN,NaN,NaN,NaN,0.0,0.0,-0.0012722787060153536,NaN,0.0,0.0,-0.002547798922346817,NaN,NaN,NaN,NaN,NaN
banana,dustbin,274739.0,12726.60745852105,22639.04061653705,NaN,76603.43217506641,7380.120952640315,669.8223043258985,NaN,NaN,NaN,NaN,NaN,0.0,0.0,-3.7238755606367277E-4,NaN,0.0,0.0,-7.45052560429463E-4,NaN,NaN,NaN,NaN,NaN
banana,prairi,274739.0,12726.60745852105,22639.04061653705,NaN,76603.43217506641,7380.120952640315,669.8223043258985,NaN,NaN,NaN,NaN,NaN,0.0,0.0,-3.7238755606367277E-4,NaN,0.0,0.0,-7.45052560429463E-4,NaN,NaN,NaN,NaN,NaN
battleship,caboos,479050.0,19255.884324202492,17664.133556104374,NaN,152927.90816590673,11664.567177586938,571.1354861124455,NaN,NaN,NaN,NaN,NaN,0.0,0.0,-0.001008100614834332,NaN,0.0,0.0,-0.0020182358144340755,NaN,NaN,NaN,NaN,NaN
battleship,dispens,479050.0,19255.884324202492,17664.133556104374,NaN,152927.90816590673,11664.567177586938,571.1354861124455,NaN,NaN,NaN,NaN,NaN,0.0,0.0,-0.001008100614834332,NaN,0.0,0.0,-0.0020182358144340755,NaN,NaN,NaN,NaN,NaN
battleship,fighter,479050.0,19255.884324202492,17664.133556104374,NaN,152927.90816590673,11664.567177586938,571.1354861124455,NaN,NaN,NaN,NaN,NaN,0.0,0.0,-0.001008100614834332,NaN,0.0,0.0,-0.0020182358144340755,NaN,NaN,NaN,NaN,NaN
battleship,gate,479050.0,19255.884324202492,17664.133556104374,NaN,152927.90816590673,11664.567177586938,571.1354861124455,NaN,NaN,NaN,NaN,NaN,0.0,0.0,-0.001008100614834332,NaN,0.0,0.0,-0.0020182358144340755,NaN,NaN,NaN,NaN,NaN
battleship,glider,479050.0,19255.884324202492,17664.133556104374,NaN,152927.90816590673,11664.567177586938,571.1354861124455,NaN,NaN,NaN,NaN,NaN,0.0,0.0,-0.001008100614834332,NaN,0.0,0.0,-0.0020182358144340755,NaN,NaN,NaN,NaN,NaN
battleship,lack,479050.0,19255.884324202492,17664.133556104374,NaN,152927.90816590673,11664.567177586938,571.1354861124455,NaN,NaN,NaN,NaN,NaN,0.0,0.0,-0.001008100614834332,NaN,0.0,0.0,-0.0020182358144340755,NaN,NaN,NaN,NaN,NaN
battleship,propel,479050.0,19255.884324202492,17664.133556104374,NaN,152927.90816590673,11664.567177586938,571.1354861124455,NaN,NaN,NaN,NaN,NaN,0.0,0.0,-0.001008100614834332,NaN,0.0,0.0,-0.0020182358144340755,NaN,NaN,NaN,NaN,NaN
battleship,seizur,479050.0,19255.884324202492,17664.133556104374,NaN,152927.90816590673,11664.567177586938,571.1354861124455,NaN,NaN,NaN,NaN,NaN,0.0,0.0,-0.001008100614834332,NaN,0.0,0.0,-0.0020182358144340755,NaN,NaN,NaN,NaN,NaN
battleship,turret,479050.0,19255.884324202492,17664.133556104374,NaN,152927.90816590673,11664.567177586938,571.1354861124455,NaN,NaN,NaN,NaN,NaN,0.0,0.0,-0.001008100614834332,NaN,0.0,0.0,-0.0020182358144340755,NaN,NaN,NaN,NaN,NaN
beaver,amateur,359426.0,6381.048346813907,28670.13111009245,NaN,86512.29623585308,1360.553146962201,709.7092408082906,NaN,NaN,NaN,NaN,NaN,0.0,0.0,-8.602893491183932E-4,NaN,0.0,0.0,-0.0017220601682580803,NaN,NaN,NaN,NaN,NaN
birch,ballast,82034.0,2762.89302502758,14245.737193332101,NaN,9221.720338418423,366.651227668177,507.2558677538257,NaN,NaN,NaN,NaN,NaN,0.0,0.0,-0.0014113638098274949,NaN,0.0,0.0,-0.002826717145935382,NaN,NaN,NaN,NaN,NaN
blous,artifact,408087.0,11153.139565921349,37069.869609931586,NaN,49213.1286650219,1302.3646220383328,814.7249309246342,NaN,NaN,NaN,NaN,NaN,0.0,0.0,-7.57122270553218E-4,NaN,0.0,0.0,-0.00151539187804592,NaN,NaN,NaN,NaN,NaN
bomb,agent,1.2741748E7,397788.1776849383,360312.2001949727,NaN,1163157.7542027566,59659.65635452805,2788.1659510987906,NaN,NaN,NaN,NaN,NaN,0.0,0.0,-0.001118086904445263,NaN,0.0,0.0,-0.002238676844153259,NaN,NaN,NaN,NaN,NaN
bottl,artifact,408087.0,11153.139565921349,37069.869609931586,NaN,49213.1286650219,1302.3646220383328,814.7249309246342,NaN,NaN,NaN,NaN,NaN,0.0,0.0,-7.57122270553218E-4,NaN,0.0,0.0,-0.00151539187804592,NaN,NaN,NaN,NaN,NaN
bu,artifact,408087.0,11153.139565921349,37069.869609931586,NaN,49213.1286650219,1302.3646220383328,814.7249309246342,NaN,NaN,NaN,NaN,NaN,0.0,0.0,-7.57122270553218E-4,NaN,0.0,0.0,-0.00151539187804592,NaN,NaN,NaN,NaN,NaN
bu,back,2.6779916E7,576215.5151097359,347410.0459626675,NaN,9321403.379679156,217056.83877857192,2625.529170935724,NaN,NaN,NaN,NaN,NaN,0.0,0.0,-0.004231638534013985,NaN,0.0,0.0,-0.00849924279133372,NaN,NaN,NaN,NaN,NaN
butterfli,actuat,1202634.0,19956.02258929812,51144.25717511776,NaN,352626.8452656434,3695.3109336520806,949.6137447264746,NaN,NaN,NaN,NaN,NaN,0.0,0.0,-0.001338883237316467,NaN,0.0,0.0,-0.002681356497901244,NaN,NaN,NaN,NaN,NaN
butterfli,affidavit,132878.0,6350.667776258602,14816.455337595698,NaN,27050.67204340772,2503.991735815748,511.29795424429756,NaN,NaN,NaN,NaN,NaN,0.0,0.0,-3.110278113774058E-4,NaN,0.0,0.0,-6.222491595490375E-4,NaN,NaN,NaN,NaN,NaN
cannon,ball,3341215.0,108403.79705574151,181882.4003146441,NaN,348375.19126797764,10329.19914386913,1921.787156763681,NaN,NaN,NaN,NaN,NaN,0.0,0.0,-9.753932868410854E-4,NaN,0.0,0.0,-0.0019526912155851258,NaN,NaN,NaN,NaN,NaN
car,antibiot,721850.0,24646.569284159308,40401.936075500365,NaN,109125.2452093465,4371.788736626643,913.9196187656977,NaN,NaN,NaN,NaN,NaN,0.0,0.0,-7.159600675361585E-4,NaN,0.0,0.0,-0.0014329460672353905,NaN,NaN,NaN,NaN,NaN
car,balconi,305606.0,7732.298025046925,25252.726518997057,NaN,45855.38777504776,2764.4527815217434,674.9256025044417,NaN,NaN,NaN,NaN,NaN,0.0,0.0,-2.400373919639849E-4,NaN,0.0,0.0,-4.801900474946175E-4,NaN,NaN,NaN,NaN,NaN
carp,aid,1.7360891E7,388945.45648309024,416567.0188052214,NaN,2545828.936493377,65340.44481428838,2872.234075678978,NaN,NaN,NaN,NaN,NaN,0.0,0.0,-0.0021854592989985697,NaN,0.0,0.0,-0.004380491984939818,NaN,NaN,NaN,NaN,NaN
catfish,anim,1.3663915E7,274767.61811788974,432402.6434567383,NaN,1438250.8087148778,26805.375333207467,3003.790994602017,NaN,NaN,NaN,NaN,NaN,0.0,0.0,-0.001618507373432473,NaN,0.0,0.0,-0.0032422623724213157,NaN,NaN,NaN,NaN,NaN
cathedr,aps,63466.0,1814.9076414354056,7340.950690208585,NaN,11903.537625428837,567.3249456296371,357.9448279307168,NaN,NaN,NaN,NaN,NaN,0.0,0.0,-8.817447961770461E-4,NaN,0.0,0.0,-0.0017650459124023668,NaN,NaN,NaN,NaN,NaN
cathedr,aquarium,76272.0,1228.3679822758252,8988.836031922407,NaN,9552.473396979443,209.6216571379478,390.11495458006556,NaN,NaN,NaN,NaN,NaN,0.0,0.0,-3.200223306827039E-4,NaN,0.0,0.0,-6.40249555520384E-4,NaN,NaN,NaN,NaN,NaN
cedar,bathroom,216321.0,5687.811322293541,17440.741756866646,NaN,32974.5121722824,1394.8737709118175,546.4936928085449,NaN,NaN,NaN,NaN,NaN,0.0,0.0,-4.488105590972568E-4,NaN,0.0,0.0,-8.980241609202591E-4,NaN,NaN,NaN,NaN,NaN
cello,aura,188753.0,5431.754013440566,23864.534329726182,NaN,32788.728230902765,541.5085629959126,694.0964444491922,NaN,NaN,NaN,NaN,NaN,0.0,0.0,-1.9164464557231052E-4,NaN,0.0,0.0,-3.8336276056499515E-4,NaN,NaN,NaN,NaN,NaN
cherri,apricot,83982.0,3018.8796705079694,8332.379762939023,NaN,24488.657701066426,1001.0157512856856,407.73961777705824,NaN,NaN,NaN,NaN,NaN,0.0,0.0,-2.4644373587945204E-4,NaN,0.0,0.0,-4.930089707314731E-4,NaN,NaN,NaN,NaN,NaN
coat,arm,1.4781175E7,228276.28429587715,456204.5468751137,NaN,2318727.9207433974,45729.52810994499,3057.108588122871,NaN,NaN,NaN,NaN,NaN,0.0,0.0,-0.0014779400963453862,NaN,0.0,0.0,-0.0029602552726536464,NaN,NaN,NaN,NaN,NaN
corkscrew,ax,1699754.0,76251.26767961153,105904.35277643049,NaN,241783.53260716496,8951.659122299923,1499.0756341758972,NaN,NaN,NaN,NaN,NaN,0.0,0.0,-0.0012671000978611376,NaN,0.0,0.0,-0.002537415354966867,NaN,NaN,NaN,NaN,NaN
crow,aw,1362931.0,54162.66979329549,111894.23625301651,NaN,154261.60748222482,11697.739591884754,1497.6421642316348,NaN,NaN,NaN,NaN,NaN,0.0,0.0,-8.917122461186228E-4,NaN,0.0,0.0,-0.0017850162130539453,NaN,NaN,NaN,NaN,NaN
deer,ambienc,11400.0,159.2732419278475,2918.8726009629117,NaN,1901.9926393127814,37.65393426988749,205.71582507160326,NaN,NaN,NaN,NaN,NaN,0.0,0.0,0.0,NaN,0.0,0.0,0.0,NaN,NaN,NaN,NaN,NaN
dove,alleywai,13096.0,551.0633883794344,2670.1009436848617,NaN,2772.350987880142,156.05360965705273,216.18088445313634,NaN,NaN,NaN,NaN,NaN,0.0,0.0,-0.0017202520456618717,NaN,0.0,0.0,-0.0034464328244402233,NaN,NaN,NaN,NaN,NaN
dove,anim,1.3663915E7,274767.61811788974,432402.6434567383,NaN,1438250.8087148778,26805.375333207467,3003.790994602017,NaN,NaN,NaN,NaN,NaN,0.0,0.0,-0.001618507373432473,NaN,0.0,0.0,-0.0032422623724213157,NaN,NaN,NaN,NaN,NaN
dress,averag,9355832.0,379520.4819973375,195179.5932706434,NaN,2017631.3844277898,121924.41856472219,1974.6212726030456,NaN,NaN,NaN,NaN,NaN,0.0,0.0,-0.0036292826009361088,NaN,0.0,0.0,-0.007285004542104617,NaN,NaN,NaN,NaN,NaN
dresser,artefact,62270.0,1717.5920489661219,10455.2216347531,NaN,7943.773158896218,375.6447778477948,419.0889215543892,NaN,NaN,NaN,NaN,NaN,0.0,0.0,-3.087780380281144E-4,NaN,0.0,0.0,-6.177468227081428E-4,NaN,NaN,NaN,NaN,NaN
dresser,ban,1665421.0,51236.74782773265,96554.1942356503,NaN,217980.1037273815,8471.981253497406,1369.843194255798,NaN,NaN,NaN,NaN,NaN,0.0,0.0,-0.001212271653982491,NaN,0.0,0.0,-0.0024274860805308467,NaN,NaN,NaN,NaN,NaN
elm,backbench,2216.0,115.66872412745337,859.4851131049948,NaN,480.0499973961046,32.5700392970587,121.05950924707429,NaN,NaN,NaN,NaN,NaN,0.0,0.0,0.0,NaN,0.0,0.0,0.0,NaN,NaN,NaN,NaN,NaN
ferri,acc,26729.0,957.6187609640813,9384.809687221266,NaN,2368.573199206645,97.8786692221716,435.642120562953,NaN,NaN,NaN,NaN,NaN,0.0,0.0,-2.814846909108099E-4,NaN,0.0,0.0,-5.631278937027219E-4,NaN,NaN,NaN,NaN,NaN
fighter,aeroplan,71419.0,885.8466823082885,11911.38715516899,NaN,9074.379262517079,145.57597199254727,442.42458706373594,NaN,NaN,NaN,NaN,NaN,0.0,0.0,-7.838811001435039E-4,NaN,0.0,0.0,-0.0015689921035432497,NaN,NaN,NaN,NaN,NaN
fork,artefact,62270.0,1717.5920489661219,10455.2216347531,NaN,7943.773158896218,375.6447778477948,419.0889215543892,NaN,NaN,NaN,NaN,NaN,0.0,0.0,-3.087780380281144E-4,NaN,0.0,0.0,-6.177468227081428E-4,NaN,NaN,NaN,NaN,NaN
fox,accolad,10519.0,157.2847250325017,1912.4635379086496,NaN,1870.790474638996,44.380879862632824,174.02166950595438,NaN,NaN,NaN,NaN,NaN,0.0,0.0,-0.001230423605747975,NaN,0.0,0.0,-0.0024638788261653667,NaN,NaN,NaN,NaN,NaN
fox,anim,1.3663915E7,274767.61811788974,432402.6434567383,NaN,1438250.8087148778,26805.375333207467,3003.790994602017,NaN,NaN,NaN,NaN,NaN,0.0,0.0,-0.001618507373432473,NaN,0.0,0.0,-0.0032422623724213157,NaN,NaN,NaN,NaN,NaN
freezer,artifact,408087.0,11153.139565921349,37069.869609931586,NaN,49213.1286650219,1302.3646220383328,814.7249309246342,NaN,NaN,NaN,NaN,NaN,0.0,0.0,-7.57122270553218E-4,NaN,0.0,0.0,-0.00151539187804592,NaN,NaN,NaN,NaN,NaN
frigat,battleship,479050.0,19255.884324202492,17664.133556104374,NaN,152927.90816590673,11664.567177586938,571.1354861124455,NaN,NaN,NaN,NaN,NaN,0.0,0.0,-0.001008100614834332,NaN,0.0,0.0,-0.0020182358144340755,NaN,NaN,NaN,NaN,NaN
glider,aircraft,1618797.0,46709.69309638907,78380.86262878019,NaN,144814.47045444042,4768.411433929363,1245.7208842485206,NaN,NaN,NaN,NaN,NaN,0.0,0.0,-7.949812890367618E-4,NaN,0.0,0.0,-0.0015912275742216298,NaN,NaN,NaN,NaN,NaN
glider,artefact,62270.0,1717.5920489661219,10455.2216347531,NaN,7943.773158896218,375.6447778477948,419.0889215543892,NaN,NaN,NaN,NaN,NaN,0.0,0.0,-3.087780380281144E-4,NaN,0.0,0.0,-6.177468227081428E-4,NaN,NaN,NaN,NaN,NaN
glove,artefact,62270.0,1717.5920489661219,10455.2216347531,NaN,7943.773158896218,375.6447778477948,419.0889215543892,NaN,NaN,NaN,NaN,NaN,0.0,0.0,-3.087780380281144E-4,NaN,0.0,0.0,-6.177468227081428E-4,NaN,NaN,NaN,NaN,NaN
gorilla,anchor,2516649.0,91149.81657755729,115086.38788246097,NaN,381415.25178602914,17415.596876107895,1500.2428388073467,NaN,NaN,NaN,NaN,NaN,0.0,0.0,-0.0011884364481775862,NaN,0.0,0.0,-0.0023797010197828482,NaN,NaN,NaN,NaN,NaN
gorilla,barrier,3554204.0,72910.78430895372,118787.03383563076,NaN,587821.3547328814,12891.206195353374,1496.1344479367897,NaN,NaN,NaN,NaN,NaN,0.0,0.0,-0.0012299758885353802,NaN,0.0,0.0,-0.0024629811845416623,NaN,NaN,NaN,NaN,NaN
gun,amoeba,22261.0,775.8632287046,5108.47420966676,NaN,3818.7823975712467,210.1937122613246,312.36876931017906,NaN,NaN,NaN,NaN,NaN,0.0,0.0,-1.0016147274267883E-5,NaN,0.0,0.0,-2.0032495196957933E-5,NaN,NaN,NaN,NaN,NaN
hammer,ax,1699754.0,76251.26767961153,105904.35277643049,NaN,241783.53260716496,8951.659122299923,1499.0756341758972,NaN,NaN,NaN,NaN,NaN,0.0,0.0,-0.0012671000978611376,NaN,0.0,0.0,-0.002537415354966867,NaN,NaN,NaN,NaN,NaN
hat,accessori,237632.0,5007.51229537883,32992.76330089471,NaN,32400.888814969258,1253.3623606267176,759.7975439521243,NaN,NaN,NaN,NaN,NaN,0.0,0.0,-4.699395706757525E-4,NaN,0.0,0.0,-9.403210354151853E-4,NaN,NaN,NaN,NaN,NaN
hatchet,al,1.04508808E8,4336799.96134566,5862188.479836831,NaN,4.438009676907918E7,1930364.3613495785,12490.766203824596,NaN,NaN,NaN,NaN,NaN,0.0,0.0,-3.953580289360331E-4,NaN,0.0,0.0,-7.910287974582602E-4,NaN,NaN,NaN,NaN,NaN
hornet,antenna,459155.0,19504.735237513163,40384.00371594525,NaN,46738.14075249464,2397.0632249653895,895.0726114076856,NaN,NaN,NaN,NaN,NaN,0.0,0.0,-2.2349242034293192E-4,NaN,0.0,0.0,-4.470847607411404E-4,NaN,NaN,NaN,NaN,NaN
hotel,apparit,224565.0,4814.254681992814,23577.917001779595,NaN,57373.79026175628,1146.1344503408322,633.1363723564157,NaN,NaN,NaN,NaN,NaN,0.0,0.0,-2.153073534465292E-4,NaN,0.0,0.0,-4.307074413723701E-4,NaN,NaN,NaN,NaN,NaN
hotel,audienc,2304272.0,24970.890348800367,108169.11161484172,NaN,225120.7848911335,3863.6234235433235,1383.7681189663172,NaN,NaN,NaN,NaN,NaN,0.0,0.0,-0.0010574623131057996,NaN,0.0,0.0,-0.00211716344676724,NaN,NaN,NaN,NaN,NaN
knife,artifact,408087.0,11153.139565921349,37069.869609931586,NaN,49213.1286650219,1302.3646220383328,814.7249309246342,NaN,NaN,NaN,NaN,NaN,0.0,0.0,-7.57122270553218E-4,NaN,0.0,0.0,-0.00151539187804592,NaN,NaN,NaN,NaN,NaN
lime,amaz,3727992.0,89057.35100075124,114927.3698677648,NaN,527614.1041784232,11402.071873583918,1501.9263739550488,NaN,NaN,NaN,NaN,NaN,0.0,0.0,-0.0012597673149004223,NaN,0.0,0.0,-0.0025227126607557503,NaN,NaN,NaN,NaN,NaN
lime,angl,8383088.0,227674.28555606998,196934.8462284832,NaN,1542998.738446665,37063.952545337605,2027.8018443898848,NaN,NaN,NaN,NaN,NaN,0.0,0.0,-0.002314714325719699,NaN,0.0,0.0,-0.004640169317833153,NaN,NaN,NaN,NaN,NaN
lion,airman,13374.0,299.97308539028563,3505.2709774134046,NaN,1612.9550520705777,42.10403480898543,238.7058897852796,NaN,NaN,NaN,NaN,NaN,0.0,0.0,-3.2590010501815976E-4,NaN,0.0,0.0,-6.52012701044063E-4,NaN,NaN,NaN,NaN,NaN
lion,anim,1.3663915E7,274767.61811788974,432402.6434567383,NaN,1438250.8087148778,26805.375333207467,3003.790994602017,NaN,NaN,NaN,NaN,NaN,0.0,0.0,-0.001618507373432473,NaN,0.0,0.0,-0.0032422623724213157,NaN,NaN,NaN,NaN,NaN
moth,ant,807771.0,36348.23133737031,84853.29583994669,NaN,107417.92901094304,6630.105497073167,1337.5488038039055,NaN,NaN,NaN,NaN,NaN,0.0,0.0,-6.530689100733029E-4,NaN,0.0,0.0,-0.0013069913755797311,NaN,NaN,NaN,NaN,NaN
moth,antenna,459155.0,19504.735237513163,40384.00371594525,NaN,46738.14075249464,2397.0632249653895,895.0726114076856,NaN,NaN,NaN,NaN,NaN,0.0,0.0,-2.2349242034293192E-4,NaN,0.0,0.0,-4.470847607411404E-4,NaN,NaN,NaN,NaN,NaN
motorcycl,battleship,479050.0,19255.884324202492,17664.133556104374,NaN,152927.90816590673,11664.567177586938,571.1354861124455,NaN,NaN,NaN,NaN,NaN,0.0,0.0,-0.001008100614834332,NaN,0.0,0.0,-0.0020182358144340755,NaN,NaN,NaN,NaN,NaN
musket,ammo,3978.0,110.09620382059099,1021.9354494391464,NaN,750.0013333321482,26.17327367290337,128.64750201185993,NaN,NaN,NaN,NaN,NaN,0.0,0.0,0.0,NaN,0.0,0.0,0.0,NaN,NaN,NaN,NaN,NaN
musket,bazooka,4297.0,107.4413671913956,712.7708646579578,NaN,1481.0526661803758,32.974239974130676,110.1478146887094,NaN,NaN,NaN,NaN,NaN,0.0,0.0,0.0,NaN,0.0,0.0,0.0,NaN,NaN,NaN,NaN,NaN
oak,acorn,90704.0,1701.1525521353112,12251.356339088228,NaN,18617.029247439023,417.77856830707435,468.4325685856113,NaN,NaN,NaN,NaN,NaN,0.0,0.0,-5.995984133874378E-4,NaN,0.0,0.0,-0.0011999162946813643,NaN,NaN,NaN,NaN,NaN
peach,apricot,83982.0,3018.8796705079694,8332.379762939023,NaN,24488.657701066426,1001.0157512856856,407.73961777705824,NaN,NaN,NaN,NaN,NaN,0.0,0.0,-2.4644373587945204E-4,NaN,0.0,0.0,-4.930089707314731E-4,NaN,NaN,NaN,NaN,NaN
pear,apricot,83982.0,3018.8796705079694,8332.379762939023,NaN,24488.657701066426,1001.0157512856856,407.73961777705824,NaN,NaN,NaN,NaN,NaN,0.0,0.0,-2.4644373587945204E-4,NaN,0.0,0.0,-4.930089707314731E-4,NaN,NaN,NaN,NaN,NaN
piano,airspac,24786.0,818.5723424460524,3897.763446548571,NaN,4672.627954374283,187.58549929647563,261.5354548581504,NaN,NaN,NaN,NaN,NaN,0.0,0.0,-2.2482655552928855E-4,NaN,0.0,0.0,-4.497542277524375E-4,NaN,NaN,NaN,NaN,NaN
piano,artifact,408087.0,11153.139565921349,37069.869609931586,NaN,49213.1286650219,1302.3646220383328,814.7249309246342,NaN,NaN,NaN,NaN,NaN,0.0,0.0,-7.57122270553218E-4,NaN,0.0,0.0,-0.00151539187804592,NaN,NaN,NaN,NaN,NaN
pistol,ammo,3978.0,110.09620382059099,1021.9354494391464,NaN,750.0013333321482,26.17327367290337,128.64750201185993,NaN,NaN,NaN,NaN,NaN,0.0,0.0,0.0,NaN,0.0,0.0,0.0,NaN,NaN,NaN,NaN,NaN
pistol,arm,1.4781175E7,228276.28429587715,456204.5468751137,NaN,2318727.9207433974,45729.52810994499,3057.108588122871,NaN,NaN,NaN,NaN,NaN,0.0,0.0,-0.0014779400963453862,NaN,0.0,0.0,-0.0029602552726536464,NaN,NaN,NaN,NaN,NaN
plum,advic,3494859.0,89916.92895554657,98937.6114280302,NaN,610234.1688622491,27083.24093432578,1350.0521867380191,NaN,NaN,NaN,NaN,NaN,0.0,0.0,-0.0038803579340394513,NaN,0.0,0.0,-0.007790947533152855,NaN,NaN,NaN,NaN,NaN
plum,appl,1675034.0,78371.50539214094,96599.08678565998,NaN,288744.9601638096,15413.461753545896,1422.513994832614,NaN,NaN,NaN,NaN,NaN,0.0,0.0,-5.348589046839848E-4,NaN,0.0,0.0,-0.0010702902636460774,NaN,NaN,NaN,NaN,NaN
plum,apricot,83982.0,3018.8796705079694,8332.379762939023,NaN,24488.657701066426,1001.0157512856856,407.73961777705824,NaN,NaN,NaN,NaN,NaN,0.0,0.0,-2.4644373587945204E-4,NaN,0.0,0.0,-4.930089707314731E-4,NaN,NaN,NaN,NaN,NaN
rake,ax,1699754.0,76251.26767961153,105904.35277643049,NaN,241783.53260716496,8951.659122299923,1499.0756341758972,NaN,NaN,NaN,NaN,NaN,0.0,0.0,-0.0012671000978611376,NaN,0.0,0.0,-0.002537415354966867,NaN,NaN,NaN,NaN,NaN
revolv,ask,3.49062442E8,1.3242073870958572E7,1847260.8386795525,NaN,3.661566919466853E7,1528814.6429704502,6799.763364652927,NaN,NaN,NaN,NaN,NaN,0.0,0.0,-0.0018757821857725964,NaN,0.0,0.0,-0.0037586147140690218,NaN,NaN,NaN,NaN,NaN
rifl,ammunit,261099.0,13969.3017528789,26083.13385893695,NaN,49292.64146908745,1891.4481212399633,718.5271554819606,NaN,NaN,NaN,NaN,NaN,0.0,0.0,-9.596870730667617E-4,NaN,0.0,0.0,-0.0019212179141302585,NaN,NaN,NaN,NaN,NaN
robe,artefact,62270.0,1717.5920489661219,10455.2216347531,NaN,7943.773158896218,375.6447778477948,419.0889215543892,NaN,NaN,NaN,NaN,NaN,0.0,0.0,-3.087780380281144E-4,NaN,0.0,0.0,-6.177468227081428E-4,NaN,NaN,NaN,NaN,NaN
robin,anim,1.3663915E7,274767.61811788974,432402.6434567383,NaN,1438250.8087148778,26805.375333207467,3003.790994602017,NaN,NaN,NaN,NaN,NaN,0.0,0.0,-0.001618507373432473,NaN,0.0,0.0,-0.0032422623724213157,NaN,NaN,NaN,NaN,NaN
salmon,arena,828071.0,47726.212654792536,59400.42865507545,NaN,133760.49835059675,11873.024968785305,1068.8915044677626,NaN,NaN,NaN,NaN,NaN,0.0,0.0,-8.084219964786445E-4,NaN,0.0,0.0,-0.0016181521427431319,NaN,NaN,NaN,NaN,NaN
saw,artifact,408087.0,11153.139565921349,37069.869609931586,NaN,49213.1286650219,1302.3646220383328,814.7249309246342,NaN,NaN,NaN,NaN,NaN,0.0,0.0,-7.57122270553218E-4,NaN,0.0,0.0,-0.00151539187804592,NaN,NaN,NaN,NaN,NaN
saw,baro,28247.0,405.1498282750372,6384.291064777224,NaN,3847.141666224419,107.25032261619752,324.5237382604705,NaN,NaN,NaN,NaN,NaN,0.0,0.0,-0.001982578742740894,NaN,0.0,0.0,-0.0039730343389062835,NaN,NaN,NaN,NaN,NaN
saxophon,banjo,21969.0,692.4147274498247,4316.805513625101,NaN,5445.4200021669585,335.0965890001487,289.58325511646933,NaN,NaN,NaN,NaN,NaN,0.0,0.0,-9.290432001036509E-4,NaN,0.0,0.0,-0.0018598142479878505,NaN,NaN,NaN,NaN,NaN
scarf,accessori,237632.0,5007.51229537883,32992.76330089471,NaN,32400.888814969258,1253.3623606267176,759.7975439521243,NaN,NaN,NaN,NaN,NaN,0.0,0.0,-4.699395706757525E-4,NaN,0.0,0.0,-9.403210354151853E-4,NaN,NaN,NaN,NaN,NaN
screwdriv,acr,7480438.0,275243.63662602246,146055.65718949636,NaN,1829521.5802602603,50336.37099820486,1773.809658410281,NaN,NaN,NaN,NaN,NaN,0.0,0.0,-0.001648402420520394,NaN,0.0,0.0,-0.003302248275090608,NaN,NaN,NaN,NaN,NaN
screwdriv,artefact,62270.0,1717.5920489661219,10455.2216347531,NaN,7943.773158896218,375.6447778477948,419.0889215543892,NaN,NaN,NaN,NaN,NaN,0.0,0.0,-3.087780380281144E-4,NaN,0.0,0.0,-6.177468227081428E-4,NaN,NaN,NaN,NaN,NaN
siev,abund,2480072.0,62135.47400148852,100649.71858490344,NaN,727341.3345768271,9040.139959030179,1408.3616948465417,NaN,NaN,NaN,NaN,NaN,0.0,0.0,-8.741820123522303E-4,NaN,0.0,0.0,-0.0017498937503445395,NaN,NaN,NaN,NaN,NaN
siev,allow,1.34715699E8,3009097.0831454936,1084223.2856422276,NaN,9970106.194779823,484134.3533304027,4914.407864419311,NaN,NaN,NaN,NaN,NaN,0.0,0.0,-0.002492399872894384,NaN,0.0,0.0,-0.004997254903274506,NaN,NaN,NaN,NaN,NaN
siev,attrit,49451.0,835.0927601968957,7483.939081094428,NaN,9734.961068232375,156.04563657291462,343.4328539782655,NaN,NaN,NaN,NaN,NaN,0.0,0.0,-0.001102556014326959,NaN,0.0,0.0,-0.002207545971741965,NaN,NaN,NaN,NaN,NaN
sofa,automobil,579889.0,19518.650371734133,46459.91974081521,NaN,128204.45388909077,4471.440996239422,943.6208524117015,NaN,NaN,NaN,NaN,NaN,0.0,0.0,-5.803785695515488E-4,NaN,0.0,0.0,-0.0011614312088867437,NaN,NaN,NaN,NaN,NaN
spade,barangai,13023.0,519.9741833624555,1951.4886507420435,NaN,3062.4165294747218,162.0447587101265,195.61179677259844,NaN,NaN,NaN,NaN,NaN,0.0,0.0,0.0,NaN,0.0,0.0,0.0,NaN,NaN,NaN,NaN,NaN
sparrow,aid,1.7360891E7,388945.45648309024,416567.0188052214,NaN,2545828.936493377,65340.44481428838,2872.234075678978,NaN,NaN,NaN,NaN,NaN,0.0,0.0,-0.0021854592989985697,NaN,0.0,0.0,-0.004380491984939818,NaN,NaN,NaN,NaN,NaN
stove,abil,1.7316373E7,479986.71181001194,229528.9940949995,NaN,1691383.6383567743,37213.630537617384,2197.331808753488,NaN,NaN,NaN,NaN,NaN,0.0,0.0,-0.0026526126758838614,NaN,0.0,0.0,-0.005319335488511828,NaN,NaN,NaN,NaN,NaN
strawberri,account,5.5766309E7,1756346.89506144,694661.9142435278,NaN,1.6407035995776415E7,804455.6431349656,3851.6161009233915,NaN,NaN,NaN,NaN,NaN,0.0,0.0,-0.003399557311856011,NaN,0.0,0.0,-0.006822307448883598,NaN,NaN,NaN,NaN,NaN
strawberri,aton,804627.0,10614.271624919811,43614.89690181119,NaN,240508.7080980645,1447.24688079609,879.7184976293465,NaN,NaN,NaN,NaN,NaN,0.0,0.0,-5.54002428256706E-4,NaN,0.0,0.0,-0.0011086190341503426,NaN,NaN,NaN,NaN,NaN
swan,analog,2109419.0,101982.01432679265,100950.69735830525,NaN,686314.8373399776,55787.899193209334,1392.7102979247031,NaN,NaN,NaN,NaN,NaN,0.0,0.0,-0.0012194483360115657,NaN,0.0,0.0,-0.002441874411711242,NaN,NaN,NaN,NaN,NaN
swan,asphalt,96314.0,1728.6315049825014,15150.454080198262,NaN,14883.398066301928,219.19127188345567,524.9639411720066,NaN,NaN,NaN,NaN,NaN,0.0,0.0,-7.715874378807101E-4,NaN,0.0,0.0,-0.0015443664895442367,NaN,NaN,NaN,NaN,NaN
sweater,apparel,244580.0,10726.40775902397,29403.20219965341,NaN,42525.00772486702,3745.3069243252216,738.2167775816773,NaN,NaN,NaN,NaN,NaN,0.0,0.0,-1.844875824648446E-4,NaN,0.0,0.0,-3.6904324882649017E-4,NaN,NaN,NaN,NaN,NaN
sweater,arrang,3.3383267E7,1063315.7547404813,607881.1100569268,NaN,3833224.436108718,163098.16932886193,3589.4112263232337,NaN,NaN,NaN,NaN,NaN,0.0,0.0,-0.0021428259970675593,NaN,0.0,0.0,-0.004294855121342768,NaN,NaN,NaN,NaN,NaN
sword,annihil,1397139.0,33365.82683454955,92284.11323807147,NaN,153298.1859155548,4081.467968983258,1320.483373462537,NaN,NaN,NaN,NaN,NaN,0.0,0.0,-6.824051479562042E-4,NaN,0.0,0.0,-0.0013657422854788006,NaN,NaN,NaN,NaN,NaN
sword,arm,1.4781175E7,228276.28429587715,456204.5468751137,NaN,2318727.9207433974,45729.52810994499,3057.108588122871,NaN,NaN,NaN,NaN,NaN,0.0,0.0,-0.0014779400963453862,NaN,0.0,0.0,-0.0029602552726536464,NaN,NaN,NaN,NaN,NaN
tanker,artifact,408087.0,11153.139565921349,37069.869609931586,NaN,49213.1286650219,1302.3646220383328,814.7249309246342,NaN,NaN,NaN,NaN,NaN,0.0,0.0,-7.57122270553218E-4,NaN,0.0,0.0,-0.00151539187804592,NaN,NaN,NaN,NaN,NaN
tanker,battleship,479050.0,19255.884324202492,17664.133556104374,NaN,152927.90816590673,11664.567177586938,571.1354861124455,NaN,NaN,NaN,NaN,NaN,0.0,0.0,-0.001008100614834332,NaN,0.0,0.0,-0.0020182358144340755,NaN,NaN,NaN,NaN,NaN
televis,amplifi,2031466.0,64553.78895213863,79453.51035436841,NaN,200171.1261446066,15578.079377659606,1204.2534473493865,NaN,NaN,NaN,NaN,NaN,0.0,0.0,-0.002336340193829667,NaN,0.0,0.0,-0.004683622924149768,NaN,NaN,NaN,NaN,NaN
televis,applianc,635858.0,15317.980567244615,41496.506735799194,NaN,85750.92279386852,2255.895557223852,870.7506596682455,NaN,NaN,NaN,NaN,NaN,0.0,0.0,-0.01699444306598084,NaN,0.0,0.0,-0.03457649439741984,NaN,NaN,NaN,NaN,NaN
truck,ambul,158120.0,2752.147465589041,20214.475053108927,NaN,23162.987458443265,369.8276255191457,597.6678681853931,NaN,NaN,NaN,NaN,NaN,0.0,0.0,-6.122749430895101E-4,NaN,0.0,0.0,-0.0012253001067321371,NaN,NaN,NaN,NaN,NaN
truck,barn,1836844.0,76732.54435480775,102789.76925163288,NaN,250333.07885295543,11263.139531638108,1461.816601999618,NaN,NaN,NaN,NaN,NaN,0.0,0.0,-5.117321423846539E-4,NaN,0.0,0.0,-0.0010239882924920013,NaN,NaN,NaN,NaN,NaN
trumpet,bass,704058.0,12467.413061642796,52800.98546118422,NaN,115219.47298091586,2472.0036997932766,1011.9068710226813,NaN,NaN,NaN,NaN,NaN,0.0,0.0,-6.149900751426679E-4,NaN,0.0,0.0,-0.001230737041350877,NaN,NaN,NaN,NaN,NaN
violin,artifact,408087.0,11153.139565921349,37069.869609931586,NaN,49213.1286650219,1302.3646220383328,814.7249309246342,NaN,NaN,NaN,NaN,NaN,0.0,0.0,-7.57122270553218E-4,NaN,0.0,0.0,-0.00151539187804592,NaN,NaN,NaN,NaN,NaN
willow,battleship,479050.0,19255.884324202492,17664.133556104374,NaN,152927.90816590673,11664.567177586938,571.1354861124455,NaN,NaN,NaN,NaN,NaN,0.0,0.0,-0.001008100614834332,NaN,0.0,0.0,-0.0020182358144340755,NaN,NaN,NaN,NaN,NaN
wrench,ax,1699754.0,76251.26767961153,105904.35277643049,NaN,241783.53260716496,8951.659122299923,1499.0756341758972,NaN,NaN,NaN,NaN,NaN,0.0,0.0,-0.0012671000978611376,NaN,0.0,0.0,-0.002537415354966867,NaN,NaN,NaN,NaN,NaN
