w1,w2,c1,c2,c3,c4,c5,c6,c7,c8,c9,c10,c11,c12,c13,c14,c15,c16,c17,c18,c19,c20,c21,c22,c23,c24
acacia,consolid,37702.0,1.7794034359071172423,4857.83067807791419368,5.1639482930921967207067,7389.790660093153,0.34877244950411335,249.19320425489062,0.4692971981150297,-1.0,-1.0,-1.0,-1.0,0.0,0.0,-0.002496623428041559,-1.2736710049681424E-4,0.0,0.0,-0.005005744314613769,-2.5476664988312737E-4,37702.00,1.77940343590711724230,4833.634738466913828520,5.16263302637149206464130
acacia,cortex,37702.0,1.7794034359071172423,4857.83067807791419368,5.1639482930921967207067,7389.790660093153,0.34877244950411335,249.19320425489062,0.4692971981150297,-1.0,-1.0,-1.0,-1.0,0.0,0.0,-0.002496623428041559,-1.2736710049681424E-4,0.0,0.0,-0.005005744314613769,-2.5476664988312737E-4,37702.00,1.77940343590711724230,4833.634738466913828520,5.16263302637149206464130
acacia,instrument,37702.0,1.7794034359071172423,4857.83067807791419368,5.1639482930921967207067,7389.790660093153,0.34877244950411335,249.19320425489062,0.4692971981150297,-1.0,-1.0,-1.0,-1.0,0.0,0.0,-0.002496623428041559,-1.2736710049681424E-4,0.0,0.0,-0.005005744314613769,-2.5476664988312737E-4,37702.00,1.77940343590711724230,4833.634738466913828520,5.16263302637149206464130
acacia,spike,37702.0,1.7794034359071172423,4857.83067807791419368,5.1639482930921967207067,7389.790660093153,0.34877244950411335,249.19320425489062,0.4692971981150297,-1.0,-1.0,-1.0,-1.0,0.0,0.0,-0.002496623428041559,-1.2736710049681424E-4,0.0,0.0,-0.005005744314613769,-2.5476664988312737E-4,37702.00,1.77940343590711724230,4833.634738466913828520,5.16263302637149206464130
allig,carnivor,57264.0,1.69676138552253400797,6079.266891488532029888,5.4214742859426736839351,9021.613824588148,0.26731499672844083,267.07502808229503,0.5153505161037774,-1.0,-1.0,-1.0,-1.0,0.0,0.0,-0.003382634104725252,-2.7148839711104095E-4,0.0,0.0,-0.006788230308803794,-5.431242461531022E-4,57264.00,1.696761385522534007970,6038.2776719826064923680,5.41853135018784595895170
allig,ey,57264.0,1.69676138552253400797,6079.266891488532029888,5.4214742859426736839351,9021.613824588148,0.26731499672844083,267.07502808229503,0.5153505161037774,-1.0,-1.0,-1.0,-1.0,0.0,0.0,-0.003382634104725252,-2.7148839711104095E-4,0.0,0.0,-0.006788230308803794,-5.431242461531022E-4,57264.00,1.696761385522534007970,6038.2776719826064923680,5.41853135018784595895170
ambul,bicycl,152508.0,1.58804602488676004443,7798.5824458808932710252,3.4910001849100267001955,23315.70166218465,0.24278337754136145,266.3591845896556,0.2739534719508455,-1.0,-1.0,-1.0,-1.0,0.0,0.0,-0.014516066429285667,-0.0019730232149957677,0.0,0.0,-0.029459772878669774,-0.003953847462824241,152508.00,1.588046024886760044430,7575.41251376319665288480,3.47725166224764746789090
ambul,clue,152508.0,1.58804602488676004443,7798.5824458808932710252,3.4910001849100267001955,23315.70166218465,0.24278337754136145,266.3591845896556,0.2739534719508455,-1.0,-1.0,-1.0,-1.0,0.0,0.0,-0.014516066429285667,-0.0019730232149957677,0.0,0.0,-0.029459772878669774,-0.003953847462824241,152508.00,1.588046024886760044430,7575.41251376319665288480,3.47725166224764746789090
ambul,colour,152508.0,1.58804602488676004443,7798.5824458808932710252,3.4910001849100267001955,23315.70166218465,0.24278337754136145,266.3591845896556,0.2739534719508455,-1.0,-1.0,-1.0,-1.0,0.0,0.0,-0.014516066429285667,-0.0019730232149957677,0.0,0.0,-0.029459772878669774,-0.003953847462824241,152508.00,1.588046024886760044430,7575.41251376319665288480,3.47725166224764746789090
ambul,convey,152508.0,1.58804602488676004443,7798.5824458808932710252,3.4910001849100267001955,23315.70166218465,0.24278337754136145,266.3591845896556,0.2739534719508455,-1.0,-1.0,-1.0,-1.0,0.0,0.0,-0.014516066429285667,-0.0019730232149957677,0.0,0.0,-0.029459772878669774,-0.003953847462824241,152508.00,1.588046024886760044430,7575.41251376319665288480,3.47725166224764746789090
ambul,core,152508.0,1.58804602488676004443,7798.5824458808932710252,3.4910001849100267001955,23315.70166218465,0.24278337754136145,266.3591845896556,0.2739534719508455,-1.0,-1.0,-1.0,-1.0,0.0,0.0,-0.014516066429285667,-0.0019730232149957677,0.0,0.0,-0.029459772878669774,-0.003953847462824241,152508.00,1.588046024886760044430,7575.41251376319665288480,3.47725166224764746789090
ambul,scooter,152508.0,1.58804602488676004443,7798.5824458808932710252,3.4910001849100267001955,23315.70166218465,0.24278337754136145,266.3591845896556,0.2739534719508455,-1.0,-1.0,-1.0,-1.0,0.0,0.0,-0.014516066429285667,-0.0019730232149957677,0.0,0.0,-0.029459772878669774,-0.003953847462824241,152508.00,1.588046024886760044430,7575.41251376319665288480,3.47725166224764746789090
ambul,steel,152508.0,1.58804602488676004443,7798.5824458808932710252,3.4910001849100267001955,23315.70166218465,0.24278337754136145,266.3591845896556,0.2739534719508455,-1.0,-1.0,-1.0,-1.0,0.0,0.0,-0.014516066429285667,-0.0019730232149957677,0.0,0.0,-0.029459772878669774,-0.003953847462824241,152508.00,1.588046024886760044430,7575.41251376319665288480,3.47725166224764746789090
ambul,supplier,152508.0,1.58804602488676004443,7798.5824458808932710252,3.4910001849100267001955,23315.70166218465,0.24278337754136145,266.3591845896556,0.2739534719508455,-1.0,-1.0,-1.0,-1.0,0.0,0.0,-0.014516066429285667,-0.0019730232149957677,0.0,0.0,-0.029459772878669774,-0.003953847462824241,152508.00,1.588046024886760044430,7575.41251376319665288480,3.47725166224764746789090
ambul,tanker,152508.0,1.58804602488676004443,7798.5824458808932710252,3.4910001849100267001955,23315.70166218465,0.24278337754136145,266.3591845896556,0.2739534719508455,-1.0,-1.0,-1.0,-1.0,0.0,0.0,-0.014516066429285667,-0.0019730232149957677,0.0,0.0,-0.029459772878669774,-0.003953847462824241,152508.00,1.588046024886760044430,7575.41251376319665288480,3.47725166224764746789090
ambul,windscreen,152508.0,1.58804602488676004443,7798.5824458808932710252,3.4910001849100267001955,23315.70166218465,0.24278337754136145,266.3591845896556,0.2739534719508455,-1.0,-1.0,-1.0,-1.0,0.0,0.0,-0.014516066429285667,-0.0019730232149957677,0.0,0.0,-0.029459772878669774,-0.003953847462824241,152508.00,1.588046024886760044430,7575.41251376319665288480,3.47725166224764746789090
ant,overpass,751973.0,1.665440427360270721279,26794.879127429637366275,11.8475994180886312800598,104830.63305637336,0.232174791272897,499.84023280381183,0.5242204748477238,-1.0,-1.0,-1.0,-1.0,0.0,0.0,-0.020032736760080688,-0.003171086479005974,0.0,0.0,-0.04088450198601419,-0.0063623485153637424,751973.00,1.6654404273602707212790,25742.4133766088736601130,11.77269741417373643992320
ant,wasp,751973.0,1.665440427360270721279,26794.879127429637366275,11.8475994180886312800598,104830.63305637336,0.232174791272897,499.84023280381183,0.5242204748477238,-1.0,-1.0,-1.0,-1.0,0.0,0.0,-0.020032736760080688,-0.003171086479005974,0.0,0.0,-0.04088450198601419,-0.0063623485153637424,751973.00,1.6654404273602707212790,25742.4133766088736601130,11.77269741417373643992320
appl,somebodi,1609141.0,1.889736657913650500245,29610.3765227543390142507,14.806174836244925279399573,288321.62815335236,0.33859801595431255,505.2161074144759,0.7814460887506719,-1.0,-1.0,-1.0,-1.0,0.0,0.0,-0.02163553301832426,-0.0031773823381505153,0.0,0.0,-0.04422796155929789,-0.006375020554014703,1609141.00,1.8897366579136505002450,28356.23792197492680292530,14.7123830916371997529724730
appl,trust,1609141.0,1.889736657913650500245,29610.3765227543390142507,14.806174836244925279399573,288321.62815335236,0.33859801595431255,505.2161074144759,0.7814460887506719,-1.0,-1.0,-1.0,-1.0,0.0,0.0,-0.02163553301832426,-0.0031773823381505153,0.0,0.0,-0.04422796155929789,-0.006375020554014703,1609141.00,1.8897366579136505002450,28356.23792197492680292530,14.7123830916371997529724730
apricot,autobiographi,497198.0,2.178997638756911164387,18734.2155858711205988651,8.7488393157031771898157,57178.14300937029,0.34212802753691895,405.26992462507354,0.5296933856264978,0.451622707312692,0.8705859218380577,0.017695082687563733,0.0035211310819195465,0.13628720129522698,0.266401446973105,-0.012225429261140973,0.0036988580969879487,0.23988160940275735,0.42072195607458535,-0.024753480446447023,0.007370453930775571,497198.00,2.1789976387569111643870,17925.38305109216845186490,8.70168778250044409256910
apricot,cranberri,82561.0,2.34295362960440432978,4272.11412561570771519,4.2219892429931473802005,24483.457823599998,0.6948027079743458,225.7464113778296,0.4850594684308219,-1.0,-1.0,-1.0,-1.0,0.0,0.0,-0.007305072642206739,-4.8677550845147407E-4,0.0,0.0,-0.01471765885144651,-9.740251484898488E-4,82561.00,2.342953629604404329780,4210.150565873950425310,4.21788092090285247943750
ax,religion,1676824.0,1.654560237444940852677,29088.4513832101791976026,11.88348728758296671566194,241785.93921897112,0.238575665069792,487.52846190223516,0.4889393110797997,-1.0,-1.0,-1.0,-1.0,0.0,0.0,-0.03895059149115472,-0.006909932202378395,0.0,0.0,-0.08105845786137068,-0.013916023181467457,1676824.00,1.6545602374449408526770,26907.38060618395465096660,11.720386122605045410223900
bag,Presbyterian,3727257.0,1.6705901388641128997158,38641.029271738462018813126,16.1374334414062653468258093,430606.4197605512,0.19300167350508904,540.7189433933819,0.7007352210685891,-1.0,-1.0,-1.0,-1.0,0.0,0.0,-0.05451689883565965,-0.010075363844945798,0.0,0.0,-0.1153207260257182,-0.020355819982578294,3727257.00,1.67059013886411289971580,34645.6659237653559602628740,15.81549605085978563999365070
bag,admiss,2267803.0,1.0876447417638490563516,50876.477546046948616419826,18.6469037235292185877099993,187108.0139785573,0.08518008506814523,616.4787950376835,0.6881570434746981,0.8898648334848785,0.8913073105126202,0.07113841694640573,0.26020364331536894,0.41808844951491614,0.42108398364469585,-0.00671156732102062,0.047908321411264804,0.5896507367476707,0.5926236429246489,-0.013513833646323614,0.09143609308635803,2267803.00,1.08764474176384905635160,47305.5332478244956759981740,18.45041164013568261060056070
bag,case,3727257.0,1.6705901388641128997158,38641.029271738462018813126,16.1374334414062653468258093,430606.4197605512,0.19300167350508904,540.7189433933819,0.7007352210685891,-1.0,-1.0,-1.0,-1.0,0.0,0.0,-0.05451689883565965,-0.010075363844945798,0.0,0.0,-0.1153207260257182,-0.020355819982578294,3727257.00,1.67059013886411289971580,34645.6659237653559602628740,15.81549605085978563999365070
bag,condit,3727257.0,1.6705901388641128997158,38641.029271738462018813126,16.1374334414062653468258093,430606.4197605512,0.19300167350508904,540.7189433933819,0.7007352210685891,-1.0,-1.0,-1.0,-1.0,0.0,0.0,-0.05451689883565965,-0.010075363844945798,0.0,0.0,-0.1153207260257182,-0.020355819982578294,3727257.00,1.67059013886411289971580,34645.6659237653559602628740,15.81549605085978563999365070
bag,everybodi,3727257.0,1.6705901388641128997158,38641.029271738462018813126,16.1374334414062653468258093,430606.4197605512,0.19300167350508904,540.7189433933819,0.7007352210685891,-1.0,-1.0,-1.0,-1.0,0.0,0.0,-0.05451689883565965,-0.010075363844945798,0.0,0.0,-0.1153207260257182,-0.020355819982578294,3727257.00,1.67059013886411289971580,34645.6659237653559602628740,15.81549605085978563999365070
bag,ford,3727257.0,1.6705901388641128997158,38641.029271738462018813126,16.1374334414062653468258093,430606.4197605512,0.19300167350508904,540.7189433933819,0.7007352210685891,-1.0,-1.0,-1.0,-1.0,0.0,0.0,-0.05451689883565965,-0.010075363844945798,0.0,0.0,-0.1153207260257182,-0.020355819982578294,3727257.00,1.67059013886411289971580,34645.6659237653559602628740,15.81549605085978563999365070
banana,apricot,106400.0,1.08898403713746732026,11431.984574076852709222,8.4235448186298062498554,10237.739301232476,0.0895028266047188,357.5231735913714,0.6038558060500222,0.9447597273079854,0.9916947128915838,0.20989866140746793,0.631629230982311,0.5296447580146058,0.6447996258359353,0.10475029970582003,0.2443143849362117,0.6925068781356206,0.7840464159982153,0.18963615530806122,0.3926891594180777,106400.00,1.088984037137467320260,11306.0596823308272178820,8.41691917053409529584060
banana,desol,268873.0,2.09326025520253480208,10052.622657366212628572,8.5595916560071754180140,76531.76967116336,0.5958237224003935,327.6617595959514,0.698769826126893,-1.0,-1.0,-1.0,-1.0,0.0,0.0,-0.008742359349443061,-7.694454144125764E-4,0.0,0.0,-0.017638924515538664,-0.0015400758331127894,268873.00,2.093260255202534802080,9878.3786814678941043320,8.54642950646486681325400
banana,experi,268873.0,2.09326025520253480208,10052.622657366212628572,8.5595916560071754180140,76531.76967116336,0.5958237224003935,327.6617595959514,0.698769826126893,-1.0,-1.0,-1.0,-1.0,0.0,0.0,-0.008742359349443061,-7.694454144125764E-4,0.0,0.0,-0.017638924515538664,-0.0015400758331127894,268873.00,2.093260255202534802080,9878.3786814678941043320,8.54642950646486681325400
banana,produc,268873.0,2.09326025520253480208,10052.622657366212628572,8.5595916560071754180140,76531.76967116336,0.5958237224003935,327.6617595959514,0.698769826126893,-1.0,-1.0,-1.0,-1.0,0.0,0.0,-0.008742359349443061,-7.694454144125764E-4,0.0,0.0,-0.017638924515538664,-0.0015400758331127894,268873.00,2.093260255202534802080,9878.3786814678941043320,8.54642950646486681325400
banana,wingspan,268873.0,2.09326025520253480208,10052.622657366212628572,8.5595916560071754180140,76531.76967116336,0.5958237224003935,327.6617595959514,0.698769826126893,-1.0,-1.0,-1.0,-1.0,0.0,0.0,-0.008742359349443061,-7.694454144125764E-4,0.0,0.0,-0.017638924515538664,-0.0015400758331127894,268873.00,2.093260255202534802080,9878.3786814678941043320,8.54642950646486681325400
battleship,bulwark,471864.0,2.100113492222444763726,6775.8083612977196717549,5.46621188567135753236322,152918.28339345168,0.6805896405788179,251.47810868667946,0.9929018105809437,-1.0,-1.0,-1.0,-1.0,0.0,0.0,-0.023382524035019968,-0.0019634036290132792,0.0,0.0,-0.04788471353518648,-0.003934532333087813,471864.00,2.1001134922224447637260,6466.17731299713025065090,5.444789186569951166634320
battleship,deck,471864.0,2.100113492222444763726,6775.8083612977196717549,5.46621188567135753236322,152918.28339345168,0.6805896405788179,251.47810868667946,0.9929018105809437,-1.0,-1.0,-1.0,-1.0,0.0,0.0,-0.023382524035019968,-0.0019634036290132792,0.0,0.0,-0.04788471353518648,-0.003934532333087813,471864.00,2.1001134922224447637260,6466.17731299713025065090,5.444789186569951166634320
battleship,ground,471864.0,2.100113492222444763726,6775.8083612977196717549,5.46621188567135753236322,152918.28339345168,0.6805896405788179,251.47810868667946,0.9929018105809437,-1.0,-1.0,-1.0,-1.0,0.0,0.0,-0.023382524035019968,-0.0019634036290132792,0.0,0.0,-0.04788471353518648,-0.003934532333087813,471864.00,2.1001134922224447637260,6466.17731299713025065090,5.444789186569951166634320
battleship,helm,471864.0,2.100113492222444763726,6775.8083612977196717549,5.46621188567135753236322,152918.28339345168,0.6805896405788179,251.47810868667946,0.9929018105809437,-1.0,-1.0,-1.0,-1.0,0.0,0.0,-0.023382524035019968,-0.0019634036290132792,0.0,0.0,-0.04788471353518648,-0.003934532333087813,471864.00,2.1001134922224447637260,6466.17731299713025065090,5.444789186569951166634320
battleship,hull,471864.0,2.100113492222444763726,6775.8083612977196717549,5.46621188567135753236322,152918.28339345168,0.6805896405788179,251.47810868667946,0.9929018105809437,-1.0,-1.0,-1.0,-1.0,0.0,0.0,-0.023382524035019968,-0.0019634036290132792,0.0,0.0,-0.04788471353518648,-0.003934532333087813,471864.00,2.1001134922224447637260,6466.17731299713025065090,5.444789186569951166634320
battleship,motorboat,471864.0,2.100113492222444763726,6775.8083612977196717549,5.46621188567135753236322,152918.28339345168,0.6805896405788179,251.47810868667946,0.9929018105809437,-1.0,-1.0,-1.0,-1.0,0.0,0.0,-0.023382524035019968,-0.0019634036290132792,0.0,0.0,-0.04788471353518648,-0.003934532333087813,471864.00,2.1001134922224447637260,6466.17731299713025065090,5.444789186569951166634320
battleship,train,471864.0,2.100113492222444763726,6775.8083612977196717549,5.46621188567135753236322,152918.28339345168,0.6805896405788179,251.47810868667946,0.9929018105809437,-1.0,-1.0,-1.0,-1.0,0.0,0.0,-0.023382524035019968,-0.0019634036290132792,0.0,0.0,-0.04788471353518648,-0.003934532333087813,471864.00,2.1001134922224447637260,6466.17731299713025065090,5.444789186569951166634320
blous,back,26723042.0,1.2889372335388243534362,55706.66911177486796046132,9.386543940367872266575839,9321421.86098548,0.44960179706138786,514.2859089587847,0.42696472718674255,-1.0,-1.0,-1.0,-1.0,0.0,0.0,-0.4180922943185469,-0.18309794339439361,0.0,0.0,-1.4369711562039984,-0.44827391953253903,26723042.00,1.28893723353882435343620,22858.977616521152168810080,6.4811937947467684207892010
bookcas,artifact,404501.0,1.470084134396976264437,12675.243015535378625412,4.13976978745471405014983,49199.76275349303,0.17880744581596927,313.8560856582166,0.2404717841671273,-1.0,-1.0,-1.0,-1.0,0.0,0.0,-0.01586374178798698,-0.0032002232578740085,0.0,0.0,-0.03223891337325251,-0.006420995133713624,404501.00,1.4700841343969762644370,12279.3694863856320240080,4.113357936163386629907970
box,basket,1200810.0,1.543243354392963429926,24817.3211701247876913412,9.82642836993865648859366,191479.21135204207,0.2460830776088179,454.6749410976577,0.43454632324899106,-1.0,-1.0,-1.0,-1.0,0.0,0.0,-0.02557494413233079,-0.004558688328018238,0.0,0.0,-0.052492377896744,-0.009159130276321944,1200810.00,1.5432433543929634299260,23579.57329792607769207320,9.737243686481875635281060
bull,bassist,676.0,1.396694214876033072,336.2167443998947094,1.089643598362148310474,155.84607791022526,0.32199602874013483,70.38660171517469,0.5447282706068337,-1.0,-1.0,-1.0,-1.0,0.0,0.0,0.0,0.0,0.0,0.0,0.0,0.0,676.00,1.3966942148760330720,336.21674439989470940,1.0896435983621483104740
cannon,artefact,61672.0,1.48732666103943084755,4662.345568320919939163,1.7564980722030318424857,7939.278304732742,0.19146939116683329,204.39301332967935,0.17504562413491154,-1.0,-1.0,-1.0,-1.0,0.0,0.0,-0.005729097334971033,-9.83802233241896E-4,0.0,0.0,-0.011524218036784235,-0.0019695421064065384,61672.00,1.487326661039430847550,4609.2278219199028855430,1.75304537552150098402390
cannon,barrel,1538245.0,1.416233639490605390540,20651.028061474238238558,7.18528731501327639291302,358286.0097115153,0.32986728350315175,392.99506247839423,0.3271522052308006,-1.0,-1.0,-1.0,-1.0,0.0,0.0,-0.04012553491236998,-0.00920083102761992,0.0,0.0,-0.08360579715745808,-0.01857254490264193,1538245.00,1.4162336394906053905400,19057.6943346432191413460,7.054271540079716804128120
car,battleship,471864.0,2.100113492222444763726,6775.8083612977196717549,5.46621188567135753236322,152918.28339345168,0.6805896405788179,251.47810868667946,0.9929018105809437,-1.0,-1.0,-1.0,-1.0,0.0,0.0,-0.023382524035019968,-0.0019634036290132792,0.0,0.0,-0.04788471353518648,-0.003934532333087813,471864.00,2.1001134922224447637260,6466.17731299713025065090,5.444789186569951166634320
carp,aid,17651345.0,1.5945994264938451379129,69066.95911848766669063437,14.326402843964476821243408,2584066.7953826194,0.23344121538267554,600.3842607859342,0.43508860429158147,-1.0,-1.0,-1.0,-1.0,0.0,0.0,-0.17447956136783782,-0.06289679390344173,0.0,0.0,-0.42271409211125033,-0.13423664222734694,17651345.00,1.59459942649384513791290,48545.916218482858764068570,12.6308764067356639386811880
clarinet,architectur,3881592.0,1.680820908803932527405,45838.52894206919458495086,14.875327288850253936306555,489007.5131140625,0.21175178962763977,569.1237985262492,0.45232370199427857,-1.0,-1.0,-1.0,-1.0,0.0,0.0,-0.03776502190182127,-0.008807315118431693,0.0,0.0,-0.07849438601049906,-0.01777114632254177,3881592.00,1.6808209088039325274050,42502.334306655315692413060,14.6155914741722449958800750
clarinet,banjo,21930.0,1.6838144963144963455,2486.14990452726310978,3.441163410955426458255,5445.474634960666,0.41811076742634107,178.46236842046034,0.6073238412003603,-1.0,-1.0,-1.0,-1.0,0.0,0.0,-0.006861832924596383,-2.2640237292793856E-4,0.0,0.0,-0.013818485991336189,-4.529072851399491E-4,21930.00,1.68381449631449634550,2452.263337944805489180,3.4396055885263747808710
dagger,artefact,61672.0,1.48732666103943084755,4662.345568320919939163,1.7564980722030318424857,7939.278304732742,0.19146939116683329,204.39301332967935,0.17504562413491154,-1.0,-1.0,-1.0,-1.0,0.0,0.0,-0.005729097334971033,-9.83802233241896E-4,0.0,0.0,-0.011524218036784235,-0.0019695421064065384,61672.00,1.487326661039430847550,4609.2278219199028855430,1.75304537552150098402390
dress,alkylresorcinol,10.0,1.0,19.481504111899103,0.03245704337314903,10.0,1.0,19.481504111899103,0.03245704337314903,-1.0,-1.0,-1.0,-1.0,0.0,0.0,0.0,0.0,0.0,0.0,0.0,0.0,10.00,1.00,19.4815041118991030,0.032457043373149030
eleph,alcohol,3615176.0,1.7272509666640070719122,32929.9215050988293370918784,14.00755040838530079610805164,839863.6524174623,0.401268238532239,496.5905461596643,0.6736391070375146,-1.0,-1.0,-1.0,-1.0,0.0,0.0,-0.05455722021254129,-0.009323070333901754,0.0,0.0,-0.11541094052208233,-0.01882161591679346,3615176.00,1.72725096666400707191220,29522.68111130912826409252160,13.748776222990236348734870360
eleph,amplifi,2018655.0,1.606070056989826475372,22141.8138202166149241002,10.10678398313063851348200,200141.7058011648,0.15923553100560414,404.0201341665173,0.5084597761283316,-1.0,-1.0,-1.0,-1.0,0.0,0.0,-0.07522490428681573,-0.0101350510210528,0.0,0.0,-0.16268799762347075,-0.020477644008927032,2018655.00,1.6060700569898264753720,19043.64185875693806437600,9.903973930703988480847140
falcon,anim,13560998.0,1.5605524593578500099084,88968.5550471211617976072,23.07794015664906597079634,1438141.548496531,0.16549632485831559,736.4989618508077,0.5004885846093539,-1.0,-1.0,-1.0,-1.0,0.0,0.0,-0.09252083143555387,-0.02840004144891754,0.0,0.0,-0.2039073394531223,-0.05846035953165264,13560998.00,1.56055245935785000990840,73899.83608500578842491860,21.803310770051501146869100
ferri,backcountri,19064.0,1.7768664367601826258,825.3883274246627929,0.816960179565996602489,6041.425990608509,0.5630931112506765,94.81368464063546,0.23042572694250832,-1.0,-1.0,-1.0,-1.0,0.0,0.0,-0.009502772255398442,-3.973441782648053E-4,0.0,0.0,-0.019187882589104466,-7.950042468387878E-4,19064.00,1.77686643676018262580,809.84903914661840970,0.8163112086883472624430
ferri,battleship,471864.0,2.100113492222444763726,6775.8083612977196717549,5.46621188567135753236322,152918.28339345168,0.6805896405788179,251.47810868667946,0.9929018105809437,-1.0,-1.0,-1.0,-1.0,0.0,0.0,-0.023382524035019968,-0.0019634036290132792,0.0,0.0,-0.04788471353518648,-0.003934532333087813,471864.00,2.1001134922224447637260,6466.17731299713025065090,5.444789186569951166634320
frigat,accept,87604825.0,1.71937483676897254196143,105674.840223547352561416137,22.5965941277446085806097426,9136995.695239272,0.17932711448325855,685.2525255605274,0.46068784232500487,-1.0,-1.0,-1.0,-1.0,0.0,0.0,-0.2807373811005031,-0.11172826501583841,0.0,0.0,-0.7806255287673465,-0.2515632561872085,87604825.00,1.719374836768972541961430,59347.0319931342766730708770,18.05469600999904713668880660
frigat,batteri,2087127.0,1.526554731007728123410,29703.1250583731199295611,11.17954012932091264846338,317018.2738439537,0.23187172881783955,469.44131734265704,0.5179905906015988,-1.0,-1.0,-1.0,-1.0,0.0,0.0,-0.031008926709295632,-0.0057945280658464465,0.0,0.0,-0.06400250232231545,-0.011656600631202763,2087127.00,1.5265547310077281234100,27916.40526553501537033490,11.050726227007923177492940
grasshopp,antenna,453030.0,1.531836763676570534332,14226.7830229253603828401,8.12575724903347094878808,46679.89335891846,0.15783938540867734,358.9686078543784,0.5228078352532752,-1.0,-1.0,-1.0,-1.0,0.0,0.0,-0.013509499744095523,-0.0015291118938040174,0.0,0.0,-0.027389011329741215,-0.0030629073156139596,453030.00,1.5318367636765705343320,13847.51332361609668463110,8.100944805924021358483240
guitar,arrang,33291921.0,1.5929945301092805811256,92346.749070944716694872793,18.741870970381794118638308,3833206.7129497463,0.18341619056788946,671.8839107279994,0.33079975508767784,-1.0,-1.0,-1.0,-1.0,0.0,0.0,-0.1798513225610938,-0.06757391208956287,0.0,0.0,-0.4385822412656176,-0.14494213099720474,33291921.00,1.59299453010928058112560,64192.8882631701808425086070,16.3692735754760609606401840
hammer,acclam,92952.0,1.50019367333763714376,5029.651332186697742016,3.1939915929561401618820,25820.8856935621,0.4167347594183683,226.25138479393323,0.3253926081618721,-1.0,-1.0,-1.0,-1.0,0.0,0.0,-0.005375746069163746,-5.274954277069494E-4,0.0,0.0,-0.010809601812781778,-0.0010555476519740418,92952.00,1.500193673337637143760,4975.8642212801913913960,3.19062373756162434794600
hat,arsen,641493.0,1.926781503897157102409,15798.3658611277286955867,7.8309373859706649888780,116278.5857370135,0.3492531146830868,367.56462145751846,0.526745385780593,-1.0,-1.0,-1.0,-1.0,0.0,0.0,-0.017031785774737913,-0.0022354076979045306,0.0,0.0,-0.0346537874333235,-0.004480831881890856,641493.00,1.9267815038971571024090,15269.22923688212708236530,7.79600479911541451981680
hatchet,artefact,61672.0,1.48732666103943084755,4662.345568320919939163,1.7564980722030318424857,7939.278304732742,0.19146939116683329,204.39301332967935,0.17504562413491154,-1.0,-1.0,-1.0,-1.0,0.0,0.0,-0.005729097334971033,-9.83802233241896E-4,0.0,0.0,-0.011524218036784235,-0.0019695421064065384,61672.00,1.487326661039430847550,4609.2278219199028855430,1.75304537552150098402390
helicopt,airplan,223135.0,1.44962514454997856384,9545.331816108202801822,3.9584152223500960573571,24161.116509797306,0.15696579206759942,286.71418693779714,0.26010392680235633,-1.0,-1.0,-1.0,-1.0,0.0,0.0,-0.014834362421596976,-0.0020648837265176754,0.0,0.0,-0.030115468619187204,-0.004138312587352217,223135.00,1.449625144549978563840,9266.2736429957623937420,3.94210157378667367898250
hors,artwork,121449.0,1.58208819123298379223,3805.2215046127275008673,2.36129485136404671667556,42828.982488497204,0.5579233047417078,181.93123250622287,0.723565441694654,-1.0,-1.0,-1.0,-1.0,0.0,0.0,-0.012552098351643452,-0.0014688058352371643,0.0,0.0,-0.02542331262376498,-0.0029419327985356933,121449.00,1.582088191232983792230,3710.87867592580276366730,2.354368457578857584482960
hotel,alter,20441318.0,1.6426846422424960629526,70112.553978139560603495938,15.651889531584348819955680,2028761.917336778,0.16303332516893312,617.5742061475479,0.3316908327407273,-1.0,-1.0,-1.0,-1.0,0.0,0.0,-0.15004302257359384,-0.04948938676985086,0.0,0.0,-0.35306027612811813,-0.10413221289906395,20441318.00,1.64268464224249606295260,51817.7609786696329937434620,14.1757385109596398748413000
jacket,ax,1676824.0,1.654560237444940852677,29088.4513832101791976026,11.88348728758296671566194,241785.93921897112,0.238575665069792,487.52846190223516,0.4889393110797997,-1.0,-1.0,-1.0,-1.0,0.0,0.0,-0.03895059149115472,-0.006909932202378395,0.0,0.0,-0.08105845786137068,-0.013916023181467457,1676824.00,1.6545602374449408526770,26907.38060618395465096660,11.720386122605045410223900
missil,arm,14728171.0,1.7217455173236940934237,95602.03978645566173206563,22.860404856936642892434798,2318725.797731806,0.2710625608670312,764.9217514907918,0.5047294159834467,-1.0,-1.0,-1.0,-1.0,0.0,0.0,-0.08056922478551427,-0.02617679884701819,0.0,0.0,-0.17525892532087364,-0.05376088558174734,14728171.00,1.72174551732369409342370,81345.512658288494372653070,21.6941102765606564423285420
parslei,astonish,5449706.0,1.6810284624268327441199,41050.1372159921421873827,9.69319017564931093257875,671577.0103629219,0.20715614184170514,524.7550808250617,0.22875583784939646,-1.0,-1.0,-1.0,-1.0,0.0,0.0,-0.06109029764495549,-0.01925281740067883,0.0,0.0,-0.13013029366237067,-0.03926152986675357,5449706.00,1.68102846242683274411990,36323.36682433536831310070,9.326997966423427745453750
phone,antenna,453030.0,1.531836763676570534332,14226.7830229253603828401,8.12575724903347094878808,46679.89335891846,0.15783938540867734,358.9686078543784,0.5228078352532752,-1.0,-1.0,-1.0,-1.0,0.0,0.0,-0.013509499744095523,-0.0015291118938040174,0.0,0.0,-0.027389011329741215,-0.0030629073156139596,453030.00,1.5318367636765705343320,13847.51332361609668463110,8.100944805924021358483240
phone,applianc,630380.0,1.703131332234620275567,14738.6331971666081237725,5.57441019274700156814043,85744.66700617597,0.23166094887249333,337.4324266733737,0.36561951647829954,-1.0,-1.0,-1.0,-1.0,0.0,0.0,-0.01624001810814874,-0.002653953222453812,0.0,0.0,-0.03301622023070678,-0.005322030865874109,630380.00,1.7031313322346202755670,14267.57190112172922288250,5.544900063461074420724630
pig,anim,13560998.0,1.5605524593578500099084,88968.5550471211617976072,23.07794015664906597079634,1438141.548496531,0.16549632485831559,736.4989618508077,0.5004885846093539,-1.0,-1.0,-1.0,-1.0,0.0,0.0,-0.09252083143555387,-0.02840004144891754,0.0,0.0,-0.2039073394531223,-0.05846035953165264,13560998.00,1.56055245935785000990840,73899.83608500578842491860,21.803310770051501146869100
pineappl,banana,268873.0,2.09326025520253480208,10052.622657366212628572,8.5595916560071754180140,76531.76967116336,0.5958237224003935,327.6617595959514,0.698769826126893,-1.0,-1.0,-1.0,-1.0,0.0,0.0,-0.008742359349443061,-7.694454144125764E-4,0.0,0.0,-0.017638924515538664,-0.0015400758331127894,268873.00,2.093260255202534802080,9878.3786814678941043320,8.54642950646486681325400
rabbit,alarm,3916598.0,1.6776916500036838418330,44535.581995098762256582798,9.868723764386442765157011,425090.43677551724,0.18208932248719528,540.4286923286246,0.21928163840152273,-1.0,-1.0,-1.0,-1.0,0.0,0.0,-0.05366171052036185,-0.01603140164464121,0.0,0.0,-0.11340915001942646,-0.03258518955063541,3916598.00,1.67769165000368384183300,39999.2958512346677472319980,9.5572974164786866410841390
radio,addict,1491092.0,1.752475468620166416440,20053.2410292463848915850,6.672400659845598921359543,311609.0354819642,0.36623306307225384,390.02247825436154,0.3367651809818134,-1.0,-1.0,-1.0,-1.0,0.0,0.0,-0.043042288869316804,-0.008795141140336414,0.0,0.0,-0.08995651190993725,-0.017746364057284435,1491092.00,1.7524754686201664164400,18398.20287334856284025600,6.5560545293876766269570770
radio,artefact,61672.0,1.48732666103943084755,4662.345568320919939163,1.7564980722030318424857,7939.278304732742,0.19146939116683329,204.39301332967935,0.17504562413491154,-1.0,-1.0,-1.0,-1.0,0.0,0.0,-0.005729097334971033,-9.83802233241896E-4,0.0,0.0,-0.011524218036784235,-0.0019695421064065384,61672.00,1.487326661039430847550,4609.2278219199028855430,1.75304537552150098402390
salmon,arena,823383.0,1.461331766785518423529,18394.8200063011332440643,6.06002776852448659913189,133765.1683996996,0.23740505921532926,376.30141340158343,0.2682011267301899,-1.0,-1.0,-1.0,-1.0,0.0,0.0,-0.021538909004482153,-0.00497235240308896,0.0,0.0,-0.04402609199833949,-0.00999440048745917,823383.00,1.4613317667855184235290,17619.11905007292657622230,6.000060758356384909114510
saxophon,algorithm,3329644.0,1.4891765985537788901445,32740.8964640383686670767,15.928971223502297785262646,353763.25663075864,0.15821990675360512,507.87910100025573,0.5442860575437733,-1.0,-1.0,-1.0,-1.0,0.0,0.0,-0.03992000854089149,-0.006467754977439407,0.0,0.0,-0.08315975522044144,-0.013019718302736195,3329644.00,1.48917659855377889014450,30227.20915011750875758750,15.7242459704441798382816740
scarf,aircrew,3425.0,1.633285646161182654,622.86613792440008332,0.636143793250475367967,797.4101830300389,0.3802623667286785,88.78419663004962,0.21295372789504474,-1.0,-1.0,-1.0,-1.0,0.0,0.0,-0.0036193693872162733,-1.1675375702804656E-4,0.0,0.0,-0.007265033614694671,-2.335347801190687E-4,3425.00,1.6332856461611826540,618.373632696419739280,0.6359952662358182175890
screwdriv,afterthought,22011.0,1.2728271554964436596,2656.443733805401694760,1.4005590101628408493510,5257.934670571706,0.3040498855358646,164.6141316042642,0.21725540190027934,-1.0,-1.0,-1.0,-1.0,0.0,0.0,-0.0059526795060821916,-5.483546500234046E-4,0.0,0.0,-0.01197665218417258,-0.00109731101564476,22011.00,1.27282715549644365960,2625.0049623891399358680,1.39902384588560088255640
siev,abund,2471459.0,1.5723209661966060485980,24291.1164249851484002985,5.894392200287242274033292,727348.4510239917,0.4627328307998018,403.48788349043906,0.23694529315489218,-1.0,-1.0,-1.0,-1.0,0.0,0.0,-0.062489146646834144,-0.017799429934214205,0.0,0.0,-0.13330863621115674,-0.03624398208814323,2471459.00,1.57232096619660604859800,21433.80509848974303206170,5.6882281607169454071651280
siev,alm,92631.0,1.44480838519489026487,6207.066963344566873195,2.9913852809980846051101,11959.425696913711,0.18653667270153806,243.84959883755639,0.3011067832647872,-1.0,-1.0,-1.0,-1.0,0.0,0.0,-0.008863703732714298,-0.0011049060198947721,0.0,0.0,-0.01788594316663784,-0.0022122563751760266,92631.00,1.444808385194890264870,6097.9985085896893857650,2.98478217759718345221210
spoon,artifact,404501.0,1.470084134396976264437,12675.243015535378625412,4.13976978745471405014983,49199.76275349303,0.17880744581596927,313.8560856582166,0.2404717841671273,-1.0,-1.0,-1.0,-1.0,0.0,0.0,-0.01586374178798698,-0.0032002232578740085,0.0,0.0,-0.03223891337325251,-0.006420995133713624,404501.00,1.4700841343969762644370,12279.3694863856320240080,4.113357936163386629907970
sweater,adr,9396.0,1.4522411128284389517,2186.1550654032781765,3.103778042000982163914,1030.5707156716612,0.15928450010381162,172.03979096510255,0.47738271517156505,-1.0,-1.0,-1.0,-1.0,0.0,0.0,-0.002921598575386516,-9.969482875252075E-5,0.0,0.0,-0.005860318649390402,-1.994095376047446E-4,9396.00,1.45224111282843895170,2173.41814252968799790,3.1031592424513310544340
sword,admin,78210.0,1.41528383489260055875,6534.96585889500927073,3.627947824369673105566,6368.925498072654,0.11525172360385541,257.75825400364795,0.3392016209558657,-1.0,-1.0,-1.0,-1.0,0.0,0.0,-0.004358607287062579,-5.723712594797229E-4,0.0,0.0,-0.008755375818970694,-0.0011453981119193706,78210.00,1.415283834892600558750,6478.246377214609967410,3.6237971339744399555380
sword,advantag,14779832.0,1.5067970777999370699010,33022.3538021895339234242,9.205097589527868472854181,3500315.9310585093,0.3568556000024579,401.02436871796573,0.4756111186932335,-1.0,-1.0,-1.0,-1.0,0.0,0.0,-0.2821611977931423,-0.07238259283768674,0.0,0.0,-0.7861408353120278,-0.1560613077736721,14779832.00,1.50679707779993706990100,18488.10191746202969538020,7.9624649035741246583552210
tanker,amnesia,160702.0,1.70028037877585567607,4812.258431085408955202,3.9337834953491340966412,28265.07378373529,0.2990538410171432,210.8363406743559,0.5822934802778158,-1.0,-1.0,-1.0,-1.0,0.0,0.0,-0.010574241393775196,-7.837749156121716E-4,0.0,0.0,-0.02137450193063666,-0.001568779401167107,160702.00,1.700280378775855676070,4711.5513672889965104980,3.92762192298078949182280
tanker,artifact,404501.0,1.470084134396976264437,12675.243015535378625412,4.13976978745471405014983,49199.76275349303,0.17880744581596927,313.8560856582166,0.2404717841671273,-1.0,-1.0,-1.0,-1.0,0.0,0.0,-0.01586374178798698,-0.0032002232578740085,0.0,0.0,-0.03223891337325251,-0.006420995133713624,404501.00,1.4700841343969762644370,12279.3694863856320240080,4.113357936163386629907970
tanker,battleship,471864.0,2.100113492222444763726,6775.8083612977196717549,5.46621188567135753236322,152918.28339345168,0.6805896405788179,251.47810868667946,0.9929018105809437,-1.0,-1.0,-1.0,-1.0,0.0,0.0,-0.023382524035019968,-0.0019634036290132792,0.0,0.0,-0.04788471353518648,-0.003934532333087813,471864.00,2.1001134922224447637260,6466.17731299713025065090,5.444789186569951166634320
tiger,aid,17651345.0,1.5945994264938451379129,69066.95911848766669063437,14.326402843964476821243408,2584066.7953826194,0.23344121538267554,600.3842607859342,0.43508860429158147,-1.0,-1.0,-1.0,-1.0,0.0,0.0,-0.17447956136783782,-0.06289679390344173,0.0,0.0,-0.42271409211125033,-0.13423664222734694,17651345.00,1.59459942649384513791290,48545.916218482858764068570,12.6308764067356639386811880
van,anu,65399.0,1.74742157858173465596,6025.362078428381048479,5.1322426562277426773166,13728.703325514758,0.3668226186478587,263.00169996733194,0.5900317135672057,-1.0,-1.0,-1.0,-1.0,0.0,0.0,-0.0029103671761028013,-2.266696872886916E-4,0.0,0.0,-0.005837724273313793,-4.5344215616912556E-4,65399.00,1.747421578581734655960,5990.3918226784704819190,5.12991653581277608104060
woodpeck,anim,13560998.0,1.5605524593578500099084,88968.5550471211617976072,23.07794015664906597079634,1438141.548496531,0.16549632485831559,736.4989618508077,0.5004885846093539,-1.0,-1.0,-1.0,-1.0,0.0,0.0,-0.09252083143555387,-0.02840004144891754,0.0,0.0,-0.2039073394531223,-0.05846035953165264,13560998.00,1.56055245935785000990840,73899.83608500578842491860,21.803310770051501146869100
wrench,ax,1676824.0,1.654560237444940852677,29088.4513832101791976026,11.88348728758296671566194,241785.93921897112,0.238575665069792,487.52846190223516,0.4889393110797997,-1.0,-1.0,-1.0,-1.0,0.0,0.0,-0.03895059149115472,-0.006909932202378395,0.0,0.0,-0.08105845786137068,-0.013916023181467457,1676824.00,1.6545602374449408526770,26907.38060618395465096660,11.720386122605045410223900
yacht,ag,40108326.0,1.61728203503297642614390,115440.167417556357142629482,29.083665494337562767972420,7385188.510158424,0.29779185256475604,790.7505577594939,0.6840484129401193,-1.0,-1.0,-1.0,-1.0,0.0,0.0,-0.1505485631962258,-0.051983521458284276,0.0,0.0,-0.3544606711425294,-0.10966797019867801,40108326.00,1.617282035032976426143900,85229.6193437488400331679180,26.2093403391019234794136660
