w1,w2,c1,c2,c3,c4,c5,c6,c7,c8,c9,c10,c11,c12,c13,c14,c15,c16,c17,c18,c19,c20,c21,c22,c23,c24
acacia,bark,1433394.0,1.648933303834926655612,41649.3719062034019617244,17.20859258745573793786530,140522.83071444297,0.12252715840555084,594.4514256650037,0.6066561066769983,0.8530865743028976,0.9474001227130993,0.0767851515548564,0.10058460850878598,0.23589363876392724,0.3945350548694551,-0.0010947618453986015,0.035357560773886174,0.3817377666897858,0.5658302435522329,-0.002191923324821257,0.0683001933118794,1433394.00,1.6489333038349266556120,39187.04130793010686584940,17.041851185642314604066900
acacia,branch,37702.0,1.7794034359071172423,4857.83067807791419368,5.1639482930921967207067,7389.790660093153,0.34877244950411335,249.19320425489062,0.4692971981150297,-1.0,-1.0,-1.0,-1.0,0.0,0.0,-0.002496623428041559,-1.2736710049681424E-4,0.0,0.0,-0.005005744314613769,-2.5476664988312737E-4,37702.00,1.77940343590711724230,4833.634738466913828520,5.16263302637149206464130
allig,skin,57264.0,1.69676138552253400797,6079.266891488532029888,5.4214742859426736839351,9021.613824588148,0.26731499672844083,267.07502808229503,0.5153505161037774,-1.0,-1.0,-1.0,-1.0,0.0,0.0,-0.003382634104725252,-2.7148839711104095E-4,0.0,0.0,-0.006788230308803794,-5.431242461531022E-4,57264.00,1.696761385522534007970,6038.2776719826064923680,5.41853135018784595895170
ambul,T,152508.0,1.58804602488676004443,7798.5824458808932710252,3.4910001849100267001955,23315.70166218465,0.24278337754136145,266.3591845896556,0.2739534719508455,-1.0,-1.0,-1.0,-1.0,0.0,0.0,-0.014516066429285667,-0.0019730232149957677,0.0,0.0,-0.029459772878669774,-0.003953847462824241,152508.00,1.588046024886760044430,7575.41251376319665288480,3.47725166224764746789090
ambul,back,9983043.0,0.8649018144698589111105,59119.54368832447931565752,11.068499036651902174269089,1530295.8752035503,0.08955852458302883,558.1666459851872,0.38363865575325007,0.3439157990590045,0.908435428627374,0.0910242419330725,0.1112460930637077,0.16061319451854106,0.4591201500723569,-0.3218639518097187,-0.07804478830384465,0.27677299427078883,0.6293109584561483,-0.9492607056317567,-0.16930277591307877,9983043.00,0.86490181446985891111050,28188.928877710480369683880,8.5565057495461414253321510
ambul,brake,152508.0,1.58804602488676004443,7798.5824458808932710252,3.4910001849100267001955,23315.70166218465,0.24278337754136145,266.3591845896556,0.2739534719508455,-1.0,-1.0,-1.0,-1.0,0.0,0.0,-0.014516066429285667,-0.0019730232149957677,0.0,0.0,-0.029459772878669774,-0.003953847462824241,152508.00,1.588046024886760044430,7575.41251376319665288480,3.47725166224764746789090
ambul,break,152508.0,1.58804602488676004443,7798.5824458808932710252,3.4910001849100267001955,23315.70166218465,0.24278337754136145,266.3591845896556,0.2739534719508455,-1.0,-1.0,-1.0,-1.0,0.0,0.0,-0.014516066429285667,-0.0019730232149957677,0.0,0.0,-0.029459772878669774,-0.003953847462824241,152508.00,1.588046024886760044430,7575.41251376319665288480,3.47725166224764746789090
ambul,bumper,152508.0,1.58804602488676004443,7798.5824458808932710252,3.4910001849100267001955,23315.70166218465,0.24278337754136145,266.3591845896556,0.2739534719508455,-1.0,-1.0,-1.0,-1.0,0.0,0.0,-0.014516066429285667,-0.0019730232149957677,0.0,0.0,-0.029459772878669774,-0.003953847462824241,152508.00,1.588046024886760044430,7575.41251376319665288480,3.47725166224764746789090
ambul,denial,152508.0,1.58804602488676004443,7798.5824458808932710252,3.4910001849100267001955,23315.70166218465,0.24278337754136145,266.3591845896556,0.2739534719508455,-1.0,-1.0,-1.0,-1.0,0.0,0.0,-0.014516066429285667,-0.0019730232149957677,0.0,0.0,-0.029459772878669774,-0.003953847462824241,152508.00,1.588046024886760044430,7575.41251376319665288480,3.47725166224764746789090
ambul,devil,152508.0,1.58804602488676004443,7798.5824458808932710252,3.4910001849100267001955,23315.70166218465,0.24278337754136145,266.3591845896556,0.2739534719508455,-1.0,-1.0,-1.0,-1.0,0.0,0.0,-0.014516066429285667,-0.0019730232149957677,0.0,0.0,-0.029459772878669774,-0.003953847462824241,152508.00,1.588046024886760044430,7575.41251376319665288480,3.47725166224764746789090
ambul,gap,152508.0,1.58804602488676004443,7798.5824458808932710252,3.4910001849100267001955,23315.70166218465,0.24278337754136145,266.3591845896556,0.2739534719508455,-1.0,-1.0,-1.0,-1.0,0.0,0.0,-0.014516066429285667,-0.0019730232149957677,0.0,0.0,-0.029459772878669774,-0.003953847462824241,152508.00,1.588046024886760044430,7575.41251376319665288480,3.47725166224764746789090
ambul,graft,152508.0,1.58804602488676004443,7798.5824458808932710252,3.4910001849100267001955,23315.70166218465,0.24278337754136145,266.3591845896556,0.2739534719508455,-1.0,-1.0,-1.0,-1.0,0.0,0.0,-0.014516066429285667,-0.0019730232149957677,0.0,0.0,-0.029459772878669774,-0.003953847462824241,152508.00,1.588046024886760044430,7575.41251376319665288480,3.47725166224764746789090
ambul,yourselv,152508.0,1.58804602488676004443,7798.5824458808932710252,3.4910001849100267001955,23315.70166218465,0.24278337754136145,266.3591845896556,0.2739534719508455,-1.0,-1.0,-1.0,-1.0,0.0,0.0,-0.014516066429285667,-0.0019730232149957677,0.0,0.0,-0.029459772878669774,-0.003953847462824241,152508.00,1.588046024886760044430,7575.41251376319665288480,3.47725166224764746789090
ant,combust,751973.0,1.665440427360270721279,26794.879127429637366275,11.8475994180886312800598,104830.63305637336,0.232174791272897,499.84023280381183,0.5242204748477238,-1.0,-1.0,-1.0,-1.0,0.0,0.0,-0.020032736760080688,-0.003171086479005974,0.0,0.0,-0.04088450198601419,-0.0063623485153637424,751973.00,1.6654404273602707212790,25742.4133766088736601130,11.77269741417373643992320
ant,hornet,751973.0,1.665440427360270721279,26794.879127429637366275,11.8475994180886312800598,104830.63305637336,0.232174791272897,499.84023280381183,0.5242204748477238,-1.0,-1.0,-1.0,-1.0,0.0,0.0,-0.020032736760080688,-0.003171086479005974,0.0,0.0,-0.04088450198601419,-0.0063623485153637424,751973.00,1.6654404273602707212790,25742.4133766088736601130,11.77269741417373643992320
ant,invertebr,751973.0,1.665440427360270721279,26794.879127429637366275,11.8475994180886312800598,104830.63305637336,0.232174791272897,499.84023280381183,0.5242204748477238,-1.0,-1.0,-1.0,-1.0,0.0,0.0,-0.020032736760080688,-0.003171086479005974,0.0,0.0,-0.04088450198601419,-0.0063623485153637424,751973.00,1.6654404273602707212790,25742.4133766088736601130,11.77269741417373643992320
appl,acn,1238554.0,2.311389298725400296234,33026.0152400289360608807,18.725973721881556762178273,114802.14485801212,0.2936147848989387,546.7978546806139,1.034926834740897,0.9149232534104836,0.7605351490971342,0.023082926516597334,0.011849568154812645,0.20725187297381198,0.24798899468418664,-0.007593555784667909,0.010230769036443231,0.34334487709394135,0.3974217653208427,-0.015303318169546793,0.020254320794844384,1238554.00,2.3113892987254002962340,31865.64397886161203445530,18.6495341131869203349997730
appl,coconut,1609141.0,1.889736657913650500245,29610.3765227543390142507,14.806174836244925279399573,288321.62815335236,0.33859801595431255,505.2161074144759,0.7814460887506719,-1.0,-1.0,-1.0,-1.0,0.0,0.0,-0.02163553301832426,-0.0031773823381505153,0.0,0.0,-0.04422796155929789,-0.006375020554014703,1609141.00,1.8897366579136505002450,28356.23792197492680292530,14.7123830916371997529724730
appl,fruit,1609141.0,1.889736657913650500245,29610.3765227543390142507,14.806174836244925279399573,288321.62815335236,0.33859801595431255,505.2161074144759,0.7814460887506719,-1.0,-1.0,-1.0,-1.0,0.0,0.0,-0.02163553301832426,-0.0031773823381505153,0.0,0.0,-0.04422796155929789,-0.006375020554014703,1609141.00,1.8897366579136505002450,28356.23792197492680292530,14.7123830916371997529724730
appl,lemon,1609141.0,1.889736657913650500245,29610.3765227543390142507,14.806174836244925279399573,288321.62815335236,0.33859801595431255,505.2161074144759,0.7814460887506719,-1.0,-1.0,-1.0,-1.0,0.0,0.0,-0.02163553301832426,-0.0031773823381505153,0.0,0.0,-0.04422796155929789,-0.006375020554014703,1609141.00,1.8897366579136505002450,28356.23792197492680292530,14.7123830916371997529724730
apricot,grape,82561.0,2.34295362960440432978,4272.11412561570771519,4.2219892429931473802005,24483.457823599998,0.6948027079743458,225.7464113778296,0.4850594684308219,-1.0,-1.0,-1.0,-1.0,0.0,0.0,-0.007305072642206739,-4.8677550845147407E-4,0.0,0.0,-0.01471765885144651,-9.740251484898488E-4,82561.00,2.342953629604404329780,4210.150565873950425310,4.21788092090285247943750
apricot,sub-paragraph,82561.0,2.34295362960440432978,4272.11412561570771519,4.2219892429931473802005,24483.457823599998,0.6948027079743458,225.7464113778296,0.4850594684308219,-1.0,-1.0,-1.0,-1.0,0.0,0.0,-0.007305072642206739,-4.8677550845147407E-4,0.0,0.0,-0.01471765885144651,-9.740251484898488E-4,82561.00,2.342953629604404329780,4210.150565873950425310,4.21788092090285247943750
ax,blade,1676824.0,1.654560237444940852677,29088.4513832101791976026,11.88348728758296671566194,241785.93921897112,0.238575665069792,487.52846190223516,0.4889393110797997,-1.0,-1.0,-1.0,-1.0,0.0,0.0,-0.03895059149115472,-0.006909932202378395,0.0,0.0,-0.08105845786137068,-0.013916023181467457,1676824.00,1.6545602374449408526770,26907.38060618395465096660,11.720386122605045410223900
ax,consult,1676824.0,1.654560237444940852677,29088.4513832101791976026,11.88348728758296671566194,241785.93921897112,0.238575665069792,487.52846190223516,0.4889393110797997,-1.0,-1.0,-1.0,-1.0,0.0,0.0,-0.03895059149115472,-0.006909932202378395,0.0,0.0,-0.08105845786137068,-0.013916023181467457,1676824.00,1.6545602374449408526770,26907.38060618395465096660,11.720386122605045410223900
ax,handl,1676824.0,1.654560237444940852677,29088.4513832101791976026,11.88348728758296671566194,241785.93921897112,0.238575665069792,487.52846190223516,0.4889393110797997,-1.0,-1.0,-1.0,-1.0,0.0,0.0,-0.03895059149115472,-0.006909932202378395,0.0,0.0,-0.08105845786137068,-0.013916023181467457,1676824.00,1.6545602374449408526770,26907.38060618395465096660,11.720386122605045410223900
ax,popular,1676824.0,1.654560237444940852677,29088.4513832101791976026,11.88348728758296671566194,241785.93921897112,0.238575665069792,487.52846190223516,0.4889393110797997,-1.0,-1.0,-1.0,-1.0,0.0,0.0,-0.03895059149115472,-0.006909932202378395,0.0,0.0,-0.08105845786137068,-0.013916023181467457,1676824.00,1.6545602374449408526770,26907.38060618395465096660,11.720386122605045410223900
ax,saw,1676824.0,1.654560237444940852677,29088.4513832101791976026,11.88348728758296671566194,241785.93921897112,0.238575665069792,487.52846190223516,0.4889393110797997,-1.0,-1.0,-1.0,-1.0,0.0,0.0,-0.03895059149115472,-0.006909932202378395,0.0,0.0,-0.08105845786137068,-0.013916023181467457,1676824.00,1.6545602374449408526770,26907.38060618395465096660,11.720386122605045410223900
ax,screwdriv,1676824.0,1.654560237444940852677,29088.4513832101791976026,11.88348728758296671566194,241785.93921897112,0.238575665069792,487.52846190223516,0.4889393110797997,-1.0,-1.0,-1.0,-1.0,0.0,0.0,-0.03895059149115472,-0.006909932202378395,0.0,0.0,-0.08105845786137068,-0.013916023181467457,1676824.00,1.6545602374449408526770,26907.38060618395465096660,11.720386122605045410223900
ax,wood,1676824.0,1.654560237444940852677,29088.4513832101791976026,11.88348728758296671566194,241785.93921897112,0.238575665069792,487.52846190223516,0.4889393110797997,-1.0,-1.0,-1.0,-1.0,0.0,0.0,-0.03895059149115472,-0.006909932202378395,0.0,0.0,-0.08105845786137068,-0.013916023181467457,1676824.00,1.6545602374449408526770,26907.38060618395465096660,11.720386122605045410223900
bag,circumcis,3727257.0,1.6705901388641128997158,38641.029271738462018813126,16.1374334414062653468258093,430606.4197605512,0.19300167350508904,540.7189433933819,0.7007352210685891,-1.0,-1.0,-1.0,-1.0,0.0,0.0,-0.05451689883565965,-0.010075363844945798,0.0,0.0,-0.1153207260257182,-0.020355819982578294,3727257.00,1.67059013886411289971580,34645.6659237653559602628740,15.81549605085978563999365070
bag,prioritis,3727257.0,1.6705901388641128997158,38641.029271738462018813126,16.1374334414062653468258093,430606.4197605512,0.19300167350508904,540.7189433933819,0.7007352210685891,-1.0,-1.0,-1.0,-1.0,0.0,0.0,-0.05451689883565965,-0.010075363844945798,0.0,0.0,-0.1153207260257182,-0.020355819982578294,3727257.00,1.67059013886411289971580,34645.6659237653559602628740,15.81549605085978563999365070
bag,suitcas,3727257.0,1.6705901388641128997158,38641.029271738462018813126,16.1374334414062653468258093,430606.4197605512,0.19300167350508904,540.7189433933819,0.7007352210685891,-1.0,-1.0,-1.0,-1.0,0.0,0.0,-0.05451689883565965,-0.010075363844945798,0.0,0.0,-0.1153207260257182,-0.020355819982578294,3727257.00,1.67059013886411289971580,34645.6659237653559602628740,15.81549605085978563999365070
bag,theater,3727257.0,1.6705901388641128997158,38641.029271738462018813126,16.1374334414062653468258093,430606.4197605512,0.19300167350508904,540.7189433933819,0.7007352210685891,-1.0,-1.0,-1.0,-1.0,0.0,0.0,-0.05451689883565965,-0.010075363844945798,0.0,0.0,-0.1153207260257182,-0.020355819982578294,3727257.00,1.67059013886411289971580,34645.6659237653559602628740,15.81549605085978563999365070
battleship,UAE,471864.0,2.100113492222444763726,6775.8083612977196717549,5.46621188567135753236322,152918.28339345168,0.6805896405788179,251.47810868667946,0.9929018105809437,-1.0,-1.0,-1.0,-1.0,0.0,0.0,-0.023382524035019968,-0.0019634036290132792,0.0,0.0,-0.04788471353518648,-0.003934532333087813,471864.00,2.1001134922224447637260,6466.17731299713025065090,5.444789186569951166634320
battleship,bomber,471864.0,2.100113492222444763726,6775.8083612977196717549,5.46621188567135753236322,152918.28339345168,0.6805896405788179,251.47810868667946,0.9929018105809437,-1.0,-1.0,-1.0,-1.0,0.0,0.0,-0.023382524035019968,-0.0019634036290132792,0.0,0.0,-0.04788471353518648,-0.003934532333087813,471864.00,2.1001134922224447637260,6466.17731299713025065090,5.444789186569951166634320
battleship,caboos,471864.0,2.100113492222444763726,6775.8083612977196717549,5.46621188567135753236322,152918.28339345168,0.6805896405788179,251.47810868667946,0.9929018105809437,-1.0,-1.0,-1.0,-1.0,0.0,0.0,-0.023382524035019968,-0.0019634036290132792,0.0,0.0,-0.04788471353518648,-0.003934532333087813,471864.00,2.1001134922224447637260,6466.17731299713025065090,5.444789186569951166634320
battleship,captain,471864.0,2.100113492222444763726,6775.8083612977196717549,5.46621188567135753236322,152918.28339345168,0.6805896405788179,251.47810868667946,0.9929018105809437,-1.0,-1.0,-1.0,-1.0,0.0,0.0,-0.023382524035019968,-0.0019634036290132792,0.0,0.0,-0.04788471353518648,-0.003934532333087813,471864.00,2.1001134922224447637260,6466.17731299713025065090,5.444789186569951166634320
battleship,constitu,471864.0,2.100113492222444763726,6775.8083612977196717549,5.46621188567135753236322,152918.28339345168,0.6805896405788179,251.47810868667946,0.9929018105809437,-1.0,-1.0,-1.0,-1.0,0.0,0.0,-0.023382524035019968,-0.0019634036290132792,0.0,0.0,-0.04788471353518648,-0.003934532333087813,471864.00,2.1001134922224447637260,6466.17731299713025065090,5.444789186569951166634320
battleship,fore,471864.0,2.100113492222444763726,6775.8083612977196717549,5.46621188567135753236322,152918.28339345168,0.6805896405788179,251.47810868667946,0.9929018105809437,-1.0,-1.0,-1.0,-1.0,0.0,0.0,-0.023382524035019968,-0.0019634036290132792,0.0,0.0,-0.04788471353518648,-0.003934532333087813,471864.00,2.1001134922224447637260,6466.17731299713025065090,5.444789186569951166634320
battleship,glider,471864.0,2.100113492222444763726,6775.8083612977196717549,5.46621188567135753236322,152918.28339345168,0.6805896405788179,251.47810868667946,0.9929018105809437,-1.0,-1.0,-1.0,-1.0,0.0,0.0,-0.023382524035019968,-0.0019634036290132792,0.0,0.0,-0.04788471353518648,-0.003934532333087813,471864.00,2.1001134922224447637260,6466.17731299713025065090,5.444789186569951166634320
battleship,rudder,471864.0,2.100113492222444763726,6775.8083612977196717549,5.46621188567135753236322,152918.28339345168,0.6805896405788179,251.47810868667946,0.9929018105809437,-1.0,-1.0,-1.0,-1.0,0.0,0.0,-0.023382524035019968,-0.0019634036290132792,0.0,0.0,-0.04788471353518648,-0.003934532333087813,471864.00,2.1001134922224447637260,6466.17731299713025065090,5.444789186569951166634320
battleship,teacher,471864.0,2.100113492222444763726,6775.8083612977196717549,5.46621188567135753236322,152918.28339345168,0.6805896405788179,251.47810868667946,0.9929018105809437,-1.0,-1.0,-1.0,-1.0,0.0,0.0,-0.023382524035019968,-0.0019634036290132792,0.0,0.0,-0.04788471353518648,-0.003934532333087813,471864.00,2.1001134922224447637260,6466.17731299713025065090,5.444789186569951166634320
bear,anim,13560998.0,1.5605524593578500099084,88968.5550471211617976072,23.07794015664906597079634,1438141.548496531,0.16549632485831559,736.4989618508077,0.5004885846093539,-1.0,-1.0,-1.0,-1.0,0.0,0.0,-0.09252083143555387,-0.02840004144891754,0.0,0.0,-0.2039073394531223,-0.05846035953165264,13560998.00,1.56055245935785000990840,73899.83608500578842491860,21.803310770051501146869100
beaver,anim,13560998.0,1.5605524593578500099084,88968.5550471211617976072,23.07794015664906597079634,1438141.548496531,0.16549632485831559,736.4989618508077,0.5004885846093539,-1.0,-1.0,-1.0,-1.0,0.0,0.0,-0.09252083143555387,-0.02840004144891754,0.0,0.0,-0.2039073394531223,-0.05846035953165264,13560998.00,1.56055245935785000990840,73899.83608500578842491860,21.803310770051501146869100
beet,aswel,5630.0,1.7133292757151552219,524.25135449747423262,0.7120259560894656443823,1558.8527832993082,0.4743922042907207,80.83865756256135,0.23889544343843064,-1.0,-1.0,-1.0,-1.0,0.0,0.0,-0.007666469735185801,-2.322612220356211E-4,0.0,0.0,-0.01545139713890334,-4.6463035968637785E-4,5630.00,1.71332927571515522190,516.274196849386009360,0.71169528085513482541230
birch,acacia,37702.0,1.7794034359071172423,4857.83067807791419368,5.1639482930921967207067,7389.790660093153,0.34877244950411335,249.19320425489062,0.4692971981150297,-1.0,-1.0,-1.0,-1.0,0.0,0.0,-0.002496623428041559,-1.2736710049681424E-4,0.0,0.0,-0.005005744314613769,-2.5476664988312737E-4,37702.00,1.77940343590711724230,4833.634738466913828520,5.16263302637149206464130
blous,assert,23526148.0,1.4595535417215588136422,67543.27152865673782046436,11.918468175141764787055798,3150168.6948584197,0.19543530354399655,578.372636888933,0.24346992721218064,-1.0,-1.0,-1.0,-1.0,0.0,0.0,-0.1905632252827252,-0.08526801914615278,0.0,0.0,-0.47085388565224584,-0.18643279327909848,23526148.00,1.45955354172155881364220,45921.129343656642247498840,10.0456327932416176554749900
bomber,battleship,471864.0,2.100113492222444763726,6775.8083612977196717549,5.46621188567135753236322,152918.28339345168,0.6805896405788179,251.47810868667946,0.9929018105809437,-1.0,-1.0,-1.0,-1.0,0.0,0.0,-0.023382524035019968,-0.0019634036290132792,0.0,0.0,-0.04788471353518648,-0.003934532333087813,471864.00,2.1001134922224447637260,6466.17731299713025065090,5.444789186569951166634320
bowl,bag,3727257.0,1.6705901388641128997158,38641.029271738462018813126,16.1374334414062653468258093,430606.4197605512,0.19300167350508904,540.7189433933819,0.7007352210685891,-1.0,-1.0,-1.0,-1.0,0.0,0.0,-0.05451689883565965,-0.010075363844945798,0.0,0.0,-0.1153207260257182,-0.020355819982578294,3727257.00,1.67059013886411289971580,34645.6659237653559602628740,15.81549605085978563999365070
carp,arriv,79873857.0,1.73258746373092123525627,115838.961921170670210092544,20.3309725053762841442294648,1.4531424620923338E7,0.3152090693249311,754.5767804460138,0.4040805938356826,-1.0,-1.0,-1.0,-1.0,0.0,0.0,-0.24794720778708787,-0.1321333029501981,0.0,0.0,-0.6593877726522476,-0.3045013788393258,79873857.00,1.732587463730921235256270,69808.2532788715765087279960,15.58524416698254014335591120
cathedr,activ,48372942.0,1.55112718273722570927877,138509.7366152811369823625,37.079824038343080134158889,5987550.124999038,0.19199683486044083,876.8224626223207,0.5713674880860937,-1.0,-1.0,-1.0,-1.0,0.0,0.0,-0.15328510913862764,-0.05118411885392103,0.0,0.0,-0.362070186300111,-0.10789051884775686,48372942.00,1.551127182737225709278770,101690.60156255609062233690,33.4688522083457627525566930
celeri,adjust,14353746.0,1.5776729714249725428174,55688.28955765417571338042,12.823847665326409421314887,1888583.8505769342,0.20758119137157147,541.3947566509797,0.3061765101678342,-1.0,-1.0,-1.0,-1.0,0.0,0.0,-0.17210221591781621,-0.05075393207399043,0.0,0.0,-0.415757160429196,-0.10693524848595216,14353746.00,1.57767297142497254281740,39334.633872359795575868620,11.5850025400010140825487910
cottag,bathroom,215902.0,1.44902616142498554646,7510.0572572943227089792,3.68157525896091309116808,33011.55688543029,0.22155704697667278,258.1631172315192,0.3081719514637253,-1.0,-1.0,-1.0,-1.0,0.0,0.0,-0.013535378586123126,-0.001860857886398128,0.0,0.0,-0.027442197707451856,-0.0037286542684974414,215902.00,1.449026161424985546460,7309.46935414141361205920,3.667898931951873531779480
couch,arm,14728171.0,1.7217455173236940934237,95602.03978645566173206563,22.860404856936642892434798,2318725.797731806,0.2710625608670312,764.9217514907918,0.5047294159834467,-1.0,-1.0,-1.0,-1.0,0.0,0.0,-0.08056922478551427,-0.02617679884701819,0.0,0.0,-0.17525892532087364,-0.05376088558174734,14728171.00,1.72174551732369409342370,81345.512658288494372653070,21.6941102765606564423285420
desk,adjud,234501.0,1.52747488959237113838,6115.6595351463496086033,1.89406606513857208469599,33012.33634567539,0.21503326132850917,210.00497547911283,0.1785382711255024,-1.0,-1.0,-1.0,-1.0,0.0,0.0,-0.029538267821617628,-0.005723595397057868,0.0,0.0,-0.060874667886828424,-0.011513087046138943,234501.00,1.527474889592371138380,5764.73330947586882048930,1.872507720754953076248190
donkei,bannist,57737.0,1.84286626236833706555,4307.76230997838766246,3.5620383105523168645591,9488.72441374498,0.3028638497843913,217.3472266767398,0.45286312771358345,-1.0,-1.0,-1.0,-1.0,0.0,0.0,-0.004635700002693725,-3.692308580652584E-4,0.0,0.0,-0.009314579602073877,-7.387344796963375E-4,57737.00,1.842866262368337065550,4268.007613321844013660,3.55940885250563457747910
dress,apron,254176.0,1.72208295505359150643,10832.829913862604880829,6.5854038598313128101619,43096.541554978634,0.29198594530399213,330.60614779674887,0.47429233898491474,-1.0,-1.0,-1.0,-1.0,0.0,0.0,-0.008697273511862894,-0.0010149986593625563,0.0,0.0,-0.017547159468983813,-0.0020320598567554636,254176.00,1.722082955053591506430,10646.0224600457979134810,6.57204906275426250246390
fighter,aircraft,1537431.0,1.497683965246327706242,20438.6725653883480431599,9.97739124904391647805325,144309.80049532326,0.14057897507578695,399.80256679114996,0.5360310783513758,-1.0,-1.0,-1.0,-1.0,0.0,0.0,-0.03324692415875197,-0.004682295609841154,0.0,0.0,-0.06878059142417767,-0.0094086452781628,1537431.00,1.4976839652463277062420,19123.35677629895052811910,9.884392506163295409814370
fighter,artifact,404501.0,1.470084134396976264437,12675.243015535378625412,4.13976978745471405014983,49199.76275349303,0.17880744581596927,313.8560856582166,0.2404717841671273,-1.0,-1.0,-1.0,-1.0,0.0,0.0,-0.01586374178798698,-0.0032002232578740085,0.0,0.0,-0.03223891337325251,-0.006420995133713624,404501.00,1.4700841343969762644370,12279.3694863856320240080,4.113357936163386629907970
flute,administr,16251778.0,1.6698815305004143802043,63219.5250069496298866197,17.95302798356557493157260,3180441.2846977697,0.3267925614143767,613.1294110804538,0.4775677297508484,-1.0,-1.0,-1.0,-1.0,0.0,0.0,-0.10320992695314847,-0.02881287667232361,0.0,0.0,-0.23017633681535277,-0.059335376222038744,16251778.00,1.66988153050041438020430,51390.62028343889880635150,16.947444960813416206876160
frigat,averag,8623956.0,1.2942015453061393204296,30985.6946639846255448465,8.744862425213696549658205,1976606.563348407,0.2966303711136473,403.9695443841425,0.45578701811055783,-1.0,-1.0,-1.0,-1.0,0.0,0.0,-0.2941754896673392,-0.06584377182720225,0.0,0.0,-0.8335655261636973,-0.14096950775780223,8623956.00,1.29420154530613932042960,16899.14771075286964731850,7.6644137864813129304762250
giraff,assessor,104025.0,1.69341841801103710926,5742.693487675769065642,2.8385523352859688346243,18330.790026619146,0.2984061278324431,232.93236513086566,0.2867915701074062,-1.0,-1.0,-1.0,-1.0,0.0,0.0,-0.009173224326376836,-0.001111671483154552,0.0,0.0,-0.018516302852514925,-0.002225817343977114,104025.00,1.693418418011037109260,5638.2931442456578569220,2.83224826796867501643630
glove,apparel,244048.0,1.74893400505944488225,11862.399712790229853374,4.9564404904768022850493,42593.7720095321,0.30524198629458077,329.0083203334165,0.3931132749349932,-1.0,-1.0,-1.0,-1.0,0.0,0.0,-0.011680847177174044,-0.0020341738104237253,0.0,0.0,-0.023637803929654384,-0.004076640215608562,244048.00,1.748934005059444882250,11588.4736449274671069920,4.93631690247518366479550
goldfish,actor,3009719.0,1.5690247678825571678362,29447.0200511181811800493,8.486949594032260355893392,374753.79876793775,0.19536640866638053,448.2549309239107,0.35879168182478033,-1.0,-1.0,-1.0,-1.0,0.0,0.0,-0.052607857430506555,-0.013615565377279482,0.0,0.0,-0.11105825152365068,-0.027607015884201905,3009719.00,1.56902476788255716783620,26503.57891742938357372630,8.2589447744570774774971480
grenad,artefact,61672.0,1.48732666103943084755,4662.345568320919939163,1.7564980722030318424857,7939.278304732742,0.19146939116683329,204.39301332967935,0.17504562413491154,-1.0,-1.0,-1.0,-1.0,0.0,0.0,-0.005729097334971033,-9.83802233241896E-4,0.0,0.0,-0.011524218036784235,-0.0019695421064065384,61672.00,1.487326661039430847550,4609.2278219199028855430,1.75304537552150098402390
hammer,authoris,804623.0,1.595167055567560703154,14307.992022736550040361,3.77993672937454265365161,89690.60166483442,0.17781183606456302,313.9801785150934,0.17299017884238796,-1.0,-1.0,-1.0,-1.0,0.0,0.0,-0.03240142259081713,-0.008260086084613809,0.0,0.0,-0.06697286115813511,-0.01665776675661467,804623.00,1.5951670555675607031540,13409.8931131257470631750,3.718003100919062829174610
hat,ammunit,257794.0,1.68051263999165589965,8660.118936117955984391,3.45094818095498798574766,49291.4474325922,0.32132206511383293,268.70604408602946,0.2610985322557517,-1.0,-1.0,-1.0,-1.0,0.0,0.0,-0.015773339574300254,-0.0025175934852684134,0.0,0.0,-0.0320522501747269,-0.005047895519410811,257794.00,1.680512639991655899650,8391.1632716771791717330,3.433615647910521613519660
hatchet,back,26723042.0,1.2889372335388243534362,55706.66911177486796046132,9.386543940367872266575839,9321421.86098548,0.44960179706138786,514.2859089587847,0.42696472718674255,-1.0,-1.0,-1.0,-1.0,0.0,0.0,-0.4180922943185469,-0.18309794339439361,0.0,0.0,-1.4369711562039984,-0.44827391953253903,26723042.00,1.28893723353882435343620,22858.977616521152168810080,6.4811937947467684207892010
helicopt,artefact,61672.0,1.48732666103943084755,4662.345568320919939163,1.7564980722030318424857,7939.278304732742,0.19146939116683329,204.39301332967935,0.17504562413491154,-1.0,-1.0,-1.0,-1.0,0.0,0.0,-0.005729097334971033,-9.83802233241896E-4,0.0,0.0,-0.011524218036784235,-0.0019695421064065384,61672.00,1.487326661039430847550,4609.2278219199028855430,1.75304537552150098402390
her,anim,13560998.0,1.5605524593578500099084,88968.5550471211617976072,23.07794015664906597079634,1438141.548496531,0.16549632485831559,736.4989618508077,0.5004885846093539,-1.0,-1.0,-1.0,-1.0,0.0,0.0,-0.09252083143555387,-0.02840004144891754,0.0,0.0,-0.2039073394531223,-0.05846035953165264,13560998.00,1.56055245935785000990840,73899.83608500578842491860,21.803310770051501146869100
hornet,arthropod,50626.0,1.5833489710389691489,3903.68089345485228207,3.047678096883454595149,7489.323200396682,0.23423166323877784,208.5388897278937,0.34872353177268545,-1.0,-1.0,-1.0,-1.0,0.0,0.0,-0.005629636999161291,-3.8911648866840094E-4,0.0,0.0,-0.011323018482111665,-7.785359184997108E-4,50626.00,1.58334897103896914890,3859.974332744707322670,3.0453072158330622051490
jar,actress,486415.0,1.432435536498886831223,14182.968571222341687281,5.36648181196284944301103,49558.09825850867,0.1459428287918576,353.21967301021186,0.2622745604267443,-1.0,-1.0,-1.0,-1.0,0.0,0.0,-0.01890865441363786,-0.0033260369612142194,0.0,0.0,-0.03854616493907986,-0.00667427280045197,486415.00,1.4324355364988868312230,13656.5605362899791426150,5.330901918287744322834170
jar,bag,3727257.0,1.6705901388641128997158,38641.029271738462018813126,16.1374334414062653468258093,430606.4197605512,0.19300167350508904,540.7189433933819,0.7007352210685891,-1.0,-1.0,-1.0,-1.0,0.0,0.0,-0.05451689883565965,-0.010075363844945798,0.0,0.0,-0.1153207260257182,-0.020355819982578294,3727257.00,1.67059013886411289971580,34645.6659237653559602628740,15.81549605085978563999365070
musket,bank,29396200.0,1.7597926863858368991662,95825.9225044677207201975,26.398651854229422101439186,5135433.323211782,0.3074308245150804,760.2317484431926,0.6956397602851454,-1.0,-1.0,-1.0,-1.0,0.0,0.0,-0.10111001466975791,-0.03341266449561313,0.0,0.0,-0.22496638369513317,-0.06913532438986003,29396200.00,1.75979268638583689916620,78227.38956754641852805310,24.6915907200940615790993860
parslei,autumn,501490.0,1.569682457705369556450,11888.835740873772306371,4.0367121327445836128355,141248.2351818953,0.4421122593608316,304.9439986719977,0.49393921257937246,-1.0,-1.0,-1.0,-1.0,0.0,0.0,-0.025333055020542533,-0.0050303313674275995,0.0,0.0,-0.051982998194478554,-0.010111527066631066,501490.00,1.5696824577053695564500,11301.3573045178631164210,3.99630340272149538535850
pheasant,address,44190937.0,1.63465677799815642752336,111056.980096593560023205582,22.2496437985152972427360114,5286657.571618669,0.19555753326528763,759.7628528394661,0.498297277376135,-1.0,-1.0,-1.0,-1.0,0.0,0.0,-0.17733034652383717,-0.07217228791271026,0.0,0.0,-0.43110948793244963,-0.15557260679431034,44190937.00,1.634656777998156427523360,77602.0151030090882115376820,19.25421532813791424463142940
piano,bass,682424.0,1.891141268050979201552,19968.160116502577375366,13.4922549759836511412592,115183.69059029147,0.31919837327191813,442.88780399931306,0.7869260051821043,-1.0,-1.0,-1.0,-1.0,0.0,0.0,-0.012290289497995599,-0.0012801342880448543,0.0,0.0,-0.024886440554986643,-0.002563550264682655,682424.00,1.8911412680509792015520,19483.2903689208840531760,13.45775534371024831498440
radio,applianc,630380.0,1.703131332234620275567,14738.6331971666081237725,5.57441019274700156814043,85744.66700617597,0.23166094887249333,337.4324266733737,0.36561951647829954,-1.0,-1.0,-1.0,-1.0,0.0,0.0,-0.01624001810814874,-0.002653953222453812,0.0,0.0,-0.03301622023070678,-0.005322030865874109,630380.00,1.7031313322346202755670,14267.57190112172922288250,5.544900063461074420724630
robe,banana,268873.0,2.09326025520253480208,10052.622657366212628572,8.5595916560071754180140,76531.76967116336,0.5958237224003935,327.6617595959514,0.698769826126893,-1.0,-1.0,-1.0,-1.0,0.0,0.0,-0.008742359349443061,-7.694454144125764E-4,0.0,0.0,-0.017638924515538664,-0.0015400758331127894,268873.00,2.093260255202534802080,9878.3786814678941043320,8.54642950646486681325400
saw,ax,1676824.0,1.654560237444940852677,29088.4513832101791976026,11.88348728758296671566194,241785.93921897112,0.238575665069792,487.52846190223516,0.4889393110797997,-1.0,-1.0,-1.0,-1.0,0.0,0.0,-0.03895059149115472,-0.006909932202378395,0.0,0.0,-0.08105845786137068,-0.013916023181467457,1676824.00,1.6545602374449408526770,26907.38060618395465096660,11.720386122605045410223900
saxophon,bagpip,12445.0,1.6020854788877445913,1991.88776084783203642,2.130745743147041749061,1957.6202389636248,0.2520108443568003,159.3185923042575,0.34145402845353096,-1.0,-1.0,-1.0,-1.0,0.0,0.0,-0.0019849455480350484,-8.540487288011604E-5,0.0,0.0,-0.003977786786242481,-1.7082433499084678E-4,12445.00,1.60208547888774459130,1983.995848378193316620,2.1303818220890068059810
scooter,band,8591037.0,1.6277291012685281144199,74624.28225804299826744646,20.971346804730744017391318,1329498.5526261395,0.25189781911123826,710.1339189309517,0.5319060989596328,-1.0,-1.0,-1.0,-1.0,0.0,0.0,-0.06947088570474814,-0.01876354327673933,0.0,0.0,-0.14931480302443373,-0.0382446924962374,8591037.00,1.62772910126852811441990,64929.366664092755734096060,20.1988480714595554835732060
screwdriv,acr,6625969.0,1.2720586386067571539624,21762.0820271657454364141,8.46430698762552341038483,1825759.010735809,0.35051062291728396,375.22768807937877,0.5312095137708476,-1.0,-1.0,-1.0,-1.0,0.0,0.0,-0.15424995820758242,-0.029605739437521254,0.0,0.0,-0.3647648846240123,-0.06101796072116213,6625969.00,1.27205863860675715396240,15945.66380799072124251790,7.977534123807317910272390
screwdriv,assist,23580138.0,1.6150490734377967760494,80716.65070005639318496941,15.0998536433447368772470187,4146987.0964535205,0.2840351344714674,656.2083891842383,0.28650401516364027,-1.0,-1.0,-1.0,-1.0,0.0,0.0,-0.16875025680806666,-0.06901600344420258,0.0,0.0,-0.40601578091339674,-0.14826463977797538,23580138.00,1.61504907343779677604940,57408.068811020067480371990,13.15015121101734355800088130
shirt,artifact,404501.0,1.470084134396976264437,12675.243015535378625412,4.13976978745471405014983,49199.76275349303,0.17880744581596927,313.8560856582166,0.2404717841671273,-1.0,-1.0,-1.0,-1.0,0.0,0.0,-0.01586374178798698,-0.0032002232578740085,0.0,0.0,-0.03223891337325251,-0.006420995133713624,404501.00,1.4700841343969762644370,12279.3694863856320240080,4.113357936163386629907970
shirt,barrel,1538245.0,1.416233639490605390540,20651.028061474238238558,7.18528731501327639291302,358286.0097115153,0.32986728350315175,392.99506247839423,0.3271522052308006,-1.0,-1.0,-1.0,-1.0,0.0,0.0,-0.04012553491236998,-0.00920083102761992,0.0,0.0,-0.08360579715745808,-0.01857254490264193,1538245.00,1.4162336394906053905400,19057.6943346432191413460,7.054271540079716804128120
shovel,artifact,404501.0,1.470084134396976264437,12675.243015535378625412,4.13976978745471405014983,49199.76275349303,0.17880744581596927,313.8560856582166,0.2404717841671273,-1.0,-1.0,-1.0,-1.0,0.0,0.0,-0.01586374178798698,-0.0032002232578740085,0.0,0.0,-0.03223891337325251,-0.006420995133713624,404501.00,1.4700841343969762644370,12279.3694863856320240080,4.113357936163386629907970
siev,allow,134380856.0,1.51431064022162389407617,160693.44416519121851132542,38.550177724493473763441096,9970093.570578162,0.11235096447020484,859.506067368306,0.5598609999026917,-1.0,-1.0,-1.0,-1.0,0.0,0.0,-0.22076920739292857,-0.09474394154322871,0.0,0.0,-0.5666336841086616,-0.20931965195514463,134380856.00,1.514310640221623894076170,102572.442936217083765240820,31.8775748514201391239420720
sofa,arm,14728171.0,1.7217455173236940934237,95602.03978645566173206563,22.860404856936642892434798,2318725.797731806,0.2710625608670312,764.9217514907918,0.5047294159834467,-1.0,-1.0,-1.0,-1.0,0.0,0.0,-0.08056922478551427,-0.02617679884701819,0.0,0.0,-0.17525892532087364,-0.05376088558174734,14728171.00,1.72174551732369409342370,81345.512658288494372653070,21.6941102765606564423285420
spoon,announc,24510310.0,1.4309329342884908703923,84750.82536699347184623348,17.643382550191938913579524,2565200.417602492,0.1497586020167838,682.2996000974666,0.3529108312038706,-1.0,-1.0,-1.0,-1.0,0.0,0.0,-0.16611057413017172,-0.06570080202986493,0.0,0.0,-0.398399521511865,-0.14064188896363597,24510310.00,1.43093293428849087039230,60605.588076407525115412520,15.4679419727626849671523960
strawberri,alibi,41397.0,1.48216970998925886012,4845.38829721072199987,4.9264357184458232984886,5319.023876614957,0.19044124155442022,240.43963795733887,0.4716274426539851,-1.0,-1.0,-1.0,-1.0,0.0,0.0,-0.009679159100469653,-4.6908311507749036E-4,0.0,0.0,-0.019547521774211794,-9.38606514622692E-4,41397.00,1.482169709989258860120,4752.488916631173907450,4.92181606981891660928540
tiger,anim,13560998.0,1.5605524593578500099084,88968.5550471211617976072,23.07794015664906597079634,1438141.548496531,0.16549632485831559,736.4989618508077,0.5004885846093539,-1.0,-1.0,-1.0,-1.0,0.0,0.0,-0.09252083143555387,-0.02840004144891754,0.0,0.0,-0.2039073394531223,-0.05846035953165264,13560998.00,1.56055245935785000990840,73899.83608500578842491860,21.803310770051501146869100
train,battleship,471864.0,2.100113492222444763726,6775.8083612977196717549,5.46621188567135753236322,152918.28339345168,0.6805896405788179,251.47810868667946,0.9929018105809437,-1.0,-1.0,-1.0,-1.0,0.0,0.0,-0.023382524035019968,-0.0019634036290132792,0.0,0.0,-0.04788471353518648,-0.003934532333087813,471864.00,2.1001134922224447637260,6466.17731299713025065090,5.444789186569951166634320
truck,artefact,61672.0,1.48732666103943084755,4662.345568320919939163,1.7564980722030318424857,7939.278304732742,0.19146939116683329,204.39301332967935,0.17504562413491154,-1.0,-1.0,-1.0,-1.0,0.0,0.0,-0.005729097334971033,-9.83802233241896E-4,0.0,0.0,-0.011524218036784235,-0.0019695421064065384,61672.00,1.487326661039430847550,4609.2278219199028855430,1.75304537552150098402390
truck,back,26723042.0,1.2889372335388243534362,55706.66911177486796046132,9.386543940367872266575839,9321421.86098548,0.44960179706138786,514.2859089587847,0.42696472718674255,-1.0,-1.0,-1.0,-1.0,0.0,0.0,-0.4180922943185469,-0.18309794339439361,0.0,0.0,-1.4369711562039984,-0.44827391953253903,26723042.00,1.28893723353882435343620,22858.977616521152168810080,6.4811937947467684207892010
truck,battleship,471864.0,2.100113492222444763726,6775.8083612977196717549,5.46621188567135753236322,152918.28339345168,0.6805896405788179,251.47810868667946,0.9929018105809437,-1.0,-1.0,-1.0,-1.0,0.0,0.0,-0.023382524035019968,-0.0019634036290132792,0.0,0.0,-0.04788471353518648,-0.003934532333087813,471864.00,2.1001134922224447637260,6466.17731299713025065090,5.444789186569951166634320
tuna,acryl,47975.0,1.63720438180391089154,3773.65519313079056728,4.2056373808867459423615,10862.701551639904,0.3707027113824491,217.1802777241474,0.5074216945087002,-1.0,-1.0,-1.0,-1.0,0.0,0.0,-0.004674767059836116,-3.012587421550932E-4,0.0,0.0,-0.009393446292981,-6.026990526686913E-4,47975.00,1.637204381803910891540,3738.537442450830150100,4.20310417398281867502150
willow,acacia,37702.0,1.7794034359071172423,4857.83067807791419368,5.1639482930921967207067,7389.790660093153,0.34877244950411335,249.19320425489062,0.4692971981150297,-1.0,-1.0,-1.0,-1.0,0.0,0.0,-0.002496623428041559,-1.2736710049681424E-4,0.0,0.0,-0.005005744314613769,-2.5476664988312737E-4,37702.00,1.77940343590711724230,4833.634738466913828520,5.16263302637149206464130
wrench,accommod,4622957.0,1.5336598846178089293917,33730.60367773296785810262,7.399603411602641195778133,500928.49177003297,0.16618236615434706,437.94659358562956,0.22656408792945562,-1.0,-1.0,-1.0,-1.0,0.0,0.0,-0.11473130853989856,-0.03189783745150717,0.0,0.0,-0.25920109825790544,-0.06589766800548673,4622957.00,1.53365988461780892939170,26787.304843046106992367220,6.9421330336980825287870130
yacht,battleship,471864.0,2.100113492222444763726,6775.8083612977196717549,5.46621188567135753236322,152918.28339345168,0.6805896405788179,251.47810868667946,0.9929018105809437,-1.0,-1.0,-1.0,-1.0,0.0,0.0,-0.023382524035019968,-0.0019634036290132792,0.0,0.0,-0.04788471353518648,-0.003934532333087813,471864.00,2.1001134922224447637260,6466.17731299713025065090,5.444789186569951166634320
