w1,w2,c1,c2,c3,c4,c5,c6,c7,c8,c9,c10,c11,c12,c13,c14,c15,c16,c17,c18,c19,c20,c21,c22,c23,c24
acacia,flower,37702.0,1.7794034359071172423,4857.83067807791419368,5.1639482930921967207067,7389.790660093153,0.34877244950411335,249.19320425489062,0.4692971981150297,-1.0,-1.0,-1.0,-1.0,0.0,0.0,-0.002496623428041559,-1.2736710049681424E-4,0.0,0.0,-0.005005744314613769,-2.5476664988312737E-4,37702.00,1.77940343590711724230,4833.634738466913828520,5.16263302637149206464130
acacia,trunk,37702.0,1.7794034359071172423,4857.83067807791419368,5.1639482930921967207067,7389.790660093153,0.34877244950411335,249.19320425489062,0.4692971981150297,-1.0,-1.0,-1.0,-1.0,0.0,0.0,-0.002496623428041559,-1.2736710049681424E-4,0.0,0.0,-0.005005744314613769,-2.5476664988312737E-4,37702.00,1.77940343590711724230,4833.634738466913828520,5.16263302637149206464130
acacia,willow,37702.0,1.7794034359071172423,4857.83067807791419368,5.1639482930921967207067,7389.790660093153,0.34877244950411335,249.19320425489062,0.4692971981150297,-1.0,-1.0,-1.0,-1.0,0.0,0.0,-0.002496623428041559,-1.2736710049681424E-4,0.0,0.0,-0.005005744314613769,-2.5476664988312737E-4,37702.00,1.77940343590711724230,4833.634738466913828520,5.16263302637149206464130
allig,foot,57264.0,1.69676138552253400797,6079.266891488532029888,5.4214742859426736839351,9021.613824588148,0.26731499672844083,267.07502808229503,0.5153505161037774,-1.0,-1.0,-1.0,-1.0,0.0,0.0,-0.003382634104725252,-2.7148839711104095E-4,0.0,0.0,-0.006788230308803794,-5.431242461531022E-4,57264.00,1.696761385522534007970,6038.2776719826064923680,5.41853135018784595895170
allig,st,57264.0,1.69676138552253400797,6079.266891488532029888,5.4214742859426736839351,9021.613824588148,0.26731499672844083,267.07502808229503,0.5153505161037774,-1.0,-1.0,-1.0,-1.0,0.0,0.0,-0.003382634104725252,-2.7148839711104095E-4,0.0,0.0,-0.006788230308803794,-5.431242461531022E-4,57264.00,1.696761385522534007970,6038.2776719826064923680,5.41853135018784595895170
ambul,compart,152508.0,1.58804602488676004443,7798.5824458808932710252,3.4910001849100267001955,23315.70166218465,0.24278337754136145,266.3591845896556,0.2739534719508455,-1.0,-1.0,-1.0,-1.0,0.0,0.0,-0.014516066429285667,-0.0019730232149957677,0.0,0.0,-0.029459772878669774,-0.003953847462824241,152508.00,1.588046024886760044430,7575.41251376319665288480,3.47725166224764746789090
ambul,headlight,152508.0,1.58804602488676004443,7798.5824458808932710252,3.4910001849100267001955,23315.70166218465,0.24278337754136145,266.3591845896556,0.2739534719508455,-1.0,-1.0,-1.0,-1.0,0.0,0.0,-0.014516066429285667,-0.0019730232149957677,0.0,0.0,-0.029459772878669774,-0.003953847462824241,152508.00,1.588046024886760044430,7575.41251376319665288480,3.47725166224764746789090
ambul,insid,152508.0,1.58804602488676004443,7798.5824458808932710252,3.4910001849100267001955,23315.70166218465,0.24278337754136145,266.3591845896556,0.2739534719508455,-1.0,-1.0,-1.0,-1.0,0.0,0.0,-0.014516066429285667,-0.0019730232149957677,0.0,0.0,-0.029459772878669774,-0.003953847462824241,152508.00,1.588046024886760044430,7575.41251376319665288480,3.47725166224764746789090
ambul,passeng,152508.0,1.58804602488676004443,7798.5824458808932710252,3.4910001849100267001955,23315.70166218465,0.24278337754136145,266.3591845896556,0.2739534719508455,-1.0,-1.0,-1.0,-1.0,0.0,0.0,-0.014516066429285667,-0.0019730232149957677,0.0,0.0,-0.029459772878669774,-0.003953847462824241,152508.00,1.588046024886760044430,7575.41251376319665288480,3.47725166224764746789090
ambul,seatbelt,152508.0,1.58804602488676004443,7798.5824458808932710252,3.4910001849100267001955,23315.70166218465,0.24278337754136145,266.3591845896556,0.2739534719508455,-1.0,-1.0,-1.0,-1.0,0.0,0.0,-0.014516066429285667,-0.0019730232149957677,0.0,0.0,-0.029459772878669774,-0.003953847462824241,152508.00,1.588046024886760044430,7575.41251376319665288480,3.47725166224764746789090
ambul,theologi,152508.0,1.58804602488676004443,7798.5824458808932710252,3.4910001849100267001955,23315.70166218465,0.24278337754136145,266.3591845896556,0.2739534719508455,-1.0,-1.0,-1.0,-1.0,0.0,0.0,-0.014516066429285667,-0.0019730232149957677,0.0,0.0,-0.029459772878669774,-0.003953847462824241,152508.00,1.588046024886760044430,7575.41251376319665288480,3.47725166224764746789090
ambul,websit,152508.0,1.58804602488676004443,7798.5824458808932710252,3.4910001849100267001955,23315.70166218465,0.24278337754136145,266.3591845896556,0.2739534719508455,-1.0,-1.0,-1.0,-1.0,0.0,0.0,-0.014516066429285667,-0.0019730232149957677,0.0,0.0,-0.029459772878669774,-0.003953847462824241,152508.00,1.588046024886760044430,7575.41251376319665288480,3.47725166224764746789090
ant,butterfli,751973.0,1.665440427360270721279,26794.879127429637366275,11.8475994180886312800598,104830.63305637336,0.232174791272897,499.84023280381183,0.5242204748477238,-1.0,-1.0,-1.0,-1.0,0.0,0.0,-0.020032736760080688,-0.003171086479005974,0.0,0.0,-0.04088450198601419,-0.0063623485153637424,751973.00,1.6654404273602707212790,25742.4133766088736601130,11.77269741417373643992320
appl,grape,1609141.0,1.889736657913650500245,29610.3765227543390142507,14.806174836244925279399573,288321.62815335236,0.33859801595431255,505.2161074144759,0.7814460887506719,-1.0,-1.0,-1.0,-1.0,0.0,0.0,-0.02163553301832426,-0.0031773823381505153,0.0,0.0,-0.04422796155929789,-0.006375020554014703,1609141.00,1.8897366579136505002450,28356.23792197492680292530,14.7123830916371997529724730
appl,modif,1609141.0,1.889736657913650500245,29610.3765227543390142507,14.806174836244925279399573,288321.62815335236,0.33859801595431255,505.2161074144759,0.7814460887506719,-1.0,-1.0,-1.0,-1.0,0.0,0.0,-0.02163553301832426,-0.0031773823381505153,0.0,0.0,-0.04422796155929789,-0.006375020554014703,1609141.00,1.8897366579136505002450,28356.23792197492680292530,14.7123830916371997529724730
appl,peel,1609141.0,1.889736657913650500245,29610.3765227543390142507,14.806174836244925279399573,288321.62815335236,0.33859801595431255,505.2161074144759,0.7814460887506719,-1.0,-1.0,-1.0,-1.0,0.0,0.0,-0.02163553301832426,-0.0031773823381505153,0.0,0.0,-0.04422796155929789,-0.006375020554014703,1609141.00,1.8897366579136505002450,28356.23792197492680292530,14.7123830916371997529724730
appl,skin,1609141.0,1.889736657913650500245,29610.3765227543390142507,14.806174836244925279399573,288321.62815335236,0.33859801595431255,505.2161074144759,0.7814460887506719,-1.0,-1.0,-1.0,-1.0,0.0,0.0,-0.02163553301832426,-0.0031773823381505153,0.0,0.0,-0.04422796155929789,-0.006375020554014703,1609141.00,1.8897366579136505002450,28356.23792197492680292530,14.7123830916371997529724730
apricot,chart,82561.0,2.34295362960440432978,4272.11412561570771519,4.2219892429931473802005,24483.457823599998,0.6948027079743458,225.7464113778296,0.4850594684308219,-1.0,-1.0,-1.0,-1.0,0.0,0.0,-0.007305072642206739,-4.8677550845147407E-4,0.0,0.0,-0.01471765885144651,-9.740251484898488E-4,82561.00,2.342953629604404329780,4210.150565873950425310,4.21788092090285247943750
apricot,food,82561.0,2.34295362960440432978,4272.11412561570771519,4.2219892429931473802005,24483.457823599998,0.6948027079743458,225.7464113778296,0.4850594684308219,-1.0,-1.0,-1.0,-1.0,0.0,0.0,-0.007305072642206739,-4.8677550845147407E-4,0.0,0.0,-0.01471765885144651,-9.740251484898488E-4,82561.00,2.342953629604404329780,4210.150565873950425310,4.21788092090285247943750
apricot,pear,82561.0,2.34295362960440432978,4272.11412561570771519,4.2219892429931473802005,24483.457823599998,0.6948027079743458,225.7464113778296,0.4850594684308219,-1.0,-1.0,-1.0,-1.0,0.0,0.0,-0.007305072642206739,-4.8677550845147407E-4,0.0,0.0,-0.01471765885144651,-9.740251484898488E-4,82561.00,2.342953629604404329780,4210.150565873950425310,4.21788092090285247943750
ax,adapt,6167530.0,1.0391979511879226772127,75299.95352109512521831623,19.684841611138700243377406,464114.1323252288,0.06239712838371665,700.0636922307615,0.5135558732430312,0.9443547196218679,0.9637725915271635,0.06369205938583175,0.23433197985823895,0.4763445144733257,0.5257842141360664,-0.09865559882300506,0.033554683989894155,0.645302650978126,0.6891986550454349,-0.21890766436043413,0.0649306408449739,6167530.00,1.03919795118792267721270,59886.764531653687913303430,18.6022390872089424333636940
ax,edg,1676824.0,1.654560237444940852677,29088.4513832101791976026,11.88348728758296671566194,241785.93921897112,0.238575665069792,487.52846190223516,0.4889393110797997,-1.0,-1.0,-1.0,-1.0,0.0,0.0,-0.03895059149115472,-0.006909932202378395,0.0,0.0,-0.08105845786137068,-0.013916023181467457,1676824.00,1.6545602374449408526770,26907.38060618395465096660,11.720386122605045410223900
ax,implement,1676824.0,1.654560237444940852677,29088.4513832101791976026,11.88348728758296671566194,241785.93921897112,0.238575665069792,487.52846190223516,0.4889393110797997,-1.0,-1.0,-1.0,-1.0,0.0,0.0,-0.03895059149115472,-0.006909932202378395,0.0,0.0,-0.08105845786137068,-0.013916023181467457,1676824.00,1.6545602374449408526770,26907.38060618395465096660,11.720386122605045410223900
ax,mallet,1676824.0,1.654560237444940852677,29088.4513832101791976026,11.88348728758296671566194,241785.93921897112,0.238575665069792,487.52846190223516,0.4889393110797997,-1.0,-1.0,-1.0,-1.0,0.0,0.0,-0.03895059149115472,-0.006909932202378395,0.0,0.0,-0.08105845786137068,-0.013916023181467457,1676824.00,1.6545602374449408526770,26907.38060618395465096660,11.720386122605045410223900
ax,ringsid,1676824.0,1.654560237444940852677,29088.4513832101791976026,11.88348728758296671566194,241785.93921897112,0.238575665069792,487.52846190223516,0.4889393110797997,-1.0,-1.0,-1.0,-1.0,0.0,0.0,-0.03895059149115472,-0.006909932202378395,0.0,0.0,-0.08105845786137068,-0.013916023181467457,1676824.00,1.6545602374449408526770,26907.38060618395465096660,11.720386122605045410223900
ax,travel,1676824.0,1.654560237444940852677,29088.4513832101791976026,11.88348728758296671566194,241785.93921897112,0.238575665069792,487.52846190223516,0.4889393110797997,-1.0,-1.0,-1.0,-1.0,0.0,0.0,-0.03895059149115472,-0.006909932202378395,0.0,0.0,-0.08105845786137068,-0.013916023181467457,1676824.00,1.6545602374449408526770,26907.38060618395465096660,11.720386122605045410223900
bag,bowl,3727257.0,1.6705901388641128997158,38641.029271738462018813126,16.1374334414062653468258093,430606.4197605512,0.19300167350508904,540.7189433933819,0.7007352210685891,-1.0,-1.0,-1.0,-1.0,0.0,0.0,-0.05451689883565965,-0.010075363844945798,0.0,0.0,-0.1153207260257182,-0.020355819982578294,3727257.00,1.67059013886411289971580,34645.6659237653559602628740,15.81549605085978563999365070
banana,coconut,268873.0,2.09326025520253480208,10052.622657366212628572,8.5595916560071754180140,76531.76967116336,0.5958237224003935,327.6617595959514,0.698769826126893,-1.0,-1.0,-1.0,-1.0,0.0,0.0,-0.008742359349443061,-7.694454144125764E-4,0.0,0.0,-0.017638924515538664,-0.0015400758331127894,268873.00,2.093260255202534802080,9878.3786814678941043320,8.54642950646486681325400
banana,food,268873.0,2.09326025520253480208,10052.622657366212628572,8.5595916560071754180140,76531.76967116336,0.5958237224003935,327.6617595959514,0.698769826126893,-1.0,-1.0,-1.0,-1.0,0.0,0.0,-0.008742359349443061,-7.694454144125764E-4,0.0,0.0,-0.017638924515538664,-0.0015400758331127894,268873.00,2.093260255202534802080,9878.3786814678941043320,8.54642950646486681325400
banana,pear,268873.0,2.09326025520253480208,10052.622657366212628572,8.5595916560071754180140,76531.76967116336,0.5958237224003935,327.6617595959514,0.698769826126893,-1.0,-1.0,-1.0,-1.0,0.0,0.0,-0.008742359349443061,-7.694454144125764E-4,0.0,0.0,-0.017638924515538664,-0.0015400758331127894,268873.00,2.093260255202534802080,9878.3786814678941043320,8.54642950646486681325400
banana,prairi,268873.0,2.09326025520253480208,10052.622657366212628572,8.5595916560071754180140,76531.76967116336,0.5958237224003935,327.6617595959514,0.698769826126893,-1.0,-1.0,-1.0,-1.0,0.0,0.0,-0.008742359349443061,-7.694454144125764E-4,0.0,0.0,-0.017638924515538664,-0.0015400758331127894,268873.00,2.093260255202534802080,9878.3786814678941043320,8.54642950646486681325400
battleship,artefact,314119.0,2.131683681618003026289,10676.205069605876309893,7.02351987185260244519685,88121.35957303428,0.4098473368263495,318.3067624585404,1.0076064523230819,0.09060652379778833,0.24912677701526775,0.03283747777714506,0.0019723564799429744,0.11015455915513706,0.19212136734023233,0.0165994170601851,0.010461626116367214,0.19844905062402873,0.3223184695848183,0.032656751089209755,0.020706627240414232,314119.00,2.1316836816180030262890,10447.30532354870184636900,7.011702087264970728004150
battleship,ferri,471864.0,2.100113492222444763726,6775.8083612977196717549,5.46621188567135753236322,152918.28339345168,0.6805896405788179,251.47810868667946,0.9929018105809437,-1.0,-1.0,-1.0,-1.0,0.0,0.0,-0.023382524035019968,-0.0019634036290132792,0.0,0.0,-0.04788471353518648,-0.003934532333087813,471864.00,2.1001134922224447637260,6466.17731299713025065090,5.444789186569951166634320
battleship,poop,471864.0,2.100113492222444763726,6775.8083612977196717549,5.46621188567135753236322,152918.28339345168,0.6805896405788179,251.47810868667946,0.9929018105809437,-1.0,-1.0,-1.0,-1.0,0.0,0.0,-0.023382524035019968,-0.0019634036290132792,0.0,0.0,-0.04788471353518648,-0.003934532333087813,471864.00,2.1001134922224447637260,6466.17731299713025065090,5.444789186569951166634320
bed,artifact,404501.0,1.470084134396976264437,12675.243015535378625412,4.13976978745471405014983,49199.76275349303,0.17880744581596927,313.8560856582166,0.2404717841671273,-1.0,-1.0,-1.0,-1.0,0.0,0.0,-0.01586374178798698,-0.0032002232578740085,0.0,0.0,-0.03223891337325251,-0.006420995133713624,404501.00,1.4700841343969762644370,12279.3694863856320240080,4.113357936163386629907970
blous,artwork,121449.0,1.58208819123298379223,3805.2215046127275008673,2.36129485136404671667556,42828.982488497204,0.5579233047417078,181.93123250622287,0.723565441694654,-1.0,-1.0,-1.0,-1.0,0.0,0.0,-0.012552098351643452,-0.0014688058352371643,0.0,0.0,-0.02542331262376498,-0.0029419327985356933,121449.00,1.582088191232983792230,3710.87867592580276366730,2.354368457578857584482960
bomb,alloi,1898212.0,1.344495126926563910321,21464.94762891662363099989,11.901927193923612822955384,215890.85285856834,0.15291453199977922,419.817886224782,0.6130629709577509,-1.0,-1.0,-1.0,-1.0,0.0,0.0,-0.05730645967046566,-0.007747680405265811,0.0,0.0,-0.12158025321873579,-0.015616351309574561,1898212.00,1.3444951269265639103210,19138.129052572067518171890,11.7189204157424334158088640
bomber,aeroplan,70062.0,1.48518251579259760763,5738.80378246987828298,2.5339449448938869306450,9060.636953327288,0.19206844773237985,231.09326045766753,0.24647187425006917,-1.0,-1.0,-1.0,-1.0,0.0,0.0,-0.007399941736306622,-9.312878539170337E-4,0.0,0.0,-0.014910218218707293,-0.0018643119188800335,70062.00,1.485182515792597607630,5654.494042381588468100,2.52922967187103272886940
bookcas,anybodi,954064.0,1.169204675524574946910,14239.5944951309063018624,3.65096093950254685296140,130010.79359807016,0.15932812446913844,312.3091759725753,0.18564800736029533,-1.0,-1.0,-1.0,-1.0,0.0,0.0,-0.053433448042894516,-0.01572895354759418,0.0,0.0,-0.11289950597222433,-0.03196061410987517,954064.00,1.1692046755245749469100,12795.04071905509240503960,3.537887870509194482548440
box,artifact,404501.0,1.470084134396976264437,12675.243015535378625412,4.13976978745471405014983,49199.76275349303,0.17880744581596927,313.8560856582166,0.2404717841671273,-1.0,-1.0,-1.0,-1.0,0.0,0.0,-0.01586374178798698,-0.0032002232578740085,0.0,0.0,-0.03223891337325251,-0.006420995133713624,404501.00,1.4700841343969762644370,12279.3694863856320240080,4.113357936163386629907970
bu,artifact,404501.0,1.470084134396976264437,12675.243015535378625412,4.13976978745471405014983,49199.76275349303,0.17880744581596927,313.8560856582166,0.2404717841671273,-1.0,-1.0,-1.0,-1.0,0.0,0.0,-0.01586374178798698,-0.0032002232578740085,0.0,0.0,-0.03223891337325251,-0.006420995133713624,404501.00,1.4700841343969762644370,12279.3694863856320240080,4.113357936163386629907970
car,balconi,305049.0,1.332341880789842649666,10315.649974090565620041,4.47981567531718292699289,45854.44494266614,0.2002753571311038,300.40485881533687,0.3871557271561258,-1.0,-1.0,-1.0,-1.0,0.0,0.0,-0.014164972767904033,-0.0019787671523262508,0.0,0.0,-0.028737004420860697,-0.003965380870064648,305049.00,1.3323418807898426496660,10027.4899510374657585390,4.462121663433104246974110
car,barrier,3541186.0,1.4150197596870417259925,29752.5343583483028007201,9.81723346686878848846447,588078.2180577682,0.23498971779321587,441.82957381941833,0.5199370610816286,-1.0,-1.0,-1.0,-1.0,0.0,0.0,-0.05796184855700945,-0.013062537119099505,0.0,0.0,-0.1230562657536214,-0.02647085070814834,3541186.00,1.41501975968704172599250,26492.46993727692725562030,9.564064542208882061997230
cello,artefact,61672.0,1.48732666103943084755,4662.345568320919939163,1.7564980722030318424857,7939.278304732742,0.19146939116683329,204.39301332967935,0.17504562413491154,-1.0,-1.0,-1.0,-1.0,0.0,0.0,-0.005729097334971033,-9.83802233241896E-4,0.0,0.0,-0.011524218036784235,-0.0019695421064065384,61672.00,1.487326661039430847550,4609.2278219199028855430,1.75304537552150098402390
clarinet,bass,682424.0,1.891141268050979201552,19968.160116502577375366,13.4922549759836511412592,115183.69059029147,0.31919837327191813,442.88780399931306,0.7869260051821043,-1.0,-1.0,-1.0,-1.0,0.0,0.0,-0.012290289497995599,-0.0012801342880448543,0.0,0.0,-0.024886440554986643,-0.002563550264682655,682424.00,1.8911412680509792015520,19483.2903689208840531760,13.45775534371024831498440
cloak,anarchist,93433.0,1.53015836622393999498,8313.42137863688855229,4.6490068341203007380073,11740.489981257171,0.1922747740989694,291.58922957544604,0.40870795190315046,-1.0,-1.0,-1.0,-1.0,0.0,0.0,-0.005972320497948926,-6.55125728127725E-4,0.0,0.0,-0.012016406828712668,-0.001311110398409864,93433.00,1.530158366223939994980,8214.710080331695978330,4.64291945414499178966850
cloak,artefact,61672.0,1.48732666103943084755,4662.345568320919939163,1.7564980722030318424857,7939.278304732742,0.19146939116683329,204.39301332967935,0.17504562413491154,-1.0,-1.0,-1.0,-1.0,0.0,0.0,-0.005729097334971033,-9.83802233241896E-4,0.0,0.0,-0.011524218036784235,-0.0019695421064065384,61672.00,1.487326661039430847550,4609.2278219199028855430,1.75304537552150098402390
cloak,back,26723042.0,1.2889372335388243534362,55706.66911177486796046132,9.386543940367872266575839,9321421.86098548,0.44960179706138786,514.2859089587847,0.42696472718674255,-1.0,-1.0,-1.0,-1.0,0.0,0.0,-0.4180922943185469,-0.18309794339439361,0.0,0.0,-1.4369711562039984,-0.44827391953253903,26723042.00,1.28893723353882435343620,22858.977616521152168810080,6.4811937947467684207892010
coat,arm,14728171.0,1.7217455173236940934237,95602.03978645566173206563,22.860404856936642892434798,2318725.797731806,0.2710625608670312,764.9217514907918,0.5047294159834467,-1.0,-1.0,-1.0,-1.0,0.0,0.0,-0.08056922478551427,-0.02617679884701819,0.0,0.0,-0.17525892532087364,-0.05376088558174734,14728171.00,1.72174551732369409342370,81345.512658288494372653070,21.6941102765606564423285420
cockroach,ant,751973.0,1.665440427360270721279,26794.879127429637366275,11.8475994180886312800598,104830.63305637336,0.232174791272897,499.84023280381183,0.5242204748477238,-1.0,-1.0,-1.0,-1.0,0.0,0.0,-0.020032736760080688,-0.003171086479005974,0.0,0.0,-0.04088450198601419,-0.0063623485153637424,751973.00,1.6654404273602707212790,25742.4133766088736601130,11.77269741417373643992320
couch,artifact,404501.0,1.470084134396976264437,12675.243015535378625412,4.13976978745471405014983,49199.76275349303,0.17880744581596927,313.8560856582166,0.2404717841671273,-1.0,-1.0,-1.0,-1.0,0.0,0.0,-0.01586374178798698,-0.0032002232578740085,0.0,0.0,-0.03223891337325251,-0.006420995133713624,404501.00,1.4700841343969762644370,12279.3694863856320240080,4.113357936163386629907970
cranberri,apricot,82561.0,2.34295362960440432978,4272.11412561570771519,4.2219892429931473802005,24483.457823599998,0.6948027079743458,225.7464113778296,0.4850594684308219,-1.0,-1.0,-1.0,-1.0,0.0,0.0,-0.007305072642206739,-4.8677550845147407E-4,0.0,0.0,-0.01471765885144651,-9.740251484898488E-4,82561.00,2.342953629604404329780,4210.150565873950425310,4.21788092090285247943750
crow,antibiot,714138.0,1.489109084312327183783,14069.9853946542671265116,8.28330978676330293376070,109466.88686538958,0.22825859380489677,366.2612708200561,0.623597576920822,-1.0,-1.0,-1.0,-1.0,0.0,0.0,-0.025081716293341383,-0.0026771770131090405,0.0,0.0,-0.051453986887968095,-0.005368727058889798,714138.00,1.4891090843123271837830,13381.45612657552959871640,8.239076434170908311874380
cucumb,applianc,630380.0,1.703131332234620275567,14738.6331971666081237725,5.57441019274700156814043,85744.66700617597,0.23166094887249333,337.4324266733737,0.36561951647829954,-1.0,-1.0,-1.0,-1.0,0.0,0.0,-0.01624001810814874,-0.002653953222453812,0.0,0.0,-0.03301622023070678,-0.005322030865874109,630380.00,1.7031313322346202755670,14267.57190112172922288250,5.544900063461074420724630
dagger,activ,48372942.0,1.55112718273722570927877,138509.7366152811369823625,37.079824038343080134158889,5987550.124999038,0.19199683486044083,876.8224626223207,0.5713674880860937,-1.0,-1.0,-1.0,-1.0,0.0,0.0,-0.15328510913862764,-0.05118411885392103,0.0,0.0,-0.362070186300111,-0.10789051884775686,48372942.00,1.551127182737225709278770,101690.60156255609062233690,33.4688522083457627525566930
dagger,affirm,9653398.0,1.5249963981679944940770,42384.1225858691049323732,9.20227157946040882991961,1153497.8597500734,0.18222392585629976,490.0300234277924,0.2523856703174894,-1.0,-1.0,-1.0,-1.0,0.0,0.0,-0.1394472204323064,-0.04441157097481849,0.0,0.0,-0.3240875487087705,-0.09295125312499604,9653398.00,1.52499639816799449407700,32010.06053353604793790480,8.419654173183865966981010
dagger,antiphon,22519.0,1.9698215535339398120,2842.26493998814864772,7.288510911605711757454,4814.07426199472,0.42110516637462553,201.71904387283556,1.104406543393071,-1.0,-1.0,-1.0,-1.0,0.0,0.0,-0.003954361008729316,-8.251469202082738E-5,0.0,0.0,-0.007940120118861284,-1.650430025141774E-4,22519.00,1.96982155353393981200,2819.874795392582160120,7.2873081923813949693980
dress,arm,14728171.0,1.7217455173236940934237,95602.03978645566173206563,22.860404856936642892434798,2318725.797731806,0.2710625608670312,764.9217514907918,0.5047294159834467,-1.0,-1.0,-1.0,-1.0,0.0,0.0,-0.08056922478551427,-0.02617679884701819,0.0,0.0,-0.17525892532087364,-0.05376088558174734,14728171.00,1.72174551732369409342370,81345.512658288494372653070,21.6941102765606564423285420
dress,artefact,61672.0,1.48732666103943084755,4662.345568320919939163,1.7564980722030318424857,7939.278304732742,0.19146939116683329,204.39301332967935,0.17504562413491154,-1.0,-1.0,-1.0,-1.0,0.0,0.0,-0.005729097334971033,-9.83802233241896E-4,0.0,0.0,-0.011524218036784235,-0.0019695421064065384,61672.00,1.487326661039430847550,4609.2278219199028855430,1.75304537552150098402390
dress,baker,2381410.0,1.779656520410214546326,46981.8619303291880541005,19.54288528506983025621558,303485.5680687304,0.22679843876691289,638.0755079452398,0.5553818492838535,-1.0,-1.0,-1.0,-1.0,0.0,0.0,-0.016867477690406456,-0.0032135528707297363,0.0,0.0,-0.03431374165261273,-0.00644782617176371,2381410.00,1.7796565204102145463260,45423.22125128318822170050,19.417683437605812757612820
dresser,arson,27348.0,2.136562500,2728.3710748796526327,2.735031033476748435270,7725.2624550885,0.6035361293037891,180.8601602238727,0.39272843525189133,-1.0,-1.0,-1.0,-1.0,0.0,0.0,-0.0015591196721008247,-7.179174654721626E-5,0.0,0.0,-0.0031231086443271284,-1.4359380194426747E-4,27348.00,2.1365625000,2719.87660474387391970,2.7346383563582163364300
eagl,aggressor,47719.0,1.49842994410601018232,3802.522893950247039717,1.8707452443809410630374,7665.524182989706,0.24070602848049066,189.61065593307978,0.2457816731668884,-1.0,-1.0,-1.0,-1.0,0.0,0.0,-0.0065139094626053265,-7.436661266947386E-4,0.0,0.0,-0.013113237366175574,-0.0014884391551708237,47719.00,1.498429944106010182320,3753.3049156832588635170,1.86796489229476508406740
flute,banjo,21930.0,1.6838144963144963455,2486.14990452726310978,3.441163410955426458255,5445.474634960666,0.41811076742634107,178.46236842046034,0.6073238412003603,-1.0,-1.0,-1.0,-1.0,0.0,0.0,-0.006861832924596383,-2.2640237292793856E-4,0.0,0.0,-0.013818485991336189,-4.529072851399491E-4,21930.00,1.68381449631449634550,2452.263337944805489180,3.4396055885263747808710
fork,anniversari,1129514.0,1.400553270583042108970,4963.431825161406146152,4.23899249713517619928628,592921.295687716,0.7351992625799819,200.2907988508182,0.6572090023132066,-1.0,-1.0,-1.0,-1.0,0.0,0.0,-0.06967219672810072,-0.00656582033041387,0.0,0.0,-0.1497798872248435,-0.013218430500544378,1129514.00,1.4005532705830421089700,4316.8539303130023025480,4.183690672741763446739880
frigat,barrack,360543.0,1.582863213904705871031,14696.173216092420046243,6.07771811645334255805845,38616.292662553715,0.16953403370176232,362.5250090222045,0.37880405720395754,-1.0,-1.0,-1.0,-1.0,0.0,0.0,-0.012962562282744259,-0.0020342564089116935,0.0,0.0,-0.026265593963128848,-0.004076806086733214,360543.00,1.5828632139047058710310,14320.0486331615407836190,6.053041041890517340938150
frigat,battleship,471864.0,2.100113492222444763726,6775.8083612977196717549,5.46621188567135753236322,152918.28339345168,0.6805896405788179,251.47810868667946,0.9929018105809437,-1.0,-1.0,-1.0,-1.0,0.0,0.0,-0.023382524035019968,-0.0019634036290132792,0.0,0.0,-0.04788471353518648,-0.003934532333087813,471864.00,2.1001134922224447637260,6466.17731299713025065090,5.444789186569951166634320
glider,agent,12645921.0,1.5868200259293482990256,84878.0358775405751946498,26.452102856739649712741406,1162837.8346850432,0.14591379805286997,765.4596273897242,0.6147949368488357,-1.0,-1.0,-1.0,-1.0,0.0,0.0,-0.05629176901883209,-0.015002805973573645,0.0,0.0,-0.11929909514576524,-0.030462636979189474,12645921.00,1.58682002592934829902560,75831.41650488602339467960,25.6701232121178387391449060
goos,attribut,20382104.0,1.6144201150872421712316,71635.8276225412698944999325,13.83707701186043016043448189,5251138.596252626,0.41593074870490426,634.4306602410202,0.2818502257977873,-1.0,-1.0,-1.0,-1.0,0.0,0.0,-0.1637990271224306,-0.0644991031519929,0.0,0.0,-0.39176952057053605,-0.13789212467740097,20382104.00,1.61442011508724217123160,51471.04212569275576051919250,12.160271357694229293150575890
grapefruit,apricot,82561.0,2.34295362960440432978,4272.11412561570771519,4.2219892429931473802005,24483.457823599998,0.6948027079743458,225.7464113778296,0.4850594684308219,-1.0,-1.0,-1.0,-1.0,0.0,0.0,-0.007305072642206739,-4.8677550845147407E-4,0.0,0.0,-0.01471765885144651,-9.740251484898488E-4,82561.00,2.342953629604404329780,4210.150565873950425310,4.21788092090285247943750
grenad,bazooka,4287.0,1.8478448275862069025,476.881071640869631177,0.6647609092077307150529,1481.0189060238224,0.6383702181137166,78.4357288852033,0.20936512138543756,-1.0,-1.0,-1.0,-1.0,0.0,0.0,-0.0017175138045157552,-3.7620047232091145E-5,0.0,0.0,-0.0034409374666309243,-7.524292510657869E-5,4287.00,1.84784482758620690250,475.2457806284469468230,0.66471089441568466876710
hat,artefact,61672.0,1.48732666103943084755,4662.345568320919939163,1.7564980722030318424857,7939.278304732742,0.19146939116683329,204.39301332967935,0.17504562413491154,-1.0,-1.0,-1.0,-1.0,0.0,0.0,-0.005729097334971033,-9.83802233241896E-4,0.0,0.0,-0.011524218036784235,-0.0019695421064065384,61672.00,1.487326661039430847550,4609.2278219199028855430,1.75304537552150098402390
helicopt,aeroplan,70062.0,1.48518251579259760763,5738.80378246987828298,2.5339449448938869306450,9060.636953327288,0.19206844773237985,231.09326045766753,0.24647187425006917,-1.0,-1.0,-1.0,-1.0,0.0,0.0,-0.007399941736306622,-9.312878539170337E-4,0.0,0.0,-0.014910218218707293,-0.0018643119188800335,70062.00,1.485182515792597607630,5654.494042381588468100,2.52922967187103272886940
helicopt,back,26723042.0,1.2889372335388243534362,55706.66911177486796046132,9.386543940367872266575839,9321421.86098548,0.44960179706138786,514.2859089587847,0.42696472718674255,-1.0,-1.0,-1.0,-1.0,0.0,0.0,-0.4180922943185469,-0.18309794339439361,0.0,0.0,-1.4369711562039984,-0.44827391953253903,26723042.00,1.28893723353882435343620,22858.977616521152168810080,6.4811937947467684207892010
hornet,auto,114750.0,1.79316487740846655212,8586.92942853348091006,5.9769948338544571680071,13618.212144037117,0.21280784060814648,299.2060341484738,0.4755529544758083,-1.0,-1.0,-1.0,-1.0,0.0,0.0,-0.007678877000755704,-6.488772514515306E-4,0.0,0.0,-0.015476596885384556,-0.001298597133041492,114750.00,1.793164877408466552120,8456.058421110689386580,5.96924319175921121136810
hors,ash,1146254.0,1.698536559343733674468,31754.6613311993803905417,13.69137938156299461683603,184691.07728853606,0.273678039037733,518.636626298231,0.5898667490423745,-1.0,-1.0,-1.0,-1.0,0.0,0.0,-0.021934648468407692,-0.0036051818779186074,0.0,0.0,-0.044853134678698794,-0.0072364524831900305,1146254.00,1.6985365593437336744680,30391.50697572841992055750,13.593014180343609798830130
jet,aircraft,1537431.0,1.497683965246327706242,20438.6725653883480431599,9.97739124904391647805325,144309.80049532326,0.14057897507578695,399.80256679114996,0.5360310783513758,-1.0,-1.0,-1.0,-1.0,0.0,0.0,-0.03324692415875197,-0.004682295609841154,0.0,0.0,-0.06878059142417767,-0.0094086452781628,1537431.00,1.4976839652463277062420,19123.35677629895052811910,9.884392506163295409814370
jet,artifact,404501.0,1.470084134396976264437,12675.243015535378625412,4.13976978745471405014983,49199.76275349303,0.17880744581596927,313.8560856582166,0.2404717841671273,-1.0,-1.0,-1.0,-1.0,0.0,0.0,-0.01586374178798698,-0.0032002232578740085,0.0,0.0,-0.03223891337325251,-0.006420995133713624,404501.00,1.4700841343969762644370,12279.3694863856320240080,4.113357936163386629907970
lemon,amir,54398.0,1.62956084117188903642,4875.65777735800893393,4.761963949189369867103,10394.980230861433,0.31139477056082415,242.28563814302487,0.47475811820337255,-1.0,-1.0,-1.0,-1.0,0.0,0.0,-0.00668742199954726,-3.294052315411339E-4,0.0,0.0,-0.013464889396667262,-6.59027550205035E-4,54398.00,1.629560841171889036420,4810.879812778289946830,4.7588277505950474751510
mackerel,baro,27328.0,1.4298121697274106499,3983.8384131592902777098,3.28227013514588215962231,3829.6527257703146,0.20036900150527467,214.28786351759916,0.45360297478559064,-1.0,-1.0,-1.0,-1.0,0.0,0.0,-0.00598863482989832,-3.5145132964815715E-4,0.0,0.0,-0.012049429291733511,-7.031497822222181E-4,27328.00,1.42981216972741064990,3936.40695588091523210980,3.279963829293617599472310
motorcycl,battleship,471864.0,2.100113492222444763726,6775.8083612977196717549,5.46621188567135753236322,152918.28339345168,0.6805896405788179,251.47810868667946,0.9929018105809437,-1.0,-1.0,-1.0,-1.0,0.0,0.0,-0.023382524035019968,-0.0019634036290132792,0.0,0.0,-0.04788471353518648,-0.003934532333087813,471864.00,2.1001134922224447637260,6466.17731299713025065090,5.444789186569951166634320
mug,artefact,61672.0,1.48732666103943084755,4662.345568320919939163,1.7564980722030318424857,7939.278304732742,0.19146939116683329,204.39301332967935,0.17504562413491154,-1.0,-1.0,-1.0,-1.0,0.0,0.0,-0.005729097334971033,-9.83802233241896E-4,0.0,0.0,-0.011524218036784235,-0.0019695421064065384,61672.00,1.487326661039430847550,4609.2278219199028855430,1.75304537552150098402390
musket,ammunit,257794.0,1.68051263999165589965,8660.118936117955984391,3.45094818095498798574766,49291.4474325922,0.32132206511383293,268.70604408602946,0.2610985322557517,-1.0,-1.0,-1.0,-1.0,0.0,0.0,-0.015773339574300254,-0.0025175934852684134,0.0,0.0,-0.0320522501747269,-0.005047895519410811,257794.00,1.680512639991655899650,8391.1632716771791717330,3.433615647910521613519660
oven,applianc,630380.0,1.703131332234620275567,14738.6331971666081237725,5.57441019274700156814043,85744.66700617597,0.23166094887249333,337.4324266733737,0.36561951647829954,-1.0,-1.0,-1.0,-1.0,0.0,0.0,-0.01624001810814874,-0.002653953222453812,0.0,0.0,-0.03301622023070678,-0.005322030865874109,630380.00,1.7031313322346202755670,14267.57190112172922288250,5.544900063461074420724630
pear,algorithm,3329644.0,1.4891765985537788901445,32740.8964640383686670767,15.928971223502297785262646,353763.25663075864,0.15821990675360512,507.87910100025573,0.5442860575437733,-1.0,-1.0,-1.0,-1.0,0.0,0.0,-0.03992000854089149,-0.006467754977439407,0.0,0.0,-0.08315975522044144,-0.013019718302736195,3329644.00,1.48917659855377889014450,30227.20915011750875758750,15.7242459704441798382816740
phone,artefact,61672.0,1.48732666103943084755,4662.345568320919939163,1.7564980722030318424857,7939.278304732742,0.19146939116683329,204.39301332967935,0.17504562413491154,-1.0,-1.0,-1.0,-1.0,0.0,0.0,-0.005729097334971033,-9.83802233241896E-4,0.0,0.0,-0.011524218036784235,-0.0019695421064065384,61672.00,1.487326661039430847550,4609.2278219199028855430,1.75304537552150098402390
piano,airspac,24585.0,1.6399839903942365415,1974.08444824275278703,1.165970984037931605712,4671.8847374480465,0.3116459700785836,142.32147846381005,0.19358689254868103,-1.0,-1.0,-1.0,-1.0,0.0,0.0,-0.003934511497882811,-3.805536572570232E-4,0.0,0.0,-0.007900106053869064,-7.613970669525E-4,24585.00,1.63998399039423654150,1958.611211950050369570,1.1650838925793680732620
pigeon,anim,13560998.0,1.5605524593578500099084,88968.5550471211617976072,23.07794015664906597079634,1438141.548496531,0.16549632485831559,736.4989618508077,0.5004885846093539,-1.0,-1.0,-1.0,-1.0,0.0,0.0,-0.09252083143555387,-0.02840004144891754,0.0,0.0,-0.2039073394531223,-0.05846035953165264,13560998.00,1.56055245935785000990840,73899.83608500578842491860,21.803310770051501146869100
pistol,ammunit,257794.0,1.68051263999165589965,8660.118936117955984391,3.45094818095498798574766,49291.4474325922,0.32132206511383293,268.70604408602946,0.2610985322557517,-1.0,-1.0,-1.0,-1.0,0.0,0.0,-0.015773339574300254,-0.0025175934852684134,0.0,0.0,-0.0320522501747269,-0.005047895519410811,257794.00,1.680512639991655899650,8391.1632716771791717330,3.433615647910521613519660
revolv,arm,14728171.0,1.7217455173236940934237,95602.03978645566173206563,22.860404856936642892434798,2318725.797731806,0.2710625608670312,764.9217514907918,0.5047294159834467,-1.0,-1.0,-1.0,-1.0,0.0,0.0,-0.08056922478551427,-0.02617679884701819,0.0,0.0,-0.17525892532087364,-0.05376088558174734,14728171.00,1.72174551732369409342370,81345.512658288494372653070,21.6941102765606564423285420
robe,arrest,15786501.0,1.8251668016094162861253,75401.31686713412388596604,17.867871525847450070109481,2592309.9068878707,0.2997116322062082,703.577653743213,0.4398826409350507,-1.0,-1.0,-1.0,-1.0,0.0,0.0,-0.11185237115927932,-0.03407696382159131,0.0,0.0,-0.2518778804944347,-0.07055834170062633,15786501.00,1.82516680160941628612530,60230.568845384535136238160,16.6902361411369651089681390
scooter,battleship,471864.0,2.100113492222444763726,6775.8083612977196717549,5.46621188567135753236322,152918.28339345168,0.6805896405788179,251.47810868667946,0.9929018105809437,-1.0,-1.0,-1.0,-1.0,0.0,0.0,-0.023382524035019968,-0.0019634036290132792,0.0,0.0,-0.04788471353518648,-0.003934532333087813,471864.00,2.1001134922224447637260,6466.17731299713025065090,5.444789186569951166634320
screwdriv,allow,134380856.0,1.51431064022162389407617,160693.44416519121851132542,38.550177724493473763441096,9970093.570578162,0.11235096447020484,859.506067368306,0.5598609999026917,-1.0,-1.0,-1.0,-1.0,0.0,0.0,-0.22076920739292857,-0.09474394154322871,0.0,0.0,-0.5666336841086616,-0.20931965195514463,134380856.00,1.514310640221623894076170,102572.442936217083765240820,31.8775748514201391239420720
spear,barb,98825.0,1.70933148836807056947,7296.690273189912328039,6.2121034584606037142695,11780.085526005318,0.20375483051120502,272.9323907987286,0.789054034341307,-1.0,-1.0,-1.0,-1.0,0.0,0.0,-0.011463432297214351,-7.624467766570516E-4,0.0,0.0,-0.02319273291802182,-0.0015260570906238439,98825.00,1.709331488368070569470,7131.2960290292865056410,6.20263787894486786005050
squirrel,anim,13560998.0,1.5605524593578500099084,88968.5550471211617976072,23.07794015664906597079634,1438141.548496531,0.16549632485831559,736.4989618508077,0.5004885846093539,-1.0,-1.0,-1.0,-1.0,0.0,0.0,-0.09252083143555387,-0.02840004144891754,0.0,0.0,-0.2039073394531223,-0.05846035953165264,13560998.00,1.56055245935785000990840,73899.83608500578842491860,21.803310770051501146869100
stove,abil,17285098.0,1.2638801551540279936302,46407.5280642906215306376,23.51361541446419049904721,1691381.6843509923,0.12367322103943024,529.12930775559,0.8074456543076525,-1.0,-1.0,-1.0,-1.0,0.0,0.0,-0.17719257022120286,-0.028561811747261922,0.0,0.0,-0.43070240692609973,-0.05880314793601881,17285098.00,1.26388015515402799363020,32436.88403656101236468340,22.207730927416044585808590
sweater,arm,14728171.0,1.7217455173236940934237,95602.03978645566173206563,22.860404856936642892434798,2318725.797731806,0.2710625608670312,764.9217514907918,0.5047294159834467,-1.0,-1.0,-1.0,-1.0,0.0,0.0,-0.08056922478551427,-0.02617679884701819,0.0,0.0,-0.17525892532087364,-0.05376088558174734,14728171.00,1.72174551732369409342370,81345.512658288494372653070,21.6941102765606564423285420
tanker,anchor,2501028.0,1.655957905637278445762,29203.3962582529434615538,8.425384169912552462172572,381489.5899497128,0.25258841660131376,461.9490825630964,0.2965508466892341,-1.0,-1.0,-1.0,-1.0,0.0,0.0,-0.05903933865127331,-0.012221598303993204,0.0,0.0,-0.1254873685508791,-0.024745627729881176,2501028.00,1.6559579056372784457620,25947.33363898500828176220,8.2219274148817835519086840
tanker,anglai,279751.0,1.94892748413345314955,9106.13096393569212016,8.549655100787171209910,48451.93536898191,0.33754770671084855,328.88314643861384,0.5521181078818678,-1.0,-1.0,-1.0,-1.0,0.0,0.0,-0.005180748589251586,-5.512794093152599E-4,0.0,0.0,-0.010415457042884506,-0.0011031669718671467,279751.00,1.948927484133453149550,9012.264114195162810640,8.5402337969303740644260
televis,amplifi,2018655.0,1.606070056989826475372,22141.8138202166149241002,10.10678398313063851348200,200141.7058011648,0.15923553100560414,404.0201341665173,0.5084597761283316,-1.0,-1.0,-1.0,-1.0,0.0,0.0,-0.07522490428681573,-0.0101350510210528,0.0,0.0,-0.16268799762347075,-0.020477644008927032,2018655.00,1.6060700569898264753720,19043.64185875693806437600,9.903973930703988480847140
train,ambul,152508.0,1.58804602488676004443,7798.5824458808932710252,3.4910001849100267001955,23315.70166218465,0.24278337754136145,266.3591845896556,0.2739534719508455,-1.0,-1.0,-1.0,-1.0,0.0,0.0,-0.014516066429285667,-0.0019730232149957677,0.0,0.0,-0.029459772878669774,-0.003953847462824241,152508.00,1.588046024886760044430,7575.41251376319665288480,3.47725166224764746789090
train,back,26723042.0,1.2889372335388243534362,55706.66911177486796046132,9.386543940367872266575839,9321421.86098548,0.44960179706138786,514.2859089587847,0.42696472718674255,-1.0,-1.0,-1.0,-1.0,0.0,0.0,-0.4180922943185469,-0.18309794339439361,0.0,0.0,-1.4369711562039984,-0.44827391953253903,26723042.00,1.28893723353882435343620,22858.977616521152168810080,6.4811937947467684207892010
truck,barn,1669055.0,1.652210711793267648430,30884.6639386228414441923,12.90231033324339316897679,242522.33266443733,0.24007477038040906,506.3196518074788,0.5551870866210421,-1.0,-1.0,-1.0,-1.0,0.0,0.0,-0.023489535113064813,-0.004438486290792638,0.0,0.0,-0.04810913135638447,-0.008916548560130603,1669055.00,1.6522107117932676484300,29467.03068854501711975770,12.788282986989211817935350
tuna,anim,13560998.0,1.5605524593578500099084,88968.5550471211617976072,23.07794015664906597079634,1438141.548496531,0.16549632485831559,736.4989618508077,0.5004885846093539,-1.0,-1.0,-1.0,-1.0,0.0,0.0,-0.09252083143555387,-0.02840004144891754,0.0,0.0,-0.2039073394531223,-0.05846035953165264,13560998.00,1.56055245935785000990840,73899.83608500578842491860,21.803310770051501146869100
turtl,allig,57264.0,1.69676138552253400797,6079.266891488532029888,5.4214742859426736839351,9021.613824588148,0.26731499672844083,267.07502808229503,0.5153505161037774,-1.0,-1.0,-1.0,-1.0,0.0,0.0,-0.003382634104725252,-2.7148839711104095E-4,0.0,0.0,-0.006788230308803794,-5.431242461531022E-4,57264.00,1.696761385522534007970,6038.2776719826064923680,5.41853135018784595895170
whale,avalanch,89743.0,1.44964220524334890068,6311.044729762705873420,3.62443018316666599038439,16490.543562902953,0.2663760731888632,249.17452813321307,0.35324731406863635,-1.0,-1.0,-1.0,-1.0,0.0,0.0,-0.011640093914914525,-0.001291375044535505,0.0,0.0,-0.02355436282522059,-0.0025860897007735193,89743.00,1.449642205243348900680,6165.8129347843569543520,3.615081258755937889789810
