w1,w2,c1,c2,c3,c4,c5,c6,c7,c8,c9,c10,c11,c12,c13,c14,c15,c16,c17,c18,c19,c20,c21,c22,c23,c24
acacia,boat,37702.0,1.7794034359071172423,4857.83067807791419368,5.1639482930921967207067,7389.790660093153,0.34877244950411335,249.19320425489062,0.4692971981150297,-1.0,-1.0,-1.0,-1.0,0.0,0.0,-0.002496623428041559,-1.2736710049681424E-4,0.0,0.0,-0.005005744314613769,-2.5476664988312737E-4,37702.00,1.77940343590711724230,4833.634738466913828520,5.16263302637149206464130
acacia,burl,37702.0,1.7794034359071172423,4857.83067807791419368,5.1639482930921967207067,7389.790660093153,0.34877244950411335,249.19320425489062,0.4692971981150297,-1.0,-1.0,-1.0,-1.0,0.0,0.0,-0.002496623428041559,-1.2736710049681424E-4,0.0,0.0,-0.005005744314613769,-2.5476664988312737E-4,37702.00,1.77940343590711724230,4833.634738466913828520,5.16263302637149206464130
acacia,connexion,37702.0,1.7794034359071172423,4857.83067807791419368,5.1639482930921967207067,7389.790660093153,0.34877244950411335,249.19320425489062,0.4692971981150297,-1.0,-1.0,-1.0,-1.0,0.0,0.0,-0.002496623428041559,-1.2736710049681424E-4,0.0,0.0,-0.005005744314613769,-2.5476664988312737E-4,37702.00,1.77940343590711724230,4833.634738466913828520,5.16263302637149206464130
acacia,root,37702.0,1.7794034359071172423,4857.83067807791419368,5.1639482930921967207067,7389.790660093153,0.34877244950411335,249.19320425489062,0.4692971981150297,-1.0,-1.0,-1.0,-1.0,0.0,0.0,-0.002496623428041559,-1.2736710049681424E-4,0.0,0.0,-0.005005744314613769,-2.5476664988312737E-4,37702.00,1.77940343590711724230,4833.634738466913828520,5.16263302637149206464130
allig,jaw,57264.0,1.69676138552253400797,6079.266891488532029888,5.4214742859426736839351,9021.613824588148,0.26731499672844083,267.07502808229503,0.5153505161037774,-1.0,-1.0,-1.0,-1.0,0.0,0.0,-0.003382634104725252,-2.7148839711104095E-4,0.0,0.0,-0.006788230308803794,-5.431242461531022E-4,57264.00,1.696761385522534007970,6038.2776719826064923680,5.41853135018784595895170
allig,tooth,57264.0,1.69676138552253400797,6079.266891488532029888,5.4214742859426736839351,9021.613824588148,0.26731499672844083,267.07502808229503,0.5153505161037774,-1.0,-1.0,-1.0,-1.0,0.0,0.0,-0.003382634104725252,-2.7148839711104095E-4,0.0,0.0,-0.006788230308803794,-5.431242461531022E-4,57264.00,1.696761385522534007970,6038.2776719826064923680,5.41853135018784595895170
ambul,concentr,152508.0,1.58804602488676004443,7798.5824458808932710252,3.4910001849100267001955,23315.70166218465,0.24278337754136145,266.3591845896556,0.2739534719508455,-1.0,-1.0,-1.0,-1.0,0.0,0.0,-0.014516066429285667,-0.0019730232149957677,0.0,0.0,-0.029459772878669774,-0.003953847462824241,152508.00,1.588046024886760044430,7575.41251376319665288480,3.47725166224764746789090
ambul,crown,152508.0,1.58804602488676004443,7798.5824458808932710252,3.4910001849100267001955,23315.70166218465,0.24278337754136145,266.3591845896556,0.2739534719508455,-1.0,-1.0,-1.0,-1.0,0.0,0.0,-0.014516066429285667,-0.0019730232149957677,0.0,0.0,-0.029459772878669774,-0.003953847462824241,152508.00,1.588046024886760044430,7575.41251376319665288480,3.47725166224764746789090
ambul,frame,152508.0,1.58804602488676004443,7798.5824458808932710252,3.4910001849100267001955,23315.70166218465,0.24278337754136145,266.3591845896556,0.2739534719508455,-1.0,-1.0,-1.0,-1.0,0.0,0.0,-0.014516066429285667,-0.0019730232149957677,0.0,0.0,-0.029459772878669774,-0.003953847462824241,152508.00,1.588046024886760044430,7575.41251376319665288480,3.47725166224764746789090
ambul,front,152508.0,1.58804602488676004443,7798.5824458808932710252,3.4910001849100267001955,23315.70166218465,0.24278337754136145,266.3591845896556,0.2739534719508455,-1.0,-1.0,-1.0,-1.0,0.0,0.0,-0.014516066429285667,-0.0019730232149957677,0.0,0.0,-0.029459772878669774,-0.003953847462824241,152508.00,1.588046024886760044430,7575.41251376319665288480,3.47725166224764746789090
ambul,grill,152508.0,1.58804602488676004443,7798.5824458808932710252,3.4910001849100267001955,23315.70166218465,0.24278337754136145,266.3591845896556,0.2739534719508455,-1.0,-1.0,-1.0,-1.0,0.0,0.0,-0.014516066429285667,-0.0019730232149957677,0.0,0.0,-0.029459772878669774,-0.003953847462824241,152508.00,1.588046024886760044430,7575.41251376319665288480,3.47725166224764746789090
ambul,trademark,152508.0,1.58804602488676004443,7798.5824458808932710252,3.4910001849100267001955,23315.70166218465,0.24278337754136145,266.3591845896556,0.2739534719508455,-1.0,-1.0,-1.0,-1.0,0.0,0.0,-0.014516066429285667,-0.0019730232149957677,0.0,0.0,-0.029459772878669774,-0.003953847462824241,152508.00,1.588046024886760044430,7575.41251376319665288480,3.47725166224764746789090
ambul,truck,152508.0,1.58804602488676004443,7798.5824458808932710252,3.4910001849100267001955,23315.70166218465,0.24278337754136145,266.3591845896556,0.2739534719508455,-1.0,-1.0,-1.0,-1.0,0.0,0.0,-0.014516066429285667,-0.0019730232149957677,0.0,0.0,-0.029459772878669774,-0.003953847462824241,152508.00,1.588046024886760044430,7575.41251376319665288480,3.47725166224764746789090
ambul,web,152508.0,1.58804602488676004443,7798.5824458808932710252,3.4910001849100267001955,23315.70166218465,0.24278337754136145,266.3591845896556,0.2739534719508455,-1.0,-1.0,-1.0,-1.0,0.0,0.0,-0.014516066429285667,-0.0019730232149957677,0.0,0.0,-0.029459772878669774,-0.003953847462824241,152508.00,1.588046024886760044430,7575.41251376319665288480,3.47725166224764746789090
ant,cricket,751973.0,1.665440427360270721279,26794.879127429637366275,11.8475994180886312800598,104830.63305637336,0.232174791272897,499.84023280381183,0.5242204748477238,-1.0,-1.0,-1.0,-1.0,0.0,0.0,-0.020032736760080688,-0.003171086479005974,0.0,0.0,-0.04088450198601419,-0.0063623485153637424,751973.00,1.6654404273602707212790,25742.4133766088736601130,11.77269741417373643992320
ant,moth,751973.0,1.665440427360270721279,26794.879127429637366275,11.8475994180886312800598,104830.63305637336,0.232174791272897,499.84023280381183,0.5242204748477238,-1.0,-1.0,-1.0,-1.0,0.0,0.0,-0.020032736760080688,-0.003171086479005974,0.0,0.0,-0.04088450198601419,-0.0063623485153637424,751973.00,1.6654404273602707212790,25742.4133766088736601130,11.77269741417373643992320
ant,plagiar,751973.0,1.665440427360270721279,26794.879127429637366275,11.8475994180886312800598,104830.63305637336,0.232174791272897,499.84023280381183,0.5242204748477238,-1.0,-1.0,-1.0,-1.0,0.0,0.0,-0.020032736760080688,-0.003171086479005974,0.0,0.0,-0.04088450198601419,-0.0063623485153637424,751973.00,1.6654404273602707212790,25742.4133766088736601130,11.77269741417373643992320
ant,presid,751973.0,1.665440427360270721279,26794.879127429637366275,11.8475994180886312800598,104830.63305637336,0.232174791272897,499.84023280381183,0.5242204748477238,-1.0,-1.0,-1.0,-1.0,0.0,0.0,-0.020032736760080688,-0.003171086479005974,0.0,0.0,-0.04088450198601419,-0.0063623485153637424,751973.00,1.6654404273602707212790,25742.4133766088736601130,11.77269741417373643992320
ant,riser,751973.0,1.665440427360270721279,26794.879127429637366275,11.8475994180886312800598,104830.63305637336,0.232174791272897,499.84023280381183,0.5242204748477238,-1.0,-1.0,-1.0,-1.0,0.0,0.0,-0.020032736760080688,-0.003171086479005974,0.0,0.0,-0.04088450198601419,-0.0063623485153637424,751973.00,1.6654404273602707212790,25742.4133766088736601130,11.77269741417373643992320
appl,core,1609141.0,1.889736657913650500245,29610.3765227543390142507,14.806174836244925279399573,288321.62815335236,0.33859801595431255,505.2161074144759,0.7814460887506719,-1.0,-1.0,-1.0,-1.0,0.0,0.0,-0.02163553301832426,-0.0031773823381505153,0.0,0.0,-0.04422796155929789,-0.006375020554014703,1609141.00,1.8897366579136505002450,28356.23792197492680292530,14.7123830916371997529724730
appl,nonconformist,1609141.0,1.889736657913650500245,29610.3765227543390142507,14.806174836244925279399573,288321.62815335236,0.33859801595431255,505.2161074144759,0.7814460887506719,-1.0,-1.0,-1.0,-1.0,0.0,0.0,-0.02163553301832426,-0.0031773823381505153,0.0,0.0,-0.04422796155929789,-0.006375020554014703,1609141.00,1.8897366579136505002450,28356.23792197492680292530,14.7123830916371997529724730
apricot,compromis,82561.0,2.34295362960440432978,4272.11412561570771519,4.2219892429931473802005,24483.457823599998,0.6948027079743458,225.7464113778296,0.4850594684308219,-1.0,-1.0,-1.0,-1.0,0.0,0.0,-0.007305072642206739,-4.8677550845147407E-4,0.0,0.0,-0.01471765885144651,-9.740251484898488E-4,82561.00,2.342953629604404329780,4210.150565873950425310,4.21788092090285247943750
apricot,juic,82561.0,2.34295362960440432978,4272.11412561570771519,4.2219892429931473802005,24483.457823599998,0.6948027079743458,225.7464113778296,0.4850594684308219,-1.0,-1.0,-1.0,-1.0,0.0,0.0,-0.007305072642206739,-4.8677550845147407E-4,0.0,0.0,-0.01471765885144651,-9.740251484898488E-4,82561.00,2.342953629604404329780,4210.150565873950425310,4.21788092090285247943750
apricot,pre-school,82561.0,2.34295362960440432978,4272.11412561570771519,4.2219892429931473802005,24483.457823599998,0.6948027079743458,225.7464113778296,0.4850594684308219,-1.0,-1.0,-1.0,-1.0,0.0,0.0,-0.007305072642206739,-4.8677550845147407E-4,0.0,0.0,-0.01471765885144651,-9.740251484898488E-4,82561.00,2.342953629604404329780,4210.150565873950425310,4.21788092090285247943750
apricot,stockist,82561.0,2.34295362960440432978,4272.11412561570771519,4.2219892429931473802005,24483.457823599998,0.6948027079743458,225.7464113778296,0.4850594684308219,-1.0,-1.0,-1.0,-1.0,0.0,0.0,-0.007305072642206739,-4.8677550845147407E-4,0.0,0.0,-0.01471765885144651,-9.740251484898488E-4,82561.00,2.342953629604404329780,4210.150565873950425310,4.21788092090285247943750
ax,handshak,1676824.0,1.654560237444940852677,29088.4513832101791976026,11.88348728758296671566194,241785.93921897112,0.238575665069792,487.52846190223516,0.4889393110797997,-1.0,-1.0,-1.0,-1.0,0.0,0.0,-0.03895059149115472,-0.006909932202378395,0.0,0.0,-0.08105845786137068,-0.013916023181467457,1676824.00,1.6545602374449408526770,26907.38060618395465096660,11.720386122605045410223900
ax,head,1676824.0,1.654560237444940852677,29088.4513832101791976026,11.88348728758296671566194,241785.93921897112,0.238575665069792,487.52846190223516,0.4889393110797997,-1.0,-1.0,-1.0,-1.0,0.0,0.0,-0.03895059149115472,-0.006909932202378395,0.0,0.0,-0.08105845786137068,-0.013916023181467457,1676824.00,1.6545602374449408526770,26907.38060618395465096660,11.720386122605045410223900
ax,knife,1676824.0,1.654560237444940852677,29088.4513832101791976026,11.88348728758296671566194,241785.93921897112,0.238575665069792,487.52846190223516,0.4889393110797997,-1.0,-1.0,-1.0,-1.0,0.0,0.0,-0.03895059149115472,-0.006909932202378395,0.0,0.0,-0.08105845786137068,-0.013916023181467457,1676824.00,1.6545602374449408526770,26907.38060618395465096660,11.720386122605045410223900
ax,plier,1676824.0,1.654560237444940852677,29088.4513832101791976026,11.88348728758296671566194,241785.93921897112,0.238575665069792,487.52846190223516,0.4889393110797997,-1.0,-1.0,-1.0,-1.0,0.0,0.0,-0.03895059149115472,-0.006909932202378395,0.0,0.0,-0.08105845786137068,-0.013916023181467457,1676824.00,1.6545602374449408526770,26907.38060618395465096660,11.720386122605045410223900
ax,scalpel,1676824.0,1.654560237444940852677,29088.4513832101791976026,11.88348728758296671566194,241785.93921897112,0.238575665069792,487.52846190223516,0.4889393110797997,-1.0,-1.0,-1.0,-1.0,0.0,0.0,-0.03895059149115472,-0.006909932202378395,0.0,0.0,-0.08105845786137068,-0.013916023181467457,1676824.00,1.6545602374449408526770,26907.38060618395465096660,11.720386122605045410223900
ax,shovel,1676824.0,1.654560237444940852677,29088.4513832101791976026,11.88348728758296671566194,241785.93921897112,0.238575665069792,487.52846190223516,0.4889393110797997,-1.0,-1.0,-1.0,-1.0,0.0,0.0,-0.03895059149115472,-0.006909932202378395,0.0,0.0,-0.08105845786137068,-0.013916023181467457,1676824.00,1.6545602374449408526770,26907.38060618395465096660,11.720386122605045410223900
ax,spade,1676824.0,1.654560237444940852677,29088.4513832101791976026,11.88348728758296671566194,241785.93921897112,0.238575665069792,487.52846190223516,0.4889393110797997,-1.0,-1.0,-1.0,-1.0,0.0,0.0,-0.03895059149115472,-0.006909932202378395,0.0,0.0,-0.08105845786137068,-0.013916023181467457,1676824.00,1.6545602374449408526770,26907.38060618395465096660,11.720386122605045410223900
bag,artefact,2540083.0,1.7347689877942450406601,41102.595266362119958390526,17.1280523221437799031759093,247771.1070504388,0.1556627795459784,567.4424475915062,0.715045102559623,0.48799431181321135,0.6539877181755207,0.05666392691548899,0.028689418019978506,0.1280589028455932,0.29891934787808533,-0.021822137495278192,0.009741885768228157,0.2270429363618465,0.4602585193089932,-0.0446179336739444,0.01929579411438671,2540083.00,1.73476898779424504066010,37414.4729068599415177654740,16.84851669848658533337015070
bag,part,3727257.0,1.6705901388641128997158,38641.029271738462018813126,16.1374334414062653468258093,430606.4197605512,0.19300167350508904,540.7189433933819,0.7007352210685891,-1.0,-1.0,-1.0,-1.0,0.0,0.0,-0.05451689883565965,-0.010075363844945798,0.0,0.0,-0.1153207260257182,-0.020355819982578294,3727257.00,1.67059013886411289971580,34645.6659237653559602628740,15.81549605085978563999365070
bag,post,3727257.0,1.6705901388641128997158,38641.029271738462018813126,16.1374334414062653468258093,430606.4197605512,0.19300167350508904,540.7189433933819,0.7007352210685891,-1.0,-1.0,-1.0,-1.0,0.0,0.0,-0.05451689883565965,-0.010075363844945798,0.0,0.0,-0.1153207260257182,-0.020355819982578294,3727257.00,1.67059013886411289971580,34645.6659237653559602628740,15.81549605085978563999365070
banana,mark,268873.0,2.09326025520253480208,10052.622657366212628572,8.5595916560071754180140,76531.76967116336,0.5958237224003935,327.6617595959514,0.698769826126893,-1.0,-1.0,-1.0,-1.0,0.0,0.0,-0.008742359349443061,-7.694454144125764E-4,0.0,0.0,-0.017638924515538664,-0.0015400758331127894,268873.00,2.093260255202534802080,9878.3786814678941043320,8.54642950646486681325400
banana,strategi,268873.0,2.09326025520253480208,10052.622657366212628572,8.5595916560071754180140,76531.76967116336,0.5958237224003935,327.6617595959514,0.698769826126893,-1.0,-1.0,-1.0,-1.0,0.0,0.0,-0.008742359349443061,-7.694454144125764E-4,0.0,0.0,-0.017638924515538664,-0.0015400758331127894,268873.00,2.093260255202534802080,9878.3786814678941043320,8.54642950646486681325400
battleship,frigat,471864.0,2.100113492222444763726,6775.8083612977196717549,5.46621188567135753236322,152918.28339345168,0.6805896405788179,251.47810868667946,0.9929018105809437,-1.0,-1.0,-1.0,-1.0,0.0,0.0,-0.023382524035019968,-0.0019634036290132792,0.0,0.0,-0.04788471353518648,-0.003934532333087813,471864.00,2.1001134922224447637260,6466.17731299713025065090,5.444789186569951166634320
battleship,gallei,471864.0,2.100113492222444763726,6775.8083612977196717549,5.46621188567135753236322,152918.28339345168,0.6805896405788179,251.47810868667946,0.9929018105809437,-1.0,-1.0,-1.0,-1.0,0.0,0.0,-0.023382524035019968,-0.0019634036290132792,0.0,0.0,-0.04788471353518648,-0.003934532333087813,471864.00,2.1001134922224447637260,6466.17731299713025065090,5.444789186569951166634320
battleship,gun,471864.0,2.100113492222444763726,6775.8083612977196717549,5.46621188567135753236322,152918.28339345168,0.6805896405788179,251.47810868667946,0.9929018105809437,-1.0,-1.0,-1.0,-1.0,0.0,0.0,-0.023382524035019968,-0.0019634036290132792,0.0,0.0,-0.04788471353518648,-0.003934532333087813,471864.00,2.1001134922224447637260,6466.17731299713025065090,5.444789186569951166634320
battleship,skeleton,471864.0,2.100113492222444763726,6775.8083612977196717549,5.46621188567135753236322,152918.28339345168,0.6805896405788179,251.47810868667946,0.9929018105809437,-1.0,-1.0,-1.0,-1.0,0.0,0.0,-0.023382524035019968,-0.0019634036290132792,0.0,0.0,-0.04788471353518648,-0.003934532333087813,471864.00,2.1001134922224447637260,6466.17731299713025065090,5.444789186569951166634320
blous,advowson,8871.0,1.7538552787663108153,878.587592026356852355,1.5514018599126395210345,1935.9656505217235,0.3827531930647931,107.0024867398231,0.41365417896025675,-1.0,-1.0,-1.0,-1.0,0.0,0.0,-0.0036724528443493345,-9.505781060281418E-5,0.0,0.0,-0.007371978933702227,-1.9013369489838722E-4,8871.00,1.75385527876631081530,872.1580611725343508450,1.55110694221853297217550
blous,artifact,404501.0,1.470084134396976264437,12675.243015535378625412,4.13976978745471405014983,49199.76275349303,0.17880744581596927,313.8560856582166,0.2404717841671273,-1.0,-1.0,-1.0,-1.0,0.0,0.0,-0.01586374178798698,-0.0032002232578740085,0.0,0.0,-0.03223891337325251,-0.006420995133713624,404501.00,1.4700841343969762644370,12279.3694863856320240080,4.113357936163386629907970
box,bag,3727257.0,1.6705901388641128997158,38641.029271738462018813126,16.1374334414062653468258093,430606.4197605512,0.19300167350508904,540.7189433933819,0.7007352210685891,-1.0,-1.0,-1.0,-1.0,0.0,0.0,-0.05451689883565965,-0.010075363844945798,0.0,0.0,-0.1153207260257182,-0.020355819982578294,3727257.00,1.67059013886411289971580,34645.6659237653559602628740,15.81549605085978563999365070
butterfli,actuat,1202660.0,1.650212475181499232986,15419.700386731354344280,4.11144736764879740104403,352629.93383148854,0.4838560490339323,333.3200804399313,0.18262828336052359,-1.0,-1.0,-1.0,-1.0,0.0,0.0,-0.04780079464155238,-0.011726634146186188,0.0,0.0,-0.10040082867651243,-0.02373155960963295,1202660.00,1.6502124751814992329860,14012.8033212017166554440,4.016138145840268312337170
butterfli,arrest,15786501.0,1.8251668016094162861253,75401.31686713412388596604,17.867871525847450070109481,2592309.9068878707,0.2997116322062082,703.577653743213,0.4398826409350507,-1.0,-1.0,-1.0,-1.0,0.0,0.0,-0.11185237115927932,-0.03407696382159131,0.0,0.0,-0.2518778804944347,-0.07055834170062633,15786501.00,1.82516680160941628612530,60230.568845384535136238160,16.6902361411369651089681390
catfish,anim,13560998.0,1.5605524593578500099084,88968.5550471211617976072,23.07794015664906597079634,1438141.548496531,0.16549632485831559,736.4989618508077,0.5004885846093539,-1.0,-1.0,-1.0,-1.0,0.0,0.0,-0.09252083143555387,-0.02840004144891754,0.0,0.0,-0.2039073394531223,-0.05846035953165264,13560998.00,1.56055245935785000990840,73899.83608500578842491860,21.803310770051501146869100
cathedr,arch,5132411.0,1.3735860115268144766593,49832.2021094638497718121,17.979296430192254475599957,706293.506208998,0.18902517358039078,598.6919999796139,0.9033615478730264,-1.0,-1.0,-1.0,-1.0,0.0,0.0,-0.0708064250598866,-0.014994777985046103,0.0,0.0,-0.1524040350030403,-0.030446088304734813,5132411.00,1.37358601152681447665930,43241.95385981304769426010,17.4480709221492233891476370
coat,artifact,404501.0,1.470084134396976264437,12675.243015535378625412,4.13976978745471405014983,49199.76275349303,0.17880744581596927,313.8560856582166,0.2404717841671273,-1.0,-1.0,-1.0,-1.0,0.0,0.0,-0.01586374178798698,-0.0032002232578740085,0.0,0.0,-0.03223891337325251,-0.006420995133713624,404501.00,1.4700841343969762644370,12279.3694863856320240080,4.113357936163386629907970
cod,anim,13560998.0,1.5605524593578500099084,88968.5550471211617976072,23.07794015664906597079634,1438141.548496531,0.16549632485831559,736.4989618508077,0.5004885846093539,-1.0,-1.0,-1.0,-1.0,0.0,0.0,-0.09252083143555387,-0.02840004144891754,0.0,0.0,-0.2039073394531223,-0.05846035953165264,13560998.00,1.56055245935785000990840,73899.83608500578842491860,21.803310770051501146869100
coyot,amygdala,58929.0,1.73785720605149071770,2424.18687729903274431,2.982137453061628642885,18790.916395961107,0.5541571970851723,169.99846868427855,0.522044252002038,-1.0,-1.0,-1.0,-1.0,0.0,0.0,-0.0067174663728495525,-3.036249460170049E-4,0.0,0.0,-0.013525791797263384,-6.074343242479185E-4,58929.00,1.737857206051490717700,2391.835409536322242390,2.9803271000835516324150
cypress,analysi,35967570.0,1.53665161711573861916850,88452.88658830000389844276,27.862271655832278786089585,1.0447487286458883E7,0.44635064958609,716.3803250737335,0.632885972185076,-1.0,-1.0,-1.0,-1.0,0.0,0.0,-0.1414089510022311,-0.04042845590476702,0.0,0.0,-0.32939768279042136,-0.08426355732106763,35967570.00,1.536651617115738619168500,66536.061957499696476074640,25.6969548295736165168324150
deer,antler,48720.0,1.57399928924498434702,4094.15333746526225637,2.8603734778453925098975,8969.753619804727,0.28978624429957445,207.67763611183872,0.36719826218142604,-1.0,-1.0,-1.0,-1.0,0.0,0.0,-0.008716571174635436,-6.1932603836779E-4,0.0,0.0,-0.01758643576835388,-0.0012394196816168707,48720.00,1.573999289244984347020,4023.396139684065482070,2.85683266321551725673650
falcon,arrog,785370.0,1.772912278800766610682,20572.85057118469979006064,5.968452567915393846273497,136593.6462285124,0.3083496347004567,404.9636799465479,0.2149092215376252,-1.0,-1.0,-1.0,-1.0,0.0,0.0,-0.02051951581863705,-0.004336428103092541,0.0,0.0,-0.04189877419719494,-0.008710629223545685,785370.00,1.7729122788007666106820,19745.536784066683014520960,5.9169125366603959678773030
fork,artifact,404501.0,1.470084134396976264437,12675.243015535378625412,4.13976978745471405014983,49199.76275349303,0.17880744581596927,313.8560856582166,0.2404717841671273,-1.0,-1.0,-1.0,-1.0,0.0,0.0,-0.01586374178798698,-0.0032002232578740085,0.0,0.0,-0.03223891337325251,-0.006420995133713624,404501.00,1.4700841343969762644370,12279.3694863856320240080,4.113357936163386629907970
frog,allig,57264.0,1.69676138552253400797,6079.266891488532029888,5.4214742859426736839351,9021.613824588148,0.26731499672844083,267.07502808229503,0.5153505161037774,-1.0,-1.0,-1.0,-1.0,0.0,0.0,-0.003382634104725252,-2.7148839711104095E-4,0.0,0.0,-0.006788230308803794,-5.431242461531022E-4,57264.00,1.696761385522534007970,6038.2776719826064923680,5.41853135018784595895170
frog,amphibian,94411.0,2.04529896013864806245,3991.854926294957087871,3.400179786487208690588,32718.799657077885,0.7088128175276838,207.90676198901122,0.7289845335175792,-1.0,-1.0,-1.0,-1.0,0.0,0.0,-0.009713109298529287,-6.736746318568379E-4,0.0,0.0,-0.01961675831465162,-0.0013482575506227397,94411.00,2.045298960138648062450,3915.0542532207762364890,3.3956016409359098851840
giraff,anim,13560998.0,1.5605524593578500099084,88968.5550471211617976072,23.07794015664906597079634,1438141.548496531,0.16549632485831559,736.4989618508077,0.5004885846093539,-1.0,-1.0,-1.0,-1.0,0.0,0.0,-0.09252083143555387,-0.02840004144891754,0.0,0.0,-0.2039073394531223,-0.05846035953165264,13560998.00,1.56055245935785000990840,73899.83608500578842491860,21.803310770051501146869100
goat,antelop,117116.0,1.74227908360606963066,8165.91011371899088202,7.0367169758768800215489,22000.43654112345,0.32729004077839113,303.7052898843691,0.5422116030970756,-1.0,-1.0,-1.0,-1.0,0.0,0.0,-0.006966216000681443,-4.952976898377382E-4,0.0,0.0,-0.014030169190469803,-9.910862624116787E-4,117116.00,1.742279083606069630660,8052.926196700910597680,7.02974988733535190741970
grape,barbar,424542.0,1.701209763056344722900,19789.594033887425404905,7.14901955916603013437136,59799.83115360778,0.2396277790834323,415.7851465038118,0.3098365685847681,-1.0,-1.0,-1.0,-1.0,0.0,0.0,-0.015605291672954045,-0.0028186448246439446,0.0,0.0,-0.031705354652860424,-0.0056532240800837704,424542.00,1.7012097630563447229000,19181.4396858937134839950,7.108831740389993608079040
grapefruit,assess,16837780.0,1.4765024516329078307696,52871.1877405564898175997,13.959947598409526056586974,2602023.326503819,0.2281710427852664,526.9800488477325,0.3899222722918783,-1.0,-1.0,-1.0,-1.0,0.0,0.0,-0.22133048145152037,-0.05903898737124429,0.0,0.0,-0.5684837435632596,-0.12548657506288707,16837780.00,1.47650245163290783076960,33708.47033482442006666110,12.4034776670965690003140860
grasshopp,anim,13560998.0,1.5605524593578500099084,88968.5550471211617976072,23.07794015664906597079634,1438141.548496531,0.16549632485831559,736.4989618508077,0.5004885846093539,-1.0,-1.0,-1.0,-1.0,0.0,0.0,-0.09252083143555387,-0.02840004144891754,0.0,0.0,-0.2039073394531223,-0.05846035953165264,13560998.00,1.56055245935785000990840,73899.83608500578842491860,21.803310770051501146869100
grasshopp,axi,2920789.0,1.5456592466840806016804,26450.4949147726647952193,9.559467704656097215761304,653809.7252832815,0.34599111659763254,431.8355436352322,0.5119183418218162,-1.0,-1.0,-1.0,-1.0,0.0,0.0,-0.07784232446702277,-0.014316804710297691,0.0,0.0,-0.1688264957986332,-0.0290495055180277,2920789.00,1.54565924668408060168040,22629.95834698256783802330,9.2896091523253026849432840
guitar,artifact,404501.0,1.470084134396976264437,12675.243015535378625412,4.13976978745471405014983,49199.76275349303,0.17880744581596927,313.8560856582166,0.2404717841671273,-1.0,-1.0,-1.0,-1.0,0.0,0.0,-0.01586374178798698,-0.0032002232578740085,0.0,0.0,-0.03223891337325251,-0.006420995133713624,404501.00,1.4700841343969762644370,12279.3694863856320240080,4.113357936163386629907970
guitar,banjo,21930.0,1.6838144963144963455,2486.14990452726310978,3.441163410955426458255,5445.474634960666,0.41811076742634107,178.46236842046034,0.6073238412003603,-1.0,-1.0,-1.0,-1.0,0.0,0.0,-0.006861832924596383,-2.2640237292793856E-4,0.0,0.0,-0.013818485991336189,-4.529072851399491E-4,21930.00,1.68381449631449634550,2452.263337944805489180,3.4396055885263747808710
gun,babi,2210337.0,1.382562354376143489008,34193.0868444307201530365,11.08933756057273256570979,215012.00433231628,0.13448967416679936,505.911327404521,0.4304959031734526,-1.0,-1.0,-1.0,-1.0,0.0,0.0,-0.040095141413066304,-0.009365195414802303,0.0,0.0,-0.08353982387814968,-0.018907462914597942,2210337.00,1.3825623543761434890080,31556.83445214647745772250,10.883557108171079056288350
gun,barrel,1538245.0,1.416233639490605390540,20651.028061474238238558,7.18528731501327639291302,358286.0097115153,0.32986728350315175,392.99506247839423,0.3271522052308006,-1.0,-1.0,-1.0,-1.0,0.0,0.0,-0.04012553491236998,-0.00920083102761992,0.0,0.0,-0.08360579715745808,-0.01857254490264193,1538245.00,1.4162336394906053905400,19057.6943346432191413460,7.054271540079716804128120
hammer,ashram,290623.0,1.78870240095521214910,9572.679181918733588626,13.2201264391996575151608,52582.20968160239,0.3236286347089274,352.31343041242104,1.0523940538304266,-1.0,-1.0,-1.0,-1.0,0.0,0.0,-0.011857734682002444,-6.751617003451916E-4,0.0,0.0,-0.024000055656330954,-0.0013512357032853808,290623.00,1.788702400955212149100,9348.3190054937472089140,13.20228703758944487594320
jacket,apparel,244048.0,1.74893400505944488225,11862.399712790229853374,4.9564404904768022850493,42593.7720095321,0.30524198629458077,329.0083203334165,0.3931132749349932,-1.0,-1.0,-1.0,-1.0,0.0,0.0,-0.011680847177174044,-0.0020341738104237253,0.0,0.0,-0.023637803929654384,-0.004076640215608562,244048.00,1.748934005059444882250,11588.4736449274671069920,4.93631690247518366479550
jet,airplan,223135.0,1.44962514454997856384,9545.331816108202801822,3.9584152223500960573571,24161.116509797306,0.15696579206759942,286.71418693779714,0.26010392680235633,-1.0,-1.0,-1.0,-1.0,0.0,0.0,-0.014834362421596976,-0.0020648837265176754,0.0,0.0,-0.030115468619187204,-0.004138312587352217,223135.00,1.449625144549978563840,9266.2736429957623937420,3.94210157378667367898250
knife,artefact,61672.0,1.48732666103943084755,4662.345568320919939163,1.7564980722030318424857,7939.278304732742,0.19146939116683329,204.39301332967935,0.17504562413491154,-1.0,-1.0,-1.0,-1.0,0.0,0.0,-0.005729097334971033,-9.83802233241896E-4,0.0,0.0,-0.011524218036784235,-0.0019695421064065384,61672.00,1.487326661039430847550,4609.2278219199028855430,1.75304537552150098402390
lime,amaz,3717495.0,1.6669925172450439594473,26807.6394215940461998056781,6.41094621127695614338954753,527605.5158989527,0.2365879300606363,419.9112631183015,0.20300936156516483,-1.0,-1.0,-1.0,-1.0,0.0,0.0,-0.0683345899445985,-0.020692426215886052,0.0,0.0,-0.14669341419584309,-0.0422592998763995,3717495.00,1.66699251724504395944730,23378.20998160506187021227810,6.151008882374303475552087530
moth,atroc,292432.0,1.37347473627849740591,8832.50276418023963970486,4.413073866601557238238665,56048.47989018079,0.2632446898286669,274.61526203550585,0.5005106663036536,-1.0,-1.0,-1.0,-1.0,0.0,0.0,-0.01540913796517129,-0.0022279153624401543,0.0,0.0,-0.031300591056320826,-0.0044657801049814766,292432.00,1.373474736278497405910,8564.431011460444127178860,4.3934536686160936087700650
motorcycl,ambul,152508.0,1.58804602488676004443,7798.5824458808932710252,3.4910001849100267001955,23315.70166218465,0.24278337754136145,266.3591845896556,0.2739534719508455,-1.0,-1.0,-1.0,-1.0,0.0,0.0,-0.014516066429285667,-0.0019730232149957677,0.0,0.0,-0.029459772878669774,-0.003953847462824241,152508.00,1.588046024886760044430,7575.41251376319665288480,3.47725166224764746789090
motorcycl,artifact,404501.0,1.470084134396976264437,12675.243015535378625412,4.13976978745471405014983,49199.76275349303,0.17880744581596927,313.8560856582166,0.2404717841671273,-1.0,-1.0,-1.0,-1.0,0.0,0.0,-0.01586374178798698,-0.0032002232578740085,0.0,0.0,-0.03223891337325251,-0.006420995133713624,404501.00,1.4700841343969762644370,12279.3694863856320240080,4.113357936163386629907970
motorcycl,assault,2167121.0,1.691443195814009405703,30146.028022266495000718,7.928708992075300428206627,285992.22814440256,0.22321762760387517,453.91433973013653,0.27809948812034746,-1.0,-1.0,-1.0,-1.0,0.0,0.0,-0.045788492974383074,-0.01100551577708262,0.0,0.0,-0.09597137036653622,-0.022255969982946835,2167121.00,1.6914431958140094057030,27506.2185357857202286620,7.7560896926897539070640270
piano,back,26723042.0,1.2889372335388243534362,55706.66911177486796046132,9.386543940367872266575839,9321421.86098548,0.44960179706138786,514.2859089587847,0.42696472718674255,-1.0,-1.0,-1.0,-1.0,0.0,0.0,-0.4180922943185469,-0.18309794339439361,0.0,0.0,-1.4369711562039984,-0.44827391953253903,26723042.00,1.28893723353882435343620,22858.977616521152168810080,6.4811937947467684207892010
pigeon,astronom,282963.0,1.625206049084194389254,13133.779229545422433832,6.9492289947385307750258,35182.24187001164,0.20207020814553892,358.0730422950228,0.42580521261905224,-1.0,-1.0,-1.0,-1.0,0.0,0.0,-0.013269763973706952,-0.0015545701820372734,0.0,0.0,-0.02689643732241597,-0.0031139812664988686,282963.00,1.6252060490841943892540,12789.7797209143430016580,6.92765640248046565792000
pine,acacia,37702.0,1.7794034359071172423,4857.83067807791419368,5.1639482930921967207067,7389.790660093153,0.34877244950411335,249.19320425489062,0.4692971981150297,-1.0,-1.0,-1.0,-1.0,0.0,0.0,-0.002496623428041559,-1.2736710049681424E-4,0.0,0.0,-0.005005744314613769,-2.5476664988312737E-4,37702.00,1.77940343590711724230,4833.634738466913828520,5.16263302637149206464130
pistol,angl,8024754.0,1.4755473621093196057712,42164.4003145170895932885,13.77544012438045130589355,1541292.1182455972,0.2834042662637604,528.3273595987301,0.5211558127314794,-1.0,-1.0,-1.0,-1.0,0.0,0.0,-0.12301652371275582,-0.02771111179924584,0.0,0.0,-0.28054467852359716,-0.05700180704631105,8024754.00,1.47554736210931960577120,32926.92634756836134425410,13.032560618675366026402410
poplar,angiosperm,20313.0,1.8346278901734103880,2236.928876904711872644,4.117042746449977026711,3144.0116093933243,0.2839605861085011,174.3624666204086,0.6539193524708764,-1.0,-1.0,-1.0,-1.0,0.0,0.0,-0.0023736647308433534,-8.741432793554326E-5,0.0,0.0,-0.004758624841640625,-1.7484393973657222E-4,20313.00,1.83462789017341038800,2226.3345858387359713560,4.1163230323137788921430
rabbit,anim,13560998.0,1.5605524593578500099084,88968.5550471211617976072,23.07794015664906597079634,1438141.548496531,0.16549632485831559,736.4989618508077,0.5004885846093539,-1.0,-1.0,-1.0,-1.0,0.0,0.0,-0.09252083143555387,-0.02840004144891754,0.0,0.0,-0.2039073394531223,-0.05846035953165264,13560998.00,1.56055245935785000990840,73899.83608500578842491860,21.803310770051501146869100
radio,author,35285967.0,1.49295358757260311583536,107276.254471119162587698063,24.4718020011307447299840168,5182982.402503119,0.21929262055203705,741.5636727187232,0.4136566804731041,-1.0,-1.0,-1.0,-1.0,0.0,0.0,-0.15813914267003837,-0.060100642979206566,0.0,0.0,-0.3756895009267708,-0.12788740098665044,35285967.00,1.492953587572603115835360,77979.9906874695081990256770,21.69702576668855834161880520
rake,artefact,61672.0,1.48732666103943084755,4662.345568320919939163,1.7564980722030318424857,7939.278304732742,0.19146939116683329,204.39301332967935,0.17504562413491154,-1.0,-1.0,-1.0,-1.0,0.0,0.0,-0.005729097334971033,-9.83802233241896E-4,0.0,0.0,-0.011524218036784235,-0.0019695421064065384,61672.00,1.487326661039430847550,4609.2278219199028855430,1.75304537552150098402390
revolv,artefact,61672.0,1.48732666103943084755,4662.345568320919939163,1.7564980722030318424857,7939.278304732742,0.19146939116683329,204.39301332967935,0.17504562413491154,-1.0,-1.0,-1.0,-1.0,0.0,0.0,-0.005729097334971033,-9.83802233241896E-4,0.0,0.0,-0.011524218036784235,-0.0019695421064065384,61672.00,1.487326661039430847550,4609.2278219199028855430,1.75304537552150098402390
robe,arch,5132411.0,1.3735860115268144766593,49832.2021094638497718121,17.979296430192254475599957,706293.506208998,0.18902517358039078,598.6919999796139,0.9033615478730264,-1.0,-1.0,-1.0,-1.0,0.0,0.0,-0.0708064250598866,-0.014994777985046103,0.0,0.0,-0.1524040350030403,-0.030446088304734813,5132411.00,1.37358601152681447665930,43241.95385981304769426010,17.4480709221492233891476370
robe,artefact,61672.0,1.48732666103943084755,4662.345568320919939163,1.7564980722030318424857,7939.278304732742,0.19146939116683329,204.39301332967935,0.17504562413491154,-1.0,-1.0,-1.0,-1.0,0.0,0.0,-0.005729097334971033,-9.83802233241896E-4,0.0,0.0,-0.011524218036784235,-0.0019695421064065384,61672.00,1.487326661039430847550,4609.2278219199028855430,1.75304537552150098402390
salmon,anim,13560998.0,1.5605524593578500099084,88968.5550471211617976072,23.07794015664906597079634,1438141.548496531,0.16549632485831559,736.4989618508077,0.5004885846093539,-1.0,-1.0,-1.0,-1.0,0.0,0.0,-0.09252083143555387,-0.02840004144891754,0.0,0.0,-0.2039073394531223,-0.05846035953165264,13560998.00,1.56055245935785000990840,73899.83608500578842491860,21.803310770051501146869100
scarf,artefact,61672.0,1.48732666103943084755,4662.345568320919939163,1.7564980722030318424857,7939.278304732742,0.19146939116683329,204.39301332967935,0.17504562413491154,-1.0,-1.0,-1.0,-1.0,0.0,0.0,-0.005729097334971033,-9.83802233241896E-4,0.0,0.0,-0.011524218036784235,-0.0019695421064065384,61672.00,1.487326661039430847550,4609.2278219199028855430,1.75304537552150098402390
scooter,artifact,404501.0,1.470084134396976264437,12675.243015535378625412,4.13976978745471405014983,49199.76275349303,0.17880744581596927,313.8560856582166,0.2404717841671273,-1.0,-1.0,-1.0,-1.0,0.0,0.0,-0.01586374178798698,-0.0032002232578740085,0.0,0.0,-0.03223891337325251,-0.006420995133713624,404501.00,1.4700841343969762644370,12279.3694863856320240080,4.113357936163386629907970
screwdriv,ax,1676824.0,1.654560237444940852677,29088.4513832101791976026,11.88348728758296671566194,241785.93921897112,0.238575665069792,487.52846190223516,0.4889393110797997,-1.0,-1.0,-1.0,-1.0,0.0,0.0,-0.03895059149115472,-0.006909932202378395,0.0,0.0,-0.08105845786137068,-0.013916023181467457,1676824.00,1.6545602374449408526770,26907.38060618395465096660,11.720386122605045410223900
sheep,addit,10039273.0,1.1407927720317354204292,23772.8129528070302291546,4.095391693260833699632006,6291882.497350773,0.7149655234448498,361.7565588573041,0.24508709024375291,-1.0,-1.0,-1.0,-1.0,0.0,0.0,-0.3250478592845383,-0.1349449716249169,0.0,0.0,-0.9631730597668201,-0.3119916472328868,10039273.00,1.14079277203173542042920,12109.38222411767152462260,3.1215074439676488662452340
sheep,advocaci,222236.0,1.42140070354972819255,6338.1010382114981392003,1.78282418738963692040715,88223.9496395395,0.5642721435211991,218.69691970283387,0.14076804573136859,-1.0,-1.0,-1.0,-1.0,0.0,0.0,-0.017663504547964358,-0.003582555609884623,0.0,0.0,-0.03596222807508796,-0.00719087292189555,222236.00,1.421400703549728192550,6118.08120648208024567170,1.770095654478681189054450
strawberri,aton,803155.0,1.631778803566059015660,12651.2205699533390754157,3.59629366854201177613772,240508.52736025807,0.48864380726429724,304.4102166114064,0.19821890814310783,-1.0,-1.0,-1.0,-1.0,0.0,0.0,-0.04090838622944624,-0.009011061929534348,0.0,0.0,-0.08530652472003132,-0.018185999022510994,803155.00,1.6317788035660590156600,11656.81794202507261433430,3.532059635464012698970620
sweater,arrang,33291921.0,1.5929945301092805811256,92346.749070944716694872793,18.741870970381794118638308,3833206.7129497463,0.18341619056788946,671.8839107279994,0.33079975508767784,-1.0,-1.0,-1.0,-1.0,0.0,0.0,-0.1798513225610938,-0.06757391208956287,0.0,0.0,-0.4385822412656176,-0.14494213099720474,33291921.00,1.59299453010928058112560,64192.8882631701808425086070,16.3692735754760609606401840
sword,annihil,1394597.0,1.655341413417244011027,24203.35371703662545345187,6.065114569180316066849857,153308.94850268852,0.1819727501951832,407.07447408126075,0.2057185334092757,-1.0,-1.0,-1.0,-1.0,0.0,0.0,-0.03312822570547264,-0.007648485132169841,0.0,0.0,-0.06852661663361612,-0.01541487067350027,1394597.00,1.6553414134172440110270,22651.147234206558731524130,5.9730409159336728979757430
televis,antenna,453030.0,1.531836763676570534332,14226.7830229253603828401,8.12575724903347094878808,46679.89335891846,0.15783938540867734,358.9686078543784,0.5228078352532752,-1.0,-1.0,-1.0,-1.0,0.0,0.0,-0.013509499744095523,-0.0015291118938040174,0.0,0.0,-0.027389011329741215,-0.0030629073156139596,453030.00,1.5318367636765705343320,13847.51332361609668463110,8.100944805924021358483240
train,archiv,6499255.0,1.5683783980098133946177,61289.925388547543133301805,21.5023907159929339393588958,1624686.2151464818,0.3920638232197485,698.9772444569879,0.48890997881129905,-1.0,-1.0,-1.0,-1.0,0.0,0.0,-0.041982623643153666,-0.009814050216908912,0.0,0.0,-0.08764480619924747,-0.019822640826319068,6499255.00,1.56837839800981339461770,56351.0486504541253601694050,21.08444140695921204015560180
train,artifact,404501.0,1.470084134396976264437,12675.243015535378625412,4.13976978745471405014983,49199.76275349303,0.17880744581596927,313.8560856582166,0.2404717841671273,-1.0,-1.0,-1.0,-1.0,0.0,0.0,-0.01586374178798698,-0.0032002232578740085,0.0,0.0,-0.03223891337325251,-0.006420995133713624,404501.00,1.4700841343969762644370,12279.3694863856320240080,4.113357936163386629907970
train,bankruptci,173659.0,1.42243172845371293677,7760.249636992351260152,3.00798053553917780497117,35481.47179867262,0.290626867934674,259.3771448557749,0.23446345871324156,-1.0,-1.0,-1.0,-1.0,0.0,0.0,-0.010686209504543395,-0.001947768990550484,0.0,0.0,-0.021603276143945496,-0.003903140396931876,173659.00,1.422431728453712936770,7596.1479550883115770420,2.996285612125744058590170
truck,autism,365646.0,1.815431209969713494096,3886.053803377127163144,3.3319545258932431665774,158765.89997855332,0.7882721810165997,189.5397111360822,0.6846076141101024,-1.0,-1.0,-1.0,-1.0,0.0,0.0,-0.02219603595914839,-0.0020397469156652544,0.0,0.0,-0.045399766774152826,-0.004087831973991215,365646.00,1.8154312099697134940960,3717.2897171849728788560,3.31838950716370243278860
trumpet,artefact,61672.0,1.48732666103943084755,4662.345568320919939163,1.7564980722030318424857,7939.278304732742,0.19146939116683329,204.39301332967935,0.17504562413491154,-1.0,-1.0,-1.0,-1.0,0.0,0.0,-0.005729097334971033,-9.83802233241896E-4,0.0,0.0,-0.011524218036784235,-0.0019695421064065384,61672.00,1.487326661039430847550,4609.2278219199028855430,1.75304537552150098402390
trumpet,banjo,21930.0,1.6838144963144963455,2486.14990452726310978,3.441163410955426458255,5445.474634960666,0.41811076742634107,178.46236842046034,0.6073238412003603,-1.0,-1.0,-1.0,-1.0,0.0,0.0,-0.006861832924596383,-2.2640237292793856E-4,0.0,0.0,-0.013818485991336189,-4.529072851399491E-4,21930.00,1.68381449631449634550,2452.263337944805489180,3.4396055885263747808710
vest,anaesthesia,154908.0,1.63624264573848934505,6238.68088083170609059,3.3445242223407613537873,25957.052606180077,0.2741758749187211,243.51316667996184,0.27932932713633585,-1.0,-1.0,-1.0,-1.0,0.0,0.0,-0.010176715796140946,-0.001069075283318743,0.0,0.0,-0.02056269226749166,-0.002140438856914869,154908.00,1.636242645738489345050,6112.981522938655995170,3.33738076287558226929050
wardrob,appreci,18418022.0,1.6760926212517515664058,39924.7069808525044606612,8.905097673389585908291369,2116558.097637766,0.19261283377234018,433.51207327250154,0.26270214751501547,-1.0,-1.0,-1.0,-1.0,0.0,0.0,-0.24104074450641136,-0.07188246645386392,0.0,0.0,-0.6351875749895182,-0.15489949032471478,18418022.00,1.67609262125175156640580,24415.97991050563669694960,7.7107122723604315962641710
whale,ador,2897100.0,1.855693875524838347950,32833.14435241594849332435,8.371141159692400206717687,403425.42463756545,0.2584080942083247,487.6245975060914,0.22831785355925052,-1.0,-1.0,-1.0,-1.0,0.0,0.0,-0.04029071716668455,-0.0103655605721784,0.0,0.0,-0.08396442107496493,-0.02094826161905091,2897100.00,1.8556938755248383479500,30289.872724655849781473350,8.1993784351199041922878870
willow,bark,2151117.0,1.683378500098211286167,39249.8776384180878269144,13.36423033992487448897030,330202.80846625153,0.2584035682132285,558.0395010501583,0.43010456127708996,-1.0,-1.0,-1.0,-1.0,0.0,0.0,-0.03358750196188811,-0.006699749204610339,0.0,0.0,-0.06950965975724278,-0.013489877203283667,2151117.00,1.6833785000982112861670,36698.94636325867484073940,13.186348122986042690587900
yacht,advert,799503.0,1.799142625680723728836,6114.595042569849399203,1.59062476607986918513579,230359.191296983,0.5183833460033822,198.85645618673624,0.10585564985049373,-1.0,-1.0,-1.0,-1.0,0.0,0.0,-0.05887729657294091,-0.014435278336264288,0.0,0.0,-0.12512140310406217,-0.029293415275449465,799503.00,1.7991426256807237288360,5434.6091236914387725550,1.545356010709736930090150
