w1,w2,c1,c2,c3,c4,c5,c6,c7,c8,c9,c10,c11,c12,c13,c14,c15,c16,c17,c18,c19,c20,c21,c22,c23,c24
acacia,impact,37702.0,1.7794034359071172423,4857.83067807791419368,5.1639482930921967207067,7389.790660093153,0.34877244950411335,249.19320425489062,0.4692971981150297,-1.0,-1.0,-1.0,-1.0,0.0,0.0,-0.002496623428041559,-1.2736710049681424E-4,0.0,0.0,-0.005005744314613769,-2.5476664988312737E-4,37702.00,1.77940343590711724230,4833.634738466913828520,5.16263302637149206464130
acacia,live,37702.0,1.7794034359071172423,4857.83067807791419368,5.1639482930921967207067,7389.790660093153,0.34877244950411335,249.19320425489062,0.4692971981150297,-1.0,-1.0,-1.0,-1.0,0.0,0.0,-0.002496623428041559,-1.2736710049681424E-4,0.0,0.0,-0.005005744314613769,-2.5476664988312737E-4,37702.00,1.77940343590711724230,4833.634738466913828520,5.16263302637149206464130
acacia,tree,37702.0,1.7794034359071172423,4857.83067807791419368,5.1639482930921967207067,7389.790660093153,0.34877244950411335,249.19320425489062,0.4692971981150297,-1.0,-1.0,-1.0,-1.0,0.0,0.0,-0.002496623428041559,-1.2736710049681424E-4,0.0,0.0,-0.005005744314613769,-2.5476664988312737E-4,37702.00,1.77940343590711724230,4833.634738466913828520,5.16263302637149206464130
allig,messag,57264.0,1.69676138552253400797,6079.266891488532029888,5.4214742859426736839351,9021.613824588148,0.26731499672844083,267.07502808229503,0.5153505161037774,-1.0,-1.0,-1.0,-1.0,0.0,0.0,-0.003382634104725252,-2.7148839711104095E-4,0.0,0.0,-0.006788230308803794,-5.431242461531022E-4,57264.00,1.696761385522534007970,6038.2776719826064923680,5.41853135018784595895170
allig,predat,57264.0,1.69676138552253400797,6079.266891488532029888,5.4214742859426736839351,9021.613824588148,0.26731499672844083,267.07502808229503,0.5153505161037774,-1.0,-1.0,-1.0,-1.0,0.0,0.0,-0.003382634104725252,-2.7148839711104095E-4,0.0,0.0,-0.006788230308803794,-5.431242461531022E-4,57264.00,1.696761385522534007970,6038.2776719826064923680,5.41853135018784595895170
allig,vertebr,57264.0,1.69676138552253400797,6079.266891488532029888,5.4214742859426736839351,9021.613824588148,0.26731499672844083,267.07502808229503,0.5153505161037774,-1.0,-1.0,-1.0,-1.0,0.0,0.0,-0.003382634104725252,-2.7148839711104095E-4,0.0,0.0,-0.006788230308803794,-5.431242461531022E-4,57264.00,1.696761385522534007970,6038.2776719826064923680,5.41853135018784595895170
ambul,Sanskrit,152508.0,1.58804602488676004443,7798.5824458808932710252,3.4910001849100267001955,23315.70166218465,0.24278337754136145,266.3591845896556,0.2739534719508455,-1.0,-1.0,-1.0,-1.0,0.0,0.0,-0.014516066429285667,-0.0019730232149957677,0.0,0.0,-0.029459772878669774,-0.003953847462824241,152508.00,1.588046024886760044430,7575.41251376319665288480,3.47725166224764746789090
ambul,driver,152508.0,1.58804602488676004443,7798.5824458808932710252,3.4910001849100267001955,23315.70166218465,0.24278337754136145,266.3591845896556,0.2739534719508455,-1.0,-1.0,-1.0,-1.0,0.0,0.0,-0.014516066429285667,-0.0019730232149957677,0.0,0.0,-0.029459772878669774,-0.003953847462824241,152508.00,1.588046024886760044430,7575.41251376319665288480,3.47725166224764746789090
ambul,educ,152508.0,1.58804602488676004443,7798.5824458808932710252,3.4910001849100267001955,23315.70166218465,0.24278337754136145,266.3591845896556,0.2739534719508455,-1.0,-1.0,-1.0,-1.0,0.0,0.0,-0.014516066429285667,-0.0019730232149957677,0.0,0.0,-0.029459772878669774,-0.003953847462824241,152508.00,1.588046024886760044430,7575.41251376319665288480,3.47725166224764746789090
ambul,frigat,152508.0,1.58804602488676004443,7798.5824458808932710252,3.4910001849100267001955,23315.70166218465,0.24278337754136145,266.3591845896556,0.2739534719508455,-1.0,-1.0,-1.0,-1.0,0.0,0.0,-0.014516066429285667,-0.0019730232149957677,0.0,0.0,-0.029459772878669774,-0.003953847462824241,152508.00,1.588046024886760044430,7575.41251376319665288480,3.47725166224764746789090
ambul,gasolin,152508.0,1.58804602488676004443,7798.5824458808932710252,3.4910001849100267001955,23315.70166218465,0.24278337754136145,266.3591845896556,0.2739534719508455,-1.0,-1.0,-1.0,-1.0,0.0,0.0,-0.014516066429285667,-0.0019730232149957677,0.0,0.0,-0.029459772878669774,-0.003953847462824241,152508.00,1.588046024886760044430,7575.41251376319665288480,3.47725166224764746789090
ambul,meadow,152508.0,1.58804602488676004443,7798.5824458808932710252,3.4910001849100267001955,23315.70166218465,0.24278337754136145,266.3591845896556,0.2739534719508455,-1.0,-1.0,-1.0,-1.0,0.0,0.0,-0.014516066429285667,-0.0019730232149957677,0.0,0.0,-0.029459772878669774,-0.003953847462824241,152508.00,1.588046024886760044430,7575.41251376319665288480,3.47725166224764746789090
ambul,mirror,152508.0,1.58804602488676004443,7798.5824458808932710252,3.4910001849100267001955,23315.70166218465,0.24278337754136145,266.3591845896556,0.2739534719508455,-1.0,-1.0,-1.0,-1.0,0.0,0.0,-0.014516066429285667,-0.0019730232149957677,0.0,0.0,-0.029459772878669774,-0.003953847462824241,152508.00,1.588046024886760044430,7575.41251376319665288480,3.47725166224764746789090
ambul,navig,152508.0,1.58804602488676004443,7798.5824458808932710252,3.4910001849100267001955,23315.70166218465,0.24278337754136145,266.3591845896556,0.2739534719508455,-1.0,-1.0,-1.0,-1.0,0.0,0.0,-0.014516066429285667,-0.0019730232149957677,0.0,0.0,-0.029459772878669774,-0.003953847462824241,152508.00,1.588046024886760044430,7575.41251376319665288480,3.47725166224764746789090
ambul,onstag,152508.0,1.58804602488676004443,7798.5824458808932710252,3.4910001849100267001955,23315.70166218465,0.24278337754136145,266.3591845896556,0.2739534719508455,-1.0,-1.0,-1.0,-1.0,0.0,0.0,-0.014516066429285667,-0.0019730232149957677,0.0,0.0,-0.029459772878669774,-0.003953847462824241,152508.00,1.588046024886760044430,7575.41251376319665288480,3.47725166224764746789090
ambul,tractor,152508.0,1.58804602488676004443,7798.5824458808932710252,3.4910001849100267001955,23315.70166218465,0.24278337754136145,266.3591845896556,0.2739534719508455,-1.0,-1.0,-1.0,-1.0,0.0,0.0,-0.014516066429285667,-0.0019730232149957677,0.0,0.0,-0.029459772878669774,-0.003953847462824241,152508.00,1.588046024886760044430,7575.41251376319665288480,3.47725166224764746789090
ambul,wheel,152508.0,1.58804602488676004443,7798.5824458808932710252,3.4910001849100267001955,23315.70166218465,0.24278337754136145,266.3591845896556,0.2739534719508455,-1.0,-1.0,-1.0,-1.0,0.0,0.0,-0.014516066429285667,-0.0019730232149957677,0.0,0.0,-0.029459772878669774,-0.003953847462824241,152508.00,1.588046024886760044430,7575.41251376319665288480,3.47725166224764746789090
ant,deadlin,751973.0,1.665440427360270721279,26794.879127429637366275,11.8475994180886312800598,104830.63305637336,0.232174791272897,499.84023280381183,0.5242204748477238,-1.0,-1.0,-1.0,-1.0,0.0,0.0,-0.020032736760080688,-0.003171086479005974,0.0,0.0,-0.04088450198601419,-0.0063623485153637424,751973.00,1.6654404273602707212790,25742.4133766088736601130,11.77269741417373643992320
ant,stead,751973.0,1.665440427360270721279,26794.879127429637366275,11.8475994180886312800598,104830.63305637336,0.232174791272897,499.84023280381183,0.5242204748477238,-1.0,-1.0,-1.0,-1.0,0.0,0.0,-0.020032736760080688,-0.003171086479005974,0.0,0.0,-0.04088450198601419,-0.0063623485153637424,751973.00,1.6654404273602707212790,25742.4133766088736601130,11.77269741417373643992320
appl,flexibl,1609141.0,1.889736657913650500245,29610.3765227543390142507,14.806174836244925279399573,288321.62815335236,0.33859801595431255,505.2161074144759,0.7814460887506719,-1.0,-1.0,-1.0,-1.0,0.0,0.0,-0.02163553301832426,-0.0031773823381505153,0.0,0.0,-0.04422796155929789,-0.006375020554014703,1609141.00,1.8897366579136505002450,28356.23792197492680292530,14.7123830916371997529724730
appl,polythen,1609141.0,1.889736657913650500245,29610.3765227543390142507,14.806174836244925279399573,288321.62815335236,0.33859801595431255,505.2161074144759,0.7814460887506719,-1.0,-1.0,-1.0,-1.0,0.0,0.0,-0.02163553301832426,-0.0031773823381505153,0.0,0.0,-0.04422796155929789,-0.006375020554014703,1609141.00,1.8897366579136505002450,28356.23792197492680292530,14.7123830916371997529724730
apricot,peach,82561.0,2.34295362960440432978,4272.11412561570771519,4.2219892429931473802005,24483.457823599998,0.6948027079743458,225.7464113778296,0.4850594684308219,-1.0,-1.0,-1.0,-1.0,0.0,0.0,-0.007305072642206739,-4.8677550845147407E-4,0.0,0.0,-0.01471765885144651,-9.740251484898488E-4,82561.00,2.342953629604404329780,4210.150565873950425310,4.21788092090285247943750
apricot,peel,82561.0,2.34295362960440432978,4272.11412561570771519,4.2219892429931473802005,24483.457823599998,0.6948027079743458,225.7464113778296,0.4850594684308219,-1.0,-1.0,-1.0,-1.0,0.0,0.0,-0.007305072642206739,-4.8677550845147407E-4,0.0,0.0,-0.01471765885144651,-9.740251484898488E-4,82561.00,2.342953629604404329780,4210.150565873950425310,4.21788092090285247943750
apricot,plai,82561.0,2.34295362960440432978,4272.11412561570771519,4.2219892429931473802005,24483.457823599998,0.6948027079743458,225.7464113778296,0.4850594684308219,-1.0,-1.0,-1.0,-1.0,0.0,0.0,-0.007305072642206739,-4.8677550845147407E-4,0.0,0.0,-0.01471765885144651,-9.740251484898488E-4,82561.00,2.342953629604404329780,4210.150565873950425310,4.21788092090285247943750
apricot,skin,82561.0,2.34295362960440432978,4272.11412561570771519,4.2219892429931473802005,24483.457823599998,0.6948027079743458,225.7464113778296,0.4850594684308219,-1.0,-1.0,-1.0,-1.0,0.0,0.0,-0.007305072642206739,-4.8677550845147407E-4,0.0,0.0,-0.01471765885144651,-9.740251484898488E-4,82561.00,2.342953629604404329780,4210.150565873950425310,4.21788092090285247943750
ax,drill,1676824.0,1.654560237444940852677,29088.4513832101791976026,11.88348728758296671566194,241785.93921897112,0.238575665069792,487.52846190223516,0.4889393110797997,-1.0,-1.0,-1.0,-1.0,0.0,0.0,-0.03895059149115472,-0.006909932202378395,0.0,0.0,-0.08105845786137068,-0.013916023181467457,1676824.00,1.6545602374449408526770,26907.38060618395465096660,11.720386122605045410223900
ax,grandeur,1676824.0,1.654560237444940852677,29088.4513832101791976026,11.88348728758296671566194,241785.93921897112,0.238575665069792,487.52846190223516,0.4889393110797997,-1.0,-1.0,-1.0,-1.0,0.0,0.0,-0.03895059149115472,-0.006909932202378395,0.0,0.0,-0.08105845786137068,-0.013916023181467457,1676824.00,1.6545602374449408526770,26907.38060618395465096660,11.720386122605045410223900
ax,power-up,1676824.0,1.654560237444940852677,29088.4513832101791976026,11.88348728758296671566194,241785.93921897112,0.238575665069792,487.52846190223516,0.4889393110797997,-1.0,-1.0,-1.0,-1.0,0.0,0.0,-0.03895059149115472,-0.006909932202378395,0.0,0.0,-0.08105845786137068,-0.013916023181467457,1676824.00,1.6545602374449408526770,26907.38060618395465096660,11.720386122605045410223900
ax,upholsteri,1676824.0,1.654560237444940852677,29088.4513832101791976026,11.88348728758296671566194,241785.93921897112,0.238575665069792,487.52846190223516,0.4889393110797997,-1.0,-1.0,-1.0,-1.0,0.0,0.0,-0.03895059149115472,-0.006909932202378395,0.0,0.0,-0.08105845786137068,-0.013916023181467457,1676824.00,1.6545602374449408526770,26907.38060618395465096660,11.720386122605045410223900
bag,leather,3727257.0,1.6705901388641128997158,38641.029271738462018813126,16.1374334414062653468258093,430606.4197605512,0.19300167350508904,540.7189433933819,0.7007352210685891,-1.0,-1.0,-1.0,-1.0,0.0,0.0,-0.05451689883565965,-0.010075363844945798,0.0,0.0,-0.1153207260257182,-0.020355819982578294,3727257.00,1.67059013886411289971580,34645.6659237653559602628740,15.81549605085978563999365070
bag,lion,3727257.0,1.6705901388641128997158,38641.029271738462018813126,16.1374334414062653468258093,430606.4197605512,0.19300167350508904,540.7189433933819,0.7007352210685891,-1.0,-1.0,-1.0,-1.0,0.0,0.0,-0.05451689883565965,-0.010075363844945798,0.0,0.0,-0.1153207260257182,-0.020355819982578294,3727257.00,1.67059013886411289971580,34645.6659237653559602628740,15.81549605085978563999365070
bag,summat,3727257.0,1.6705901388641128997158,38641.029271738462018813126,16.1374334414062653468258093,430606.4197605512,0.19300167350508904,540.7189433933819,0.7007352210685891,-1.0,-1.0,-1.0,-1.0,0.0,0.0,-0.05451689883565965,-0.010075363844945798,0.0,0.0,-0.1153207260257182,-0.020355819982578294,3727257.00,1.67059013886411289971580,34645.6659237653559602628740,15.81549605085978563999365070
bag,tabl,3727257.0,1.6705901388641128997158,38641.029271738462018813126,16.1374334414062653468258093,430606.4197605512,0.19300167350508904,540.7189433933819,0.7007352210685891,-1.0,-1.0,-1.0,-1.0,0.0,0.0,-0.05451689883565965,-0.010075363844945798,0.0,0.0,-0.1153207260257182,-0.020355819982578294,3727257.00,1.67059013886411289971580,34645.6659237653559602628740,15.81549605085978563999365070
banana,anti-rac,268873.0,2.09326025520253480208,10052.622657366212628572,8.5595916560071754180140,76531.76967116336,0.5958237224003935,327.6617595959514,0.698769826126893,-1.0,-1.0,-1.0,-1.0,0.0,0.0,-0.008742359349443061,-7.694454144125764E-4,0.0,0.0,-0.017638924515538664,-0.0015400758331127894,268873.00,2.093260255202534802080,9878.3786814678941043320,8.54642950646486681325400
banana,grape,268873.0,2.09326025520253480208,10052.622657366212628572,8.5595916560071754180140,76531.76967116336,0.5958237224003935,327.6617595959514,0.698769826126893,-1.0,-1.0,-1.0,-1.0,0.0,0.0,-0.008742359349443061,-7.694454144125764E-4,0.0,0.0,-0.017638924515538664,-0.0015400758331127894,268873.00,2.093260255202534802080,9878.3786814678941043320,8.54642950646486681325400
banana,masquerad,268873.0,2.09326025520253480208,10052.622657366212628572,8.5595916560071754180140,76531.76967116336,0.5958237224003935,327.6617595959514,0.698769826126893,-1.0,-1.0,-1.0,-1.0,0.0,0.0,-0.008742359349443061,-7.694454144125764E-4,0.0,0.0,-0.017638924515538664,-0.0015400758331127894,268873.00,2.093260255202534802080,9878.3786814678941043320,8.54642950646486681325400
banana,peel,268873.0,2.09326025520253480208,10052.622657366212628572,8.5595916560071754180140,76531.76967116336,0.5958237224003935,327.6617595959514,0.698769826126893,-1.0,-1.0,-1.0,-1.0,0.0,0.0,-0.008742359349443061,-7.694454144125764E-4,0.0,0.0,-0.017638924515538664,-0.0015400758331127894,268873.00,2.093260255202534802080,9878.3786814678941043320,8.54642950646486681325400
banana,skin,268873.0,2.09326025520253480208,10052.622657366212628572,8.5595916560071754180140,76531.76967116336,0.5958237224003935,327.6617595959514,0.698769826126893,-1.0,-1.0,-1.0,-1.0,0.0,0.0,-0.008742359349443061,-7.694454144125764E-4,0.0,0.0,-0.017638924515538664,-0.0015400758331127894,268873.00,2.093260255202534802080,9878.3786814678941043320,8.54642950646486681325400
battleship,bilg,471864.0,2.100113492222444763726,6775.8083612977196717549,5.46621188567135753236322,152918.28339345168,0.6805896405788179,251.47810868667946,0.9929018105809437,-1.0,-1.0,-1.0,-1.0,0.0,0.0,-0.023382524035019968,-0.0019634036290132792,0.0,0.0,-0.04788471353518648,-0.003934532333087813,471864.00,2.1001134922224447637260,6466.17731299713025065090,5.444789186569951166634320
battleship,bulkhead,471864.0,2.100113492222444763726,6775.8083612977196717549,5.46621188567135753236322,152918.28339345168,0.6805896405788179,251.47810868667946,0.9929018105809437,-1.0,-1.0,-1.0,-1.0,0.0,0.0,-0.023382524035019968,-0.0019634036290132792,0.0,0.0,-0.04788471353518648,-0.003934532333087813,471864.00,2.1001134922224447637260,6466.17731299713025065090,5.444789186569951166634320
battleship,car,471864.0,2.100113492222444763726,6775.8083612977196717549,5.46621188567135753236322,152918.28339345168,0.6805896405788179,251.47810868667946,0.9929018105809437,-1.0,-1.0,-1.0,-1.0,0.0,0.0,-0.023382524035019968,-0.0019634036290132792,0.0,0.0,-0.04788471353518648,-0.003934532333087813,471864.00,2.1001134922224447637260,6466.17731299713025065090,5.444789186569951166634320
battleship,comin,471864.0,2.100113492222444763726,6775.8083612977196717549,5.46621188567135753236322,152918.28339345168,0.6805896405788179,251.47810868667946,0.9929018105809437,-1.0,-1.0,-1.0,-1.0,0.0,0.0,-0.023382524035019968,-0.0019634036290132792,0.0,0.0,-0.04788471353518648,-0.003934532333087813,471864.00,2.1001134922224447637260,6466.17731299713025065090,5.444789186569951166634320
battleship,fighter,471864.0,2.100113492222444763726,6775.8083612977196717549,5.46621188567135753236322,152918.28339345168,0.6805896405788179,251.47810868667946,0.9929018105809437,-1.0,-1.0,-1.0,-1.0,0.0,0.0,-0.023382524035019968,-0.0019634036290132792,0.0,0.0,-0.04788471353518648,-0.003934532333087813,471864.00,2.1001134922224447637260,6466.17731299713025065090,5.444789186569951166634320
battleship,insecur,471864.0,2.100113492222444763726,6775.8083612977196717549,5.46621188567135753236322,152918.28339345168,0.6805896405788179,251.47810868667946,0.9929018105809437,-1.0,-1.0,-1.0,-1.0,0.0,0.0,-0.023382524035019968,-0.0019634036290132792,0.0,0.0,-0.04788471353518648,-0.003934532333087813,471864.00,2.1001134922224447637260,6466.17731299713025065090,5.444789186569951166634320
battleship,linguist,471864.0,2.100113492222444763726,6775.8083612977196717549,5.46621188567135753236322,152918.28339345168,0.6805896405788179,251.47810868667946,0.9929018105809437,-1.0,-1.0,-1.0,-1.0,0.0,0.0,-0.023382524035019968,-0.0019634036290132792,0.0,0.0,-0.04788471353518648,-0.003934532333087813,471864.00,2.1001134922224447637260,6466.17731299713025065090,5.444789186569951166634320
battleship,make,471864.0,2.100113492222444763726,6775.8083612977196717549,5.46621188567135753236322,152918.28339345168,0.6805896405788179,251.47810868667946,0.9929018105809437,-1.0,-1.0,-1.0,-1.0,0.0,0.0,-0.023382524035019968,-0.0019634036290132792,0.0,0.0,-0.04788471353518648,-0.003934532333087813,471864.00,2.1001134922224447637260,6466.17731299713025065090,5.444789186569951166634320
battleship,path,471864.0,2.100113492222444763726,6775.8083612977196717549,5.46621188567135753236322,152918.28339345168,0.6805896405788179,251.47810868667946,0.9929018105809437,-1.0,-1.0,-1.0,-1.0,0.0,0.0,-0.023382524035019968,-0.0019634036290132792,0.0,0.0,-0.04788471353518648,-0.003934532333087813,471864.00,2.1001134922224447637260,6466.17731299713025065090,5.444789186569951166634320
battleship,placehold,471864.0,2.100113492222444763726,6775.8083612977196717549,5.46621188567135753236322,152918.28339345168,0.6805896405788179,251.47810868667946,0.9929018105809437,-1.0,-1.0,-1.0,-1.0,0.0,0.0,-0.023382524035019968,-0.0019634036290132792,0.0,0.0,-0.04788471353518648,-0.003934532333087813,471864.00,2.1001134922224447637260,6466.17731299713025065090,5.444789186569951166634320
battleship,raft,471864.0,2.100113492222444763726,6775.8083612977196717549,5.46621188567135753236322,152918.28339345168,0.6805896405788179,251.47810868667946,0.9929018105809437,-1.0,-1.0,-1.0,-1.0,0.0,0.0,-0.023382524035019968,-0.0019634036290132792,0.0,0.0,-0.04788471353518648,-0.003934532333087813,471864.00,2.1001134922224447637260,6466.17731299713025065090,5.444789186569951166634320
battleship,sub-district,471864.0,2.100113492222444763726,6775.8083612977196717549,5.46621188567135753236322,152918.28339345168,0.6805896405788179,251.47810868667946,0.9929018105809437,-1.0,-1.0,-1.0,-1.0,0.0,0.0,-0.023382524035019968,-0.0019634036290132792,0.0,0.0,-0.04788471353518648,-0.003934532333087813,471864.00,2.1001134922224447637260,6466.17731299713025065090,5.444789186569951166634320
battleship,van,471864.0,2.100113492222444763726,6775.8083612977196717549,5.46621188567135753236322,152918.28339345168,0.6805896405788179,251.47810868667946,0.9929018105809437,-1.0,-1.0,-1.0,-1.0,0.0,0.0,-0.023382524035019968,-0.0019634036290132792,0.0,0.0,-0.04788471353518648,-0.003934532333087813,471864.00,2.1001134922224447637260,6466.17731299713025065090,5.444789186569951166634320
bomb,agent,12645921.0,1.5868200259293482990256,84878.0358775405751946498,26.452102856739649712741406,1162837.8346850432,0.14591379805286997,765.4596273897242,0.6147949368488357,-1.0,-1.0,-1.0,-1.0,0.0,0.0,-0.05629176901883209,-0.015002805973573645,0.0,0.0,-0.11929909514576524,-0.030462636979189474,12645921.00,1.58682002592934829902560,75831.41650488602339467960,25.6701232121178387391449060
butterfli,antenna,453030.0,1.531836763676570534332,14226.7830229253603828401,8.12575724903347094878808,46679.89335891846,0.15783938540867734,358.9686078543784,0.5228078352532752,-1.0,-1.0,-1.0,-1.0,0.0,0.0,-0.013509499744095523,-0.0015291118938040174,0.0,0.0,-0.027389011329741215,-0.0030629073156139596,453030.00,1.5318367636765705343320,13847.51332361609668463110,8.100944805924021358483240
cannon,achiev,45648994.0,1.52544139778289834730669,63795.91659255724377837981,16.811118288681322758104970,4839663.975427426,0.16172588117660494,534.2119877860198,0.5168670488204393,-1.0,-1.0,-1.0,-1.0,0.0,0.0,-0.41989080479877844,-0.1158211470408063,0.0,0.0,-1.4476267856886202,-0.2619857886290154,45648994.00,1.525441397782898347306690,26064.397139945816023050470,13.3211629165368275762746740
castl,accommod,4622957.0,1.5336598846178089293917,33730.60367773296785810262,7.399603411602641195778133,500928.49177003297,0.16618236615434706,437.94659358562956,0.22656408792945562,-1.0,-1.0,-1.0,-1.0,0.0,0.0,-0.11473130853989856,-0.03189783745150717,0.0,0.0,-0.25920109825790544,-0.06589766800548673,4622957.00,1.53365988461780892939170,26787.304843046106992367220,6.9421330336980825287870130
cathedr,aps,63138.0,1.51708395405834014135,3559.883794421614821048,2.4243642451771708925099,11902.82932751705,0.28600195414284807,189.77715114865694,0.3050058577228541,-1.0,-1.0,-1.0,-1.0,0.0,0.0,-0.008910467445867301,-6.905362721414929E-4,0.0,0.0,-0.01798115539148955,-0.0013820268839754453,63138.00,1.517083954058340141350,3497.0036287681321935080,2.42101833275470647749510
cedar,bathroom,215902.0,1.44902616142498554646,7510.0572572943227089792,3.68157525896091309116808,33011.55688543029,0.22155704697667278,258.1631172315192,0.3081719514637253,-1.0,-1.0,-1.0,-1.0,0.0,0.0,-0.013535378586123126,-0.001860857886398128,0.0,0.0,-0.027442197707451856,-0.0037286542684974414,215902.00,1.449026161424985546460,7309.46935414141361205920,3.667898931951873531779480
chisel,ax,1676824.0,1.654560237444940852677,29088.4513832101791976026,11.88348728758296671566194,241785.93921897112,0.238575665069792,487.52846190223516,0.4889393110797997,-1.0,-1.0,-1.0,-1.0,0.0,0.0,-0.03895059149115472,-0.006909932202378395,0.0,0.0,-0.08105845786137068,-0.013916023181467457,1676824.00,1.6545602374449408526770,26907.38060618395465096660,11.720386122605045410223900
cloak,apron,254176.0,1.72208295505359150643,10832.829913862604880829,6.5854038598313128101619,43096.541554978634,0.29198594530399213,330.60614779674887,0.47429233898491474,-1.0,-1.0,-1.0,-1.0,0.0,0.0,-0.008697273511862894,-0.0010149986593625563,0.0,0.0,-0.017547159468983813,-0.0020320598567554636,254176.00,1.722082955053591506430,10646.0224600457979134810,6.57204906275426250246390
coat,apparel,244048.0,1.74893400505944488225,11862.399712790229853374,4.9564404904768022850493,42593.7720095321,0.30524198629458077,329.0083203334165,0.3931132749349932,-1.0,-1.0,-1.0,-1.0,0.0,0.0,-0.011680847177174044,-0.0020341738104237253,0.0,0.0,-0.023637803929654384,-0.004076640215608562,244048.00,1.748934005059444882250,11588.4736449274671069920,4.93631690247518366479550
coconut,banana,268873.0,2.09326025520253480208,10052.622657366212628572,8.5595916560071754180140,76531.76967116336,0.5958237224003935,327.6617595959514,0.698769826126893,-1.0,-1.0,-1.0,-1.0,0.0,0.0,-0.008742359349443061,-7.694454144125764E-4,0.0,0.0,-0.017638924515538664,-0.0015400758331127894,268873.00,2.093260255202534802080,9878.3786814678941043320,8.54642950646486681325400
corkscrew,artifact,404501.0,1.470084134396976264437,12675.243015535378625412,4.13976978745471405014983,49199.76275349303,0.17880744581596927,313.8560856582166,0.2404717841671273,-1.0,-1.0,-1.0,-1.0,0.0,0.0,-0.01586374178798698,-0.0032002232578740085,0.0,0.0,-0.03223891337325251,-0.006420995133713624,404501.00,1.4700841343969762644370,12279.3694863856320240080,4.113357936163386629907970
cottag,alcohol,3615176.0,1.7272509666640070719122,32929.9215050988293370918784,14.00755040838530079610805164,839863.6524174623,0.401268238532239,496.5905461596643,0.6736391070375146,-1.0,-1.0,-1.0,-1.0,0.0,0.0,-0.05455722021254129,-0.009323070333901754,0.0,0.0,-0.11541094052208233,-0.01882161591679346,3615176.00,1.72725096666400707191220,29522.68111130912826409252160,13.748776222990236348734870360
couch,auspic,463988.0,1.090966376675287995626,3677.3021446154614603866,0.78314561261555351323594,358442.91785722313,0.8428001830642443,154.05695200950277,0.08517622220678285,-1.0,-1.0,-1.0,-1.0,0.0,0.0,-0.08126181712247318,-0.02821430389653041,0.0,0.0,-0.1768987479500585,-0.05806692568054907,463988.00,1.0909663766752879956260,3124.56968028952917199460,0.740166423888388666175140
coyot,bar,7079268.0,1.6068834382871393533188,72615.86868274966617453793,18.552963286234866278907236,693608.6620551967,0.15743834979958335,683.914000873591,0.4393302027188296,-1.0,-1.0,-1.0,-1.0,0.0,0.0,-0.07417898067502751,-0.019824153250636252,0.0,0.0,-0.16024475384910214,-0.04045019741382262,7079268.00,1.60688343828713935331880,62586.681337577383798882130,17.8316687644932210987096560
eleph,anim,13560998.0,1.5605524593578500099084,88968.5550471211617976072,23.07794015664906597079634,1438141.548496531,0.16549632485831559,736.4989618508077,0.5004885846093539,-1.0,-1.0,-1.0,-1.0,0.0,0.0,-0.09252083143555387,-0.02840004144891754,0.0,0.0,-0.2039073394531223,-0.05846035953165264,13560998.00,1.56055245935785000990840,73899.83608500578842491860,21.803310770051501146869100
fighter,airplan,223135.0,1.44962514454997856384,9545.331816108202801822,3.9584152223500960573571,24161.116509797306,0.15696579206759942,286.71418693779714,0.26010392680235633,-1.0,-1.0,-1.0,-1.0,0.0,0.0,-0.014834362421596976,-0.0020648837265176754,0.0,0.0,-0.030115468619187204,-0.004138312587352217,223135.00,1.449625144549978563840,9266.2736429957623937420,3.94210157378667367898250
flute,bagpip,12445.0,1.6020854788877445913,1991.88776084783203642,2.130745743147041749061,1957.6202389636248,0.2520108443568003,159.3185923042575,0.34145402845353096,-1.0,-1.0,-1.0,-1.0,0.0,0.0,-0.0019849455480350484,-8.540487288011604E-5,0.0,0.0,-0.003977786786242481,-1.7082433499084678E-4,12445.00,1.60208547888774459130,1983.995848378193316620,2.1303818220890068059810
frigat,allianc,3312995.0,1.4712103287735958030168,32488.0955043655013995199,10.11832478590206574916059,581286.553110426,0.2581334354302557,471.197286969187,0.39075599617262113,-1.0,-1.0,-1.0,-1.0,0.0,0.0,-0.04403859129877566,-0.010287665702050633,0.0,0.0,-0.09213466338271287,-0.020789203782830834,3312995.00,1.47121032877359580301680,29747.33482383830667575390,9.912256858130625645002110
gorilla,barg,273702.0,1.596367517628737923720,12216.542460004104764112,6.36453296011689399504286,29180.789365608325,0.17019701822428496,338.4818976513936,0.40651880200132273,-1.0,-1.0,-1.0,-1.0,0.0,0.0,-0.014725201139219745,-0.001852008084786902,0.0,0.0,-0.029890546589125586,-0.003710888765569383,273702.00,1.5963675176287379237200,11861.9813537116477575340,6.341002206267206345767740
gorilla,barrier,3541186.0,1.4150197596870417259925,29752.5343583483028007201,9.81723346686878848846447,588078.2180577682,0.23498971779321587,441.82957381941833,0.5199370610816286,-1.0,-1.0,-1.0,-1.0,0.0,0.0,-0.05796184855700945,-0.013062537119099505,0.0,0.0,-0.1230562657536214,-0.02647085070814834,3541186.00,1.41501975968704172599250,26492.46993727692725562030,9.564064542208882061997230
guitar,bagpip,12445.0,1.6020854788877445913,1991.88776084783203642,2.130745743147041749061,1957.6202389636248,0.2520108443568003,159.3185923042575,0.34145402845353096,-1.0,-1.0,-1.0,-1.0,0.0,0.0,-0.0019849455480350484,-8.540487288011604E-5,0.0,0.0,-0.003977786786242481,-1.7082433499084678E-4,12445.00,1.60208547888774459130,1983.995848378193316620,2.1303818220890068059810
gun,adventur,2867927.0,1.447721925317252495584,45426.4216448646033139570,11.77459974670937784973723,557171.8029504006,0.28125884490778136,564.2192860243133,0.29174422526391,-1.0,-1.0,-1.0,-1.0,0.0,0.0,-0.03967790201512895,-0.011805182048151045,0.0,0.0,-0.08263457041838067,-0.023892418445623276,2867927.00,1.4477219253172524955840,41959.14566750783484296580,11.499840739698475938480310
gun,artifact,404501.0,1.470084134396976264437,12675.243015535378625412,4.13976978745471405014983,49199.76275349303,0.17880744581596927,313.8560856582166,0.2404717841671273,-1.0,-1.0,-1.0,-1.0,0.0,0.0,-0.01586374178798698,-0.0032002232578740085,0.0,0.0,-0.03223891337325251,-0.006420995133713624,404501.00,1.4700841343969762644370,12279.3694863856320240080,4.113357936163386629907970
hammer,artefact,61672.0,1.48732666103943084755,4662.345568320919939163,1.7564980722030318424857,7939.278304732742,0.19146939116683329,204.39301332967935,0.17504562413491154,-1.0,-1.0,-1.0,-1.0,0.0,0.0,-0.005729097334971033,-9.83802233241896E-4,0.0,0.0,-0.011524218036784235,-0.0019695421064065384,61672.00,1.487326661039430847550,4609.2278219199028855430,1.75304537552150098402390
hat,apron,254176.0,1.72208295505359150643,10832.829913862604880829,6.5854038598313128101619,43096.541554978634,0.29198594530399213,330.60614779674887,0.47429233898491474,-1.0,-1.0,-1.0,-1.0,0.0,0.0,-0.008697273511862894,-0.0010149986593625563,0.0,0.0,-0.017547159468983813,-0.0020320598567554636,254176.00,1.722082955053591506430,10646.0224600457979134810,6.57204906275426250246390
hat,back,26723042.0,1.2889372335388243534362,55706.66911177486796046132,9.386543940367872266575839,9321421.86098548,0.44960179706138786,514.2859089587847,0.42696472718674255,-1.0,-1.0,-1.0,-1.0,0.0,0.0,-0.4180922943185469,-0.18309794339439361,0.0,0.0,-1.4369711562039984,-0.44827391953253903,26723042.00,1.28893723353882435343620,22858.977616521152168810080,6.4811937947467684207892010
hospit,barlei,362198.0,2.25810634729642960519,10541.121398133057550820,9.1368238639731396632082,102286.55375952403,0.6377006948891455,328.4962087345857,1.0259607845097176,-1.0,-1.0,-1.0,-1.0,0.0,0.0,-0.015395222729438513,-0.0011232858920192145,0.0,0.0,-0.03127188306381339,-0.0022490981642761263,362198.00,2.258106347296429605190,10221.4765778509937943400,9.11632036457621822553980
hotel,author,35285967.0,1.49295358757260311583536,107276.254471119162587698063,24.4718020011307447299840168,5182982.402503119,0.21929262055203705,741.5636727187232,0.4136566804731041,-1.0,-1.0,-1.0,-1.0,0.0,0.0,-0.15813914267003837,-0.060100642979206566,0.0,0.0,-0.3756895009267708,-0.12788740098665044,35285967.00,1.492953587572603115835360,77979.9906874695081990256770,21.69702576668855834161880520
jacket,arm,14728171.0,1.7217455173236940934237,95602.03978645566173206563,22.860404856936642892434798,2318725.797731806,0.2710625608670312,764.9217514907918,0.5047294159834467,-1.0,-1.0,-1.0,-1.0,0.0,0.0,-0.08056922478551427,-0.02617679884701819,0.0,0.0,-0.17525892532087364,-0.05376088558174734,14728171.00,1.72174551732369409342370,81345.512658288494372653070,21.6941102765606564423285420
jar,alter,20441318.0,1.6426846422424960629526,70112.553978139560603495938,15.651889531584348819955680,2028761.917336778,0.16303332516893312,617.5742061475479,0.3316908327407273,-1.0,-1.0,-1.0,-1.0,0.0,0.0,-0.15004302257359384,-0.04948938676985086,0.0,0.0,-0.35306027612811813,-0.10413221289906395,20441318.00,1.64268464224249606295260,51817.7609786696329937434620,14.1757385109596398748413000
jet,back,26723042.0,1.2889372335388243534362,55706.66911177486796046132,9.386543940367872266575839,9321421.86098548,0.44960179706138786,514.2859089587847,0.42696472718674255,-1.0,-1.0,-1.0,-1.0,0.0,0.0,-0.4180922943185469,-0.18309794339439361,0.0,0.0,-1.4369711562039984,-0.44827391953253903,26723042.00,1.28893723353882435343620,22858.977616521152168810080,6.4811937947467684207892010
librari,afternoon,2990083.0,1.5878438263531213609730,24784.4368796944392692134,8.91782211682318758651251,570966.0266241767,0.30320391789544665,416.98787464943587,0.5878796364115755,-1.0,-1.0,-1.0,-1.0,0.0,0.0,-0.05841785426865483,-0.01200649052371525,0.0,0.0,-0.12408445621763685,-0.02430479635454214,2990083.00,1.58784382635312136097300,22048.55404111722840404240,8.706219231386344105177450
missil,bazooka,4287.0,1.8478448275862069025,476.881071640869631177,0.6647609092077307150529,1481.0189060238224,0.6383702181137166,78.4357288852033,0.20936512138543756,-1.0,-1.0,-1.0,-1.0,0.0,0.0,-0.0017175138045157552,-3.7620047232091145E-5,0.0,0.0,-0.0034409374666309243,-7.524292510657869E-5,4287.00,1.84784482758620690250,475.2457806284469468230,0.66471089441568466876710
oak,armi,12608460.0,1.5807299401117277505496,67953.02443213203387553734,20.486192500789064929267826,1829028.103715741,0.22930631376466679,663.2722582702892,0.5524529005270331,-1.0,-1.0,-1.0,-1.0,0.0,0.0,-0.068070379405243,-0.01855890749111896,0.0,0.0,-0.14608480705184698,-0.037819707433843816,12608460.00,1.58072994011172775054960,59291.445112977536236402260,19.7396449056108952981969540
oven,artifact,404501.0,1.470084134396976264437,12675.243015535378625412,4.13976978745471405014983,49199.76275349303,0.17880744581596927,313.8560856582166,0.2404717841671273,-1.0,-1.0,-1.0,-1.0,0.0,0.0,-0.01586374178798698,-0.0032002232578740085,0.0,0.0,-0.03223891337325251,-0.006420995133713624,404501.00,1.4700841343969762644370,12279.3694863856320240080,4.113357936163386629907970
owl,address,44190937.0,1.63465677799815642752336,111056.980096593560023205582,22.2496437985152972427360114,5286657.571618669,0.19555753326528763,759.7628528394661,0.498297277376135,-1.0,-1.0,-1.0,-1.0,0.0,0.0,-0.17733034652383717,-0.07217228791271026,0.0,0.0,-0.43110948793244963,-0.15557260679431034,44190937.00,1.634656777998156427523360,77602.0151030090882115376820,19.25421532813791424463142940
penguin,anim,13560998.0,1.5605524593578500099084,88968.5550471211617976072,23.07794015664906597079634,1438141.548496531,0.16549632485831559,736.4989618508077,0.5004885846093539,-1.0,-1.0,-1.0,-1.0,0.0,0.0,-0.09252083143555387,-0.02840004144891754,0.0,0.0,-0.2039073394531223,-0.05846035953165264,13560998.00,1.56055245935785000990840,73899.83608500578842491860,21.803310770051501146869100
piano,artefact,61672.0,1.48732666103943084755,4662.345568320919939163,1.7564980722030318424857,7939.278304732742,0.19146939116683329,204.39301332967935,0.17504562413491154,-1.0,-1.0,-1.0,-1.0,0.0,0.0,-0.005729097334971033,-9.83802233241896E-4,0.0,0.0,-0.011524218036784235,-0.0019695421064065384,61672.00,1.487326661039430847550,4609.2278219199028855430,1.75304537552150098402390
pineappl,appl,1609141.0,1.889736657913650500245,29610.3765227543390142507,14.806174836244925279399573,288321.62815335236,0.33859801595431255,505.2161074144759,0.7814460887506719,-1.0,-1.0,-1.0,-1.0,0.0,0.0,-0.02163553301832426,-0.0031773823381505153,0.0,0.0,-0.04422796155929789,-0.006375020554014703,1609141.00,1.8897366579136505002450,28356.23792197492680292530,14.7123830916371997529724730
poplar,acacia,37702.0,1.7794034359071172423,4857.83067807791419368,5.1639482930921967207067,7389.790660093153,0.34877244950411335,249.19320425489062,0.4692971981150297,-1.0,-1.0,-1.0,-1.0,0.0,0.0,-0.002496623428041559,-1.2736710049681424E-4,0.0,0.0,-0.005005744314613769,-2.5476664988312737E-4,37702.00,1.77940343590711724230,4833.634738466913828520,5.16263302637149206464130
revolv,ammo,3806.0,1.4774844720496894010,610.4140007529738715,0.490635946112346780589,766.8324458445926,0.2976834028899816,84.05262442424106,0.12272982080483053,-1.0,-1.0,-1.0,-1.0,0.0,0.0,0.0,0.0,0.0,0.0,0.0,0.0,3806.00,1.47748447204968940100,610.41400075297387150,0.4906359461123467805890
revolv,annot,395968.0,1.516595809873989786376,11218.9548513522353207280,4.21809169162978594560175,54222.579208296615,0.20767773261441116,300.07766803476994,0.3257273566611998,-1.0,-1.0,-1.0,-1.0,0.0,0.0,-0.02963928797676769,-0.00488506236517163,0.0,0.0,-0.06108921684384533,-0.009818086696160667,395968.00,1.5165958098739897863760,10573.05519013983845733000,4.177080750682719127921950
rifl,artefact,61672.0,1.48732666103943084755,4662.345568320919939163,1.7564980722030318424857,7939.278304732742,0.19146939116683329,204.39301332967935,0.17504562413491154,-1.0,-1.0,-1.0,-1.0,0.0,0.0,-0.005729097334971033,-9.83802233241896E-4,0.0,0.0,-0.011524218036784235,-0.0019695421064065384,61672.00,1.487326661039430847550,4609.2278219199028855430,1.75304537552150098402390
robe,apron,254176.0,1.72208295505359150643,10832.829913862604880829,6.5854038598313128101619,43096.541554978634,0.29198594530399213,330.60614779674887,0.47429233898491474,-1.0,-1.0,-1.0,-1.0,0.0,0.0,-0.008697273511862894,-0.0010149986593625563,0.0,0.0,-0.017547159468983813,-0.0020320598567554636,254176.00,1.722082955053591506430,10646.0224600457979134810,6.57204906275426250246390
robin,accid,3435503.0,1.5230028420790843579170,36726.7724778463705129125,11.603667809846201175990193,344629.8198052513,0.15277884927726754,493.3225904398918,0.45637680523046836,-1.0,-1.0,-1.0,-1.0,0.0,0.0,-0.04760139240722431,-0.01080875481116605,0.0,0.0,-0.0999610709795947,-0.02185372113580056,3435503.00,1.52300284207908435791700,33389.15662273259308885930,11.3555077109751179744296270
saw,alga,485105.0,1.62456548093474344876,11484.202692089200491472,8.83204314174854771645615,115194.0102132051,0.38577259068205294,353.95144671887533,0.7734800943618849,-1.0,-1.0,-1.0,-1.0,0.0,0.0,-0.015818522315090705,-0.0013237087271528148,0.0,0.0,-0.03214553956512294,-0.0026509265088604486,485105.00,1.624565480934743448760,11126.5342452847056610120,8.808691946758500054925750
saw,baro,27328.0,1.4298121697274106499,3983.8384131592902777098,3.28227013514588215962231,3829.6527257703146,0.20036900150527467,214.28786351759916,0.45360297478559064,-1.0,-1.0,-1.0,-1.0,0.0,0.0,-0.00598863482989832,-3.5145132964815715E-4,0.0,0.0,-0.012049429291733511,-7.031497822222181E-4,27328.00,1.42981216972741064990,3936.40695588091523210980,3.279963829293617599472310
scarf,apparel,244048.0,1.74893400505944488225,11862.399712790229853374,4.9564404904768022850493,42593.7720095321,0.30524198629458077,329.0083203334165,0.3931132749349932,-1.0,-1.0,-1.0,-1.0,0.0,0.0,-0.011680847177174044,-0.0020341738104237253,0.0,0.0,-0.023637803929654384,-0.004076640215608562,244048.00,1.748934005059444882250,11588.4736449274671069920,4.93631690247518366479550
sheep,anim,13560998.0,1.5605524593578500099084,88968.5550471211617976072,23.07794015664906597079634,1438141.548496531,0.16549632485831559,736.4989618508077,0.5004885846093539,-1.0,-1.0,-1.0,-1.0,0.0,0.0,-0.09252083143555387,-0.02840004144891754,0.0,0.0,-0.2039073394531223,-0.05846035953165264,13560998.00,1.56055245935785000990840,73899.83608500578842491860,21.803310770051501146869100
snake,anim,13560998.0,1.5605524593578500099084,88968.5550471211617976072,23.07794015664906597079634,1438141.548496531,0.16549632485831559,736.4989618508077,0.5004885846093539,-1.0,-1.0,-1.0,-1.0,0.0,0.0,-0.09252083143555387,-0.02840004144891754,0.0,0.0,-0.2039073394531223,-0.05846035953165264,13560998.00,1.56055245935785000990840,73899.83608500578842491860,21.803310770051501146869100
sofa,artifact,404501.0,1.470084134396976264437,12675.243015535378625412,4.13976978745471405014983,49199.76275349303,0.17880744581596927,313.8560856582166,0.2404717841671273,-1.0,-1.0,-1.0,-1.0,0.0,0.0,-0.01586374178798698,-0.0032002232578740085,0.0,0.0,-0.03223891337325251,-0.006420995133713624,404501.00,1.4700841343969762644370,12279.3694863856320240080,4.113357936163386629907970
spear,arm,14728171.0,1.7217455173236940934237,95602.03978645566173206563,22.860404856936642892434798,2318725.797731806,0.2710625608670312,764.9217514907918,0.5047294159834467,-1.0,-1.0,-1.0,-1.0,0.0,0.0,-0.08056922478551427,-0.02617679884701819,0.0,0.0,-0.17525892532087364,-0.05376088558174734,14728171.00,1.72174551732369409342370,81345.512658288494372653070,21.6941102765606564423285420
spear,bazooka,4287.0,1.8478448275862069025,476.881071640869631177,0.6647609092077307150529,1481.0189060238224,0.6383702181137166,78.4357288852033,0.20936512138543756,-1.0,-1.0,-1.0,-1.0,0.0,0.0,-0.0017175138045157552,-3.7620047232091145E-5,0.0,0.0,-0.0034409374666309243,-7.524292510657869E-5,4287.00,1.84784482758620690250,475.2457806284469468230,0.66471089441568466876710
stereo,antenna,453030.0,1.531836763676570534332,14226.7830229253603828401,8.12575724903347094878808,46679.89335891846,0.15783938540867734,358.9686078543784,0.5228078352532752,-1.0,-1.0,-1.0,-1.0,0.0,0.0,-0.013509499744095523,-0.0015291118938040174,0.0,0.0,-0.027389011329741215,-0.0030629073156139596,453030.00,1.5318367636765705343320,13847.51332361609668463110,8.100944805924021358483240
stereo,artefact,61672.0,1.48732666103943084755,4662.345568320919939163,1.7564980722030318424857,7939.278304732742,0.19146939116683329,204.39301332967935,0.17504562413491154,-1.0,-1.0,-1.0,-1.0,0.0,0.0,-0.005729097334971033,-9.83802233241896E-4,0.0,0.0,-0.011524218036784235,-0.0019695421064065384,61672.00,1.487326661039430847550,4609.2278219199028855430,1.75304537552150098402390
strawberri,appl,1609141.0,1.889736657913650500245,29610.3765227543390142507,14.806174836244925279399573,288321.62815335236,0.33859801595431255,505.2161074144759,0.7814460887506719,-1.0,-1.0,-1.0,-1.0,0.0,0.0,-0.02163553301832426,-0.0031773823381505153,0.0,0.0,-0.04422796155929789,-0.006375020554014703,1609141.00,1.8897366579136505002450,28356.23792197492680292530,14.7123830916371997529724730
strawberri,banana,268873.0,2.09326025520253480208,10052.622657366212628572,8.5595916560071754180140,76531.76967116336,0.5958237224003935,327.6617595959514,0.698769826126893,-1.0,-1.0,-1.0,-1.0,0.0,0.0,-0.008742359349443061,-7.694454144125764E-4,0.0,0.0,-0.017638924515538664,-0.0015400758331127894,268873.00,2.093260255202534802080,9878.3786814678941043320,8.54642950646486681325400
sweater,artefact,61672.0,1.48732666103943084755,4662.345568320919939163,1.7564980722030318424857,7939.278304732742,0.19146939116683329,204.39301332967935,0.17504562413491154,-1.0,-1.0,-1.0,-1.0,0.0,0.0,-0.005729097334971033,-9.83802233241896E-4,0.0,0.0,-0.011524218036784235,-0.0019695421064065384,61672.00,1.487326661039430847550,4609.2278219199028855430,1.75304537552150098402390
tabl,artifact,404501.0,1.470084134396976264437,12675.243015535378625412,4.13976978745471405014983,49199.76275349303,0.17880744581596927,313.8560856582166,0.2404717841671273,-1.0,-1.0,-1.0,-1.0,0.0,0.0,-0.01586374178798698,-0.0032002232578740085,0.0,0.0,-0.03223891337325251,-0.006420995133713624,404501.00,1.4700841343969762644370,12279.3694863856320240080,4.113357936163386629907970
tanker,accommod,4622957.0,1.5336598846178089293917,33730.60367773296785810262,7.399603411602641195778133,500928.49177003297,0.16618236615434706,437.94659358562956,0.22656408792945562,-1.0,-1.0,-1.0,-1.0,0.0,0.0,-0.11473130853989856,-0.03189783745150717,0.0,0.0,-0.25920109825790544,-0.06589766800548673,4622957.00,1.53365988461780892939170,26787.304843046106992367220,6.9421330336980825287870130
televis,applianc,630380.0,1.703131332234620275567,14738.6331971666081237725,5.57441019274700156814043,85744.66700617597,0.23166094887249333,337.4324266733737,0.36561951647829954,-1.0,-1.0,-1.0,-1.0,0.0,0.0,-0.01624001810814874,-0.002653953222453812,0.0,0.0,-0.03301622023070678,-0.005322030865874109,630380.00,1.7031313322346202755670,14267.57190112172922288250,5.544900063461074420724630
televis,arrear,113458.0,1.31405341548724839683,3280.641072200138621799,1.19324718254500032675076,39566.31491559455,0.4582510819253035,164.1894492394146,0.13310938741676104,-1.0,-1.0,-1.0,-1.0,0.0,0.0,-0.019144669090032942,-0.0030680533052454525,0.0,0.0,-0.03903668254985553,-0.00615499044928258,113458.00,1.314053415487248396830,3157.3871522507343334390,1.185947685865151540764760
tiger,appear,305584703.0,1.609065146484544811355178,200860.82647875012373788188,34.3530595408781102220903145,4.256697152122468E7,0.22413762728889883,869.9581935183685,0.5475067393010171,-1.0,-1.0,-1.0,-1.0,0.0,0.0,-0.3446190104117657,-0.22476245306287687,0.0,0.0,-1.0516600752435143,-0.5798544045006288,305584703.00,1.6090651464845448113551780,97901.610945424127463500640,21.74444647748199420849170050
tiger,backend,340.0,1.700,247.6517204657787267,1.16146026025729413573,87.89766777338293,0.43948833886691463,65.66623660092371,0.593626945214381,-1.0,-1.0,-1.0,-1.0,0.0,0.0,0.0,0.0,0.0,0.0,0.0,0.0,340.00,1.7000,247.65172046577872670,1.161460260257294135730
van,bath,5230777.0,1.7490546309457769895730,46090.3837915059721128559,13.09796545230195853700819,819091.0433773525,0.2738856928110999,556.0887680758535,0.41605711610079166,-1.0,-1.0,-1.0,-1.0,0.0,0.0,-0.06125958763197699,-0.014563995859478712,0.0,0.0,-0.1305144357798476,-0.029558481318492424,5230777.00,1.74905463094577698957300,40769.38987489537189179890,12.721924679332637060277550
vest,artefact,61672.0,1.48732666103943084755,4662.345568320919939163,1.7564980722030318424857,7939.278304732742,0.19146939116683329,204.39301332967935,0.17504562413491154,-1.0,-1.0,-1.0,-1.0,0.0,0.0,-0.005729097334971033,-9.83802233241896E-4,0.0,0.0,-0.011524218036784235,-0.0019695421064065384,61672.00,1.487326661039430847550,4609.2278219199028855430,1.75304537552150098402390
villa,actress,486415.0,1.432435536498886831223,14182.968571222341687281,5.36648181196284944301103,49558.09825850867,0.1459428287918576,353.21967301021186,0.2622745604267443,-1.0,-1.0,-1.0,-1.0,0.0,0.0,-0.01890865441363786,-0.0033260369612142194,0.0,0.0,-0.03854616493907986,-0.00667427280045197,486415.00,1.4324355364988868312230,13656.5605362899791426150,5.330901918287744322834170
washer,basket,1200810.0,1.543243354392963429926,24817.3211701247876913412,9.82642836993865648859366,191479.21135204207,0.2460830776088179,454.6749410976577,0.43454632324899106,-1.0,-1.0,-1.0,-1.0,0.0,0.0,-0.02557494413233079,-0.004558688328018238,0.0,0.0,-0.052492377896744,-0.009159130276321944,1200810.00,1.5432433543929634299260,23579.57329792607769207320,9.737243686481875635281060
wasp,arthropod,50626.0,1.5833489710389691489,3903.68089345485228207,3.047678096883454595149,7489.323200396682,0.23423166323877784,208.5388897278937,0.34872353177268545,-1.0,-1.0,-1.0,-1.0,0.0,0.0,-0.005629636999161291,-3.8911648866840094E-4,0.0,0.0,-0.011323018482111665,-7.785359184997108E-4,50626.00,1.58334897103896914890,3859.974332744707322670,3.0453072158330622051490
yacht,artifact,404501.0,1.470084134396976264437,12675.243015535378625412,4.13976978745471405014983,49199.76275349303,0.17880744581596927,313.8560856582166,0.2404717841671273,-1.0,-1.0,-1.0,-1.0,0.0,0.0,-0.01586374178798698,-0.0032002232578740085,0.0,0.0,-0.03223891337325251,-0.006420995133713624,404501.00,1.4700841343969762644370,12279.3694863856320240080,4.113357936163386629907970
