w1,w2,c1,c2,c3,c4,c5,c6,c7,c8,c9,c10,c11,c12,c13,c14,c15,c16,c17,c18,c19,c20,c21,c22,c23,c24
acacia,diseas,37702.0,1.7794034359071172423,4857.83067807791419368,5.1639482930921967207067,7389.790660093153,0.34877244950411335,249.19320425489062,0.4692971981150297,-1.0,-1.0,-1.0,-1.0,0.0,0.0,-0.002496623428041559,-1.2736710049681424E-4,0.0,0.0,-0.005005744314613769,-2.5476664988312737E-4,37702.00,1.77940343590711724230,4833.634738466913828520,5.16263302637149206464130
acacia,stumbl,37702.0,1.7794034359071172423,4857.83067807791419368,5.1639482930921967207067,7389.790660093153,0.34877244950411335,249.19320425489062,0.4692971981150297,-1.0,-1.0,-1.0,-1.0,0.0,0.0,-0.002496623428041559,-1.2736710049681424E-4,0.0,0.0,-0.005005744314613769,-2.5476664988312737E-4,37702.00,1.77940343590711724230,4833.634738466913828520,5.16263302637149206464130
allig,addit,1547350.0,1.0237317710285001147060,28360.6103609022709934952,8.981502511913465464839806,148973.09510109536,0.08575385700367956,440.6405726984821,0.5354823101183467,0.423495396821606,0.9460848584560253,0.04532062134832799,0.008268674665691969,0.14935105273545193,0.3820612135804418,-0.2177161346817588,-0.03760101618856137,0.25988761637272945,0.5528860948071229,-0.5566167073973579,-0.07814018264991948,1547350.00,1.02373177102850011470600,17395.27076075259133970200,8.1415491767867582999514340
allig,contest,57264.0,1.69676138552253400797,6079.266891488532029888,5.4214742859426736839351,9021.613824588148,0.26731499672844083,267.07502808229503,0.5153505161037774,-1.0,-1.0,-1.0,-1.0,0.0,0.0,-0.003382634104725252,-2.7148839711104095E-4,0.0,0.0,-0.006788230308803794,-5.431242461531022E-4,57264.00,1.696761385522534007970,6038.2776719826064923680,5.41853135018784595895170
allig,leg,57264.0,1.69676138552253400797,6079.266891488532029888,5.4214742859426736839351,9021.613824588148,0.26731499672844083,267.07502808229503,0.5153505161037774,-1.0,-1.0,-1.0,-1.0,0.0,0.0,-0.003382634104725252,-2.7148839711104095E-4,0.0,0.0,-0.006788230308803794,-5.431242461531022E-4,57264.00,1.696761385522534007970,6038.2776719826064923680,5.41853135018784595895170
allig,recombin,57264.0,1.69676138552253400797,6079.266891488532029888,5.4214742859426736839351,9021.613824588148,0.26731499672844083,267.07502808229503,0.5153505161037774,-1.0,-1.0,-1.0,-1.0,0.0,0.0,-0.003382634104725252,-2.7148839711104095E-4,0.0,0.0,-0.006788230308803794,-5.431242461531022E-4,57264.00,1.696761385522534007970,6038.2776719826064923680,5.41853135018784595895170
ambul,aqueduct,182728.0,1.84667899904276208561,13907.7726336074987650922,6.8942202449202041177794,17088.86456146224,0.17385189393396389,367.0782570982275,0.3966803800157221,0.521355027252551,0.5102922838788484,0.0484878217273001,0.012386781486777354,0.2272840680833069,0.22616864176480428,0.032525857165710145,0.022147184578865393,0.3703854290853209,0.3689029943536698,0.06300250388884947,0.043334629127781146,182728.00,1.846678999042762085610,13670.11347151709540809180,6.88110381945313496780740
ambul,barg,206833.0,1.512157624122967491004,17136.3749297723246101882,8.69016843042356377247316,16604.65961710748,0.13993714164566975,408.20612986428,0.4617693101897921,0.8270903875993497,0.7350596723798221,0.10451670184010879,0.1324487701255722,0.35724629574383454,0.3535120732548331,0.06217855652469359,0.06268604596044151,0.5264281020535728,0.522362644914916,0.11707740877039266,0.11797660503537845,206833.00,1.5121576241229674910040,16912.25730101944258810580,8.678770762153183388394440
ambul,jet,152508.0,1.58804602488676004443,7798.5824458808932710252,3.4910001849100267001955,23315.70166218465,0.24278337754136145,266.3591845896556,0.2739534719508455,-1.0,-1.0,-1.0,-1.0,0.0,0.0,-0.014516066429285667,-0.0019730232149957677,0.0,0.0,-0.029459772878669774,-0.003953847462824241,152508.00,1.588046024886760044430,7575.41251376319665288480,3.47725166224764746789090
ambul,nest,152508.0,1.58804602488676004443,7798.5824458808932710252,3.4910001849100267001955,23315.70166218465,0.24278337754136145,266.3591845896556,0.2739534719508455,-1.0,-1.0,-1.0,-1.0,0.0,0.0,-0.014516066429285667,-0.0019730232149957677,0.0,0.0,-0.029459772878669774,-0.003953847462824241,152508.00,1.588046024886760044430,7575.41251376319665288480,3.47725166224764746789090
ambul,petrol,152508.0,1.58804602488676004443,7798.5824458808932710252,3.4910001849100267001955,23315.70166218465,0.24278337754136145,266.3591845896556,0.2739534719508455,-1.0,-1.0,-1.0,-1.0,0.0,0.0,-0.014516066429285667,-0.0019730232149957677,0.0,0.0,-0.029459772878669774,-0.003953847462824241,152508.00,1.588046024886760044430,7575.41251376319665288480,3.47725166224764746789090
ambul,spectromet,152508.0,1.58804602488676004443,7798.5824458808932710252,3.4910001849100267001955,23315.70166218465,0.24278337754136145,266.3591845896556,0.2739534719508455,-1.0,-1.0,-1.0,-1.0,0.0,0.0,-0.014516066429285667,-0.0019730232149957677,0.0,0.0,-0.029459772878669774,-0.003953847462824241,152508.00,1.588046024886760044430,7575.41251376319665288480,3.47725166224764746789090
ambul,tooth,152508.0,1.58804602488676004443,7798.5824458808932710252,3.4910001849100267001955,23315.70166218465,0.24278337754136145,266.3591845896556,0.2739534719508455,-1.0,-1.0,-1.0,-1.0,0.0,0.0,-0.014516066429285667,-0.0019730232149957677,0.0,0.0,-0.029459772878669774,-0.003953847462824241,152508.00,1.588046024886760044430,7575.41251376319665288480,3.47725166224764746789090
ambul,transport,152508.0,1.58804602488676004443,7798.5824458808932710252,3.4910001849100267001955,23315.70166218465,0.24278337754136145,266.3591845896556,0.2739534719508455,-1.0,-1.0,-1.0,-1.0,0.0,0.0,-0.014516066429285667,-0.0019730232149957677,0.0,0.0,-0.029459772878669774,-0.003953847462824241,152508.00,1.588046024886760044430,7575.41251376319665288480,3.47725166224764746789090
ant,beetl,751973.0,1.665440427360270721279,26794.879127429637366275,11.8475994180886312800598,104830.63305637336,0.232174791272897,499.84023280381183,0.5242204748477238,-1.0,-1.0,-1.0,-1.0,0.0,0.0,-0.020032736760080688,-0.003171086479005974,0.0,0.0,-0.04088450198601419,-0.0063623485153637424,751973.00,1.6654404273602707212790,25742.4133766088736601130,11.77269741417373643992320
ant,fly,751973.0,1.665440427360270721279,26794.879127429637366275,11.8475994180886312800598,104830.63305637336,0.232174791272897,499.84023280381183,0.5242204748477238,-1.0,-1.0,-1.0,-1.0,0.0,0.0,-0.020032736760080688,-0.003171086479005974,0.0,0.0,-0.04088450198601419,-0.0063623485153637424,751973.00,1.6654404273602707212790,25742.4133766088736601130,11.77269741417373643992320
appl,intak,1609141.0,1.889736657913650500245,29610.3765227543390142507,14.806174836244925279399573,288321.62815335236,0.33859801595431255,505.2161074144759,0.7814460887506719,-1.0,-1.0,-1.0,-1.0,0.0,0.0,-0.02163553301832426,-0.0031773823381505153,0.0,0.0,-0.04422796155929789,-0.006375020554014703,1609141.00,1.8897366579136505002450,28356.23792197492680292530,14.7123830916371997529724730
appl,marshland,1609141.0,1.889736657913650500245,29610.3765227543390142507,14.806174836244925279399573,288321.62815335236,0.33859801595431255,505.2161074144759,0.7814460887506719,-1.0,-1.0,-1.0,-1.0,0.0,0.0,-0.02163553301832426,-0.0031773823381505153,0.0,0.0,-0.04422796155929789,-0.006375020554014703,1609141.00,1.8897366579136505002450,28356.23792197492680292530,14.7123830916371997529724730
appl,produc,1609141.0,1.889736657913650500245,29610.3765227543390142507,14.806174836244925279399573,288321.62815335236,0.33859801595431255,505.2161074144759,0.7814460887506719,-1.0,-1.0,-1.0,-1.0,0.0,0.0,-0.02163553301832426,-0.0031773823381505153,0.0,0.0,-0.04422796155929789,-0.006375020554014703,1609141.00,1.8897366579136505002450,28356.23792197492680292530,14.7123830916371997529724730
apricot,indebted,82561.0,2.34295362960440432978,4272.11412561570771519,4.2219892429931473802005,24483.457823599998,0.6948027079743458,225.7464113778296,0.4850594684308219,-1.0,-1.0,-1.0,-1.0,0.0,0.0,-0.007305072642206739,-4.8677550845147407E-4,0.0,0.0,-0.01471765885144651,-9.740251484898488E-4,82561.00,2.342953629604404329780,4210.150565873950425310,4.21788092090285247943750
apricot,loyalist,82561.0,2.34295362960440432978,4272.11412561570771519,4.2219892429931473802005,24483.457823599998,0.6948027079743458,225.7464113778296,0.4850594684308219,-1.0,-1.0,-1.0,-1.0,0.0,0.0,-0.007305072642206739,-4.8677550845147407E-4,0.0,0.0,-0.01471765885144651,-9.740251484898488E-4,82561.00,2.342953629604404329780,4210.150565873950425310,4.21788092090285247943750
apricot,produc,82561.0,2.34295362960440432978,4272.11412561570771519,4.2219892429931473802005,24483.457823599998,0.6948027079743458,225.7464113778296,0.4850594684308219,-1.0,-1.0,-1.0,-1.0,0.0,0.0,-0.007305072642206739,-4.8677550845147407E-4,0.0,0.0,-0.01471765885144651,-9.740251484898488E-4,82561.00,2.342953629604404329780,4210.150565873950425310,4.21788092090285247943750
apricot,republican,82561.0,2.34295362960440432978,4272.11412561570771519,4.2219892429931473802005,24483.457823599998,0.6948027079743458,225.7464113778296,0.4850594684308219,-1.0,-1.0,-1.0,-1.0,0.0,0.0,-0.007305072642206739,-4.8677550845147407E-4,0.0,0.0,-0.01471765885144651,-9.740251484898488E-4,82561.00,2.342953629604404329780,4210.150565873950425310,4.21788092090285247943750
apricot,stone,82561.0,2.34295362960440432978,4272.11412561570771519,4.2219892429931473802005,24483.457823599998,0.6948027079743458,225.7464113778296,0.4850594684308219,-1.0,-1.0,-1.0,-1.0,0.0,0.0,-0.007305072642206739,-4.8677550845147407E-4,0.0,0.0,-0.01471765885144651,-9.740251484898488E-4,82561.00,2.342953629604404329780,4210.150565873950425310,4.21788092090285247943750
ax,chisel,1676824.0,1.654560237444940852677,29088.4513832101791976026,11.88348728758296671566194,241785.93921897112,0.238575665069792,487.52846190223516,0.4889393110797997,-1.0,-1.0,-1.0,-1.0,0.0,0.0,-0.03895059149115472,-0.006909932202378395,0.0,0.0,-0.08105845786137068,-0.013916023181467457,1676824.00,1.6545602374449408526770,26907.38060618395465096660,11.720386122605045410223900
ax,launcher,1676824.0,1.654560237444940852677,29088.4513832101791976026,11.88348728758296671566194,241785.93921897112,0.238575665069792,487.52846190223516,0.4889393110797997,-1.0,-1.0,-1.0,-1.0,0.0,0.0,-0.03895059149115472,-0.006909932202378395,0.0,0.0,-0.08105845786137068,-0.013916023181467457,1676824.00,1.6545602374449408526770,26907.38060618395465096660,11.720386122605045410223900
ax,ovoid,1676824.0,1.654560237444940852677,29088.4513832101791976026,11.88348728758296671566194,241785.93921897112,0.238575665069792,487.52846190223516,0.4889393110797997,-1.0,-1.0,-1.0,-1.0,0.0,0.0,-0.03895059149115472,-0.006909932202378395,0.0,0.0,-0.08105845786137068,-0.013916023181467457,1676824.00,1.6545602374449408526770,26907.38060618395465096660,11.720386122605045410223900
ax,wrench,1676824.0,1.654560237444940852677,29088.4513832101791976026,11.88348728758296671566194,241785.93921897112,0.238575665069792,487.52846190223516,0.4889393110797997,-1.0,-1.0,-1.0,-1.0,0.0,0.0,-0.03895059149115472,-0.006909932202378395,0.0,0.0,-0.08105845786137068,-0.013916023181467457,1676824.00,1.6545602374449408526770,26907.38060618395465096660,11.720386122605045410223900
bag,bottl,3727257.0,1.6705901388641128997158,38641.029271738462018813126,16.1374334414062653468258093,430606.4197605512,0.19300167350508904,540.7189433933819,0.7007352210685891,-1.0,-1.0,-1.0,-1.0,0.0,0.0,-0.05451689883565965,-0.010075363844945798,0.0,0.0,-0.1153207260257182,-0.020355819982578294,3727257.00,1.67059013886411289971580,34645.6659237653559602628740,15.81549605085978563999365070
bag,handl,3727257.0,1.6705901388641128997158,38641.029271738462018813126,16.1374334414062653468258093,430606.4197605512,0.19300167350508904,540.7189433933819,0.7007352210685891,-1.0,-1.0,-1.0,-1.0,0.0,0.0,-0.05451689883565965,-0.010075363844945798,0.0,0.0,-0.1153207260257182,-0.020355819982578294,3727257.00,1.67059013886411289971580,34645.6659237653559602628740,15.81549605085978563999365070
bag,musician,3727257.0,1.6705901388641128997158,38641.029271738462018813126,16.1374334414062653468258093,430606.4197605512,0.19300167350508904,540.7189433933819,0.7007352210685891,-1.0,-1.0,-1.0,-1.0,0.0,0.0,-0.05451689883565965,-0.010075363844945798,0.0,0.0,-0.1153207260257182,-0.020355819982578294,3727257.00,1.67059013886411289971580,34645.6659237653559602628740,15.81549605085978563999365070
bag,off-the-shelf,3727257.0,1.6705901388641128997158,38641.029271738462018813126,16.1374334414062653468258093,430606.4197605512,0.19300167350508904,540.7189433933819,0.7007352210685891,-1.0,-1.0,-1.0,-1.0,0.0,0.0,-0.05451689883565965,-0.010075363844945798,0.0,0.0,-0.1153207260257182,-0.020355819982578294,3727257.00,1.67059013886411289971580,34645.6659237653559602628740,15.81549605085978563999365070
bag,plastic,3727257.0,1.6705901388641128997158,38641.029271738462018813126,16.1374334414062653468258093,430606.4197605512,0.19300167350508904,540.7189433933819,0.7007352210685891,-1.0,-1.0,-1.0,-1.0,0.0,0.0,-0.05451689883565965,-0.010075363844945798,0.0,0.0,-0.1153207260257182,-0.020355819982578294,3727257.00,1.67059013886411289971580,34645.6659237653559602628740,15.81549605085978563999365070
bag,trunk,3727257.0,1.6705901388641128997158,38641.029271738462018813126,16.1374334414062653468258093,430606.4197605512,0.19300167350508904,540.7189433933819,0.7007352210685891,-1.0,-1.0,-1.0,-1.0,0.0,0.0,-0.05451689883565965,-0.010075363844945798,0.0,0.0,-0.1153207260257182,-0.020355819982578294,3727257.00,1.67059013886411289971580,34645.6659237653559602628740,15.81549605085978563999365070
banana,casement,268873.0,2.09326025520253480208,10052.622657366212628572,8.5595916560071754180140,76531.76967116336,0.5958237224003935,327.6617595959514,0.698769826126893,-1.0,-1.0,-1.0,-1.0,0.0,0.0,-0.008742359349443061,-7.694454144125764E-4,0.0,0.0,-0.017638924515538664,-0.0015400758331127894,268873.00,2.093260255202534802080,9878.3786814678941043320,8.54642950646486681325400
banana,cranberri,268873.0,2.09326025520253480208,10052.622657366212628572,8.5595916560071754180140,76531.76967116336,0.5958237224003935,327.6617595959514,0.698769826126893,-1.0,-1.0,-1.0,-1.0,0.0,0.0,-0.008742359349443061,-7.694454144125764E-4,0.0,0.0,-0.017638924515538664,-0.0015400758331127894,268873.00,2.093260255202534802080,9878.3786814678941043320,8.54642950646486681325400
banana,grapefruit,268873.0,2.09326025520253480208,10052.622657366212628572,8.5595916560071754180140,76531.76967116336,0.5958237224003935,327.6617595959514,0.698769826126893,-1.0,-1.0,-1.0,-1.0,0.0,0.0,-0.008742359349443061,-7.694454144125764E-4,0.0,0.0,-0.017638924515538664,-0.0015400758331127894,268873.00,2.093260255202534802080,9878.3786814678941043320,8.54642950646486681325400
banana,mean,268873.0,2.09326025520253480208,10052.622657366212628572,8.5595916560071754180140,76531.76967116336,0.5958237224003935,327.6617595959514,0.698769826126893,-1.0,-1.0,-1.0,-1.0,0.0,0.0,-0.008742359349443061,-7.694454144125764E-4,0.0,0.0,-0.017638924515538664,-0.0015400758331127894,268873.00,2.093260255202534802080,9878.3786814678941043320,8.54642950646486681325400
banana,panelist,268873.0,2.09326025520253480208,10052.622657366212628572,8.5595916560071754180140,76531.76967116336,0.5958237224003935,327.6617595959514,0.698769826126893,-1.0,-1.0,-1.0,-1.0,0.0,0.0,-0.008742359349443061,-7.694454144125764E-4,0.0,0.0,-0.017638924515538664,-0.0015400758331127894,268873.00,2.093260255202534802080,9878.3786814678941043320,8.54642950646486681325400
banana,strawberri,268873.0,2.09326025520253480208,10052.622657366212628572,8.5595916560071754180140,76531.76967116336,0.5958237224003935,327.6617595959514,0.698769826126893,-1.0,-1.0,-1.0,-1.0,0.0,0.0,-0.008742359349443061,-7.694454144125764E-4,0.0,0.0,-0.017638924515538664,-0.0015400758331127894,268873.00,2.093260255202534802080,9878.3786814678941043320,8.54642950646486681325400
banana,trivia,268873.0,2.09326025520253480208,10052.622657366212628572,8.5595916560071754180140,76531.76967116336,0.5958237224003935,327.6617595959514,0.698769826126893,-1.0,-1.0,-1.0,-1.0,0.0,0.0,-0.008742359349443061,-7.694454144125764E-4,0.0,0.0,-0.017638924515538664,-0.0015400758331127894,268873.00,2.093260255202534802080,9878.3786814678941043320,8.54642950646486681325400
battleship,ambul,333540.0,2.057248448737044058518,12976.1812282458136194622,8.4967732242834886344425,88236.71733467876,0.41324935756893877,354.1413603249146,1.0281573269074176,0.8121614173963733,0.7915266202405832,0.0631784027273372,0.0051771911195083046,0.3635425154133997,0.312148135512195,0.038797713672416016,0.02238774704395416,0.5332323874084419,0.4757818527712932,0.07469734128554473,0.04379502220891087,333540.00,2.0572484487370440585180,12711.49524894751967830180,8.483323825984251938979500
battleship,batteri,1328761.0,1.564040780940790879915,32018.4312556226611335711,14.20954317917032857637968,130471.16896464139,0.3852354126945541,506.25481869022747,1.0663395348654523,0.6755556712139862,0.820983612769288,0.11181181332441588,0.04028308288101315,0.25926035354520777,0.42547291275464744,0.03348169106984803,0.05881654355468033,0.41176608604457304,0.5969568540344196,0.0647939704382923,0.11109864860482864,1328761.00,1.5640407809407908799150,30451.98947895822221996490,14.113541947495932866019240
battleship,camel,471864.0,2.100113492222444763726,6775.8083612977196717549,5.46621188567135753236322,152918.28339345168,0.6805896405788179,251.47810868667946,0.9929018105809437,-1.0,-1.0,-1.0,-1.0,0.0,0.0,-0.023382524035019968,-0.0019634036290132792,0.0,0.0,-0.04788471353518648,-0.003934532333087813,471864.00,2.1001134922224447637260,6466.17731299713025065090,5.444789186569951166634320
battleship,engin,471864.0,2.100113492222444763726,6775.8083612977196717549,5.46621188567135753236322,152918.28339345168,0.6805896405788179,251.47810868667946,0.9929018105809437,-1.0,-1.0,-1.0,-1.0,0.0,0.0,-0.023382524035019968,-0.0019634036290132792,0.0,0.0,-0.04788471353518648,-0.003934532333087813,471864.00,2.1001134922224447637260,6466.17731299713025065090,5.444789186569951166634320
battleship,kayak,471864.0,2.100113492222444763726,6775.8083612977196717549,5.46621188567135753236322,152918.28339345168,0.6805896405788179,251.47810868667946,0.9929018105809437,-1.0,-1.0,-1.0,-1.0,0.0,0.0,-0.023382524035019968,-0.0019634036290132792,0.0,0.0,-0.04788471353518648,-0.003934532333087813,471864.00,2.1001134922224447637260,6466.17731299713025065090,5.444789186569951166634320
battleship,merger,471864.0,2.100113492222444763726,6775.8083612977196717549,5.46621188567135753236322,152918.28339345168,0.6805896405788179,251.47810868667946,0.9929018105809437,-1.0,-1.0,-1.0,-1.0,0.0,0.0,-0.023382524035019968,-0.0019634036290132792,0.0,0.0,-0.04788471353518648,-0.003934532333087813,471864.00,2.1001134922224447637260,6466.17731299713025065090,5.444789186569951166634320
battleship,microscopist,471864.0,2.100113492222444763726,6775.8083612977196717549,5.46621188567135753236322,152918.28339345168,0.6805896405788179,251.47810868667946,0.9929018105809437,-1.0,-1.0,-1.0,-1.0,0.0,0.0,-0.023382524035019968,-0.0019634036290132792,0.0,0.0,-0.04788471353518648,-0.003934532333087813,471864.00,2.1001134922224447637260,6466.17731299713025065090,5.444789186569951166634320
battleship,peac,471864.0,2.100113492222444763726,6775.8083612977196717549,5.46621188567135753236322,152918.28339345168,0.6805896405788179,251.47810868667946,0.9929018105809437,-1.0,-1.0,-1.0,-1.0,0.0,0.0,-0.023382524035019968,-0.0019634036290132792,0.0,0.0,-0.04788471353518648,-0.003934532333087813,471864.00,2.1001134922224447637260,6466.17731299713025065090,5.444789186569951166634320
battleship,praetor,471864.0,2.100113492222444763726,6775.8083612977196717549,5.46621188567135753236322,152918.28339345168,0.6805896405788179,251.47810868667946,0.9929018105809437,-1.0,-1.0,-1.0,-1.0,0.0,0.0,-0.023382524035019968,-0.0019634036290132792,0.0,0.0,-0.04788471353518648,-0.003934532333087813,471864.00,2.1001134922224447637260,6466.17731299713025065090,5.444789186569951166634320
battleship,warship,471864.0,2.100113492222444763726,6775.8083612977196717549,5.46621188567135753236322,152918.28339345168,0.6805896405788179,251.47810868667946,0.9929018105809437,-1.0,-1.0,-1.0,-1.0,0.0,0.0,-0.023382524035019968,-0.0019634036290132792,0.0,0.0,-0.04788471353518648,-0.003934532333087813,471864.00,2.1001134922224447637260,6466.17731299713025065090,5.444789186569951166634320
beet,aluminum,438338.0,2.247230296785042308485,8774.413896958684161125,6.96119340612996450190464,127234.48825691878,0.6522938846435594,284.4245674978246,0.7207681504531229,-1.0,-1.0,-1.0,-1.0,0.0,0.0,-0.018156061593975058,-0.0016349994796353402,0.0,0.0,-0.036983599702108516,-0.003275354161620552,438338.00,2.2472302967850423084850,8461.4779823704891886190,6.938467467833925843346640
beetl,advisor,350629.0,1.70217341702712283856,8509.148826487477115741,3.6256022626659315583169,45288.60820338819,0.21985935270032958,262.3923990295803,0.26328257303353664,-1.0,-1.0,-1.0,-1.0,0.0,0.0,-0.016622703181770466,-0.0027792068225111037,0.0,0.0,-0.03380737634589312,-0.0055739046789339275,350629.00,1.702173417027122838560,8230.8842258061727225150,3.60550551858596316295250
beetl,anim,13560998.0,1.5605524593578500099084,88968.5550471211617976072,23.07794015664906597079634,1438141.548496531,0.16549632485831559,736.4989618508077,0.5004885846093539,-1.0,-1.0,-1.0,-1.0,0.0,0.0,-0.09252083143555387,-0.02840004144891754,0.0,0.0,-0.2039073394531223,-0.05846035953165264,13560998.00,1.56055245935785000990840,73899.83608500578842491860,21.803310770051501146869100
blous,apparel,244048.0,1.74893400505944488225,11862.399712790229853374,4.9564404904768022850493,42593.7720095321,0.30524198629458077,329.0083203334165,0.3931132749349932,-1.0,-1.0,-1.0,-1.0,0.0,0.0,-0.011680847177174044,-0.0020341738104237253,0.0,0.0,-0.023637803929654384,-0.004076640215608562,244048.00,1.748934005059444882250,11588.4736449274671069920,4.93631690247518366479550
bomb,bazooka,4287.0,1.8478448275862069025,476.881071640869631177,0.6647609092077307150529,1481.0189060238224,0.6383702181137166,78.4357288852033,0.20936512138543756,-1.0,-1.0,-1.0,-1.0,0.0,0.0,-0.0017175138045157552,-3.7620047232091145E-5,0.0,0.0,-0.0034409374666309243,-7.524292510657869E-5,4287.00,1.84784482758620690250,475.2457806284469468230,0.66471089441568466876710
bomber,aircraft,1537431.0,1.497683965246327706242,20438.6725653883480431599,9.97739124904391647805325,144309.80049532326,0.14057897507578695,399.80256679114996,0.5360310783513758,-1.0,-1.0,-1.0,-1.0,0.0,0.0,-0.03324692415875197,-0.004682295609841154,0.0,0.0,-0.06878059142417767,-0.0094086452781628,1537431.00,1.4976839652463277062420,19123.35677629895052811910,9.884392506163295409814370
bomber,artifact,404501.0,1.470084134396976264437,12675.243015535378625412,4.13976978745471405014983,49199.76275349303,0.17880744581596927,313.8560856582166,0.2404717841671273,-1.0,-1.0,-1.0,-1.0,0.0,0.0,-0.01586374178798698,-0.0032002232578740085,0.0,0.0,-0.03223891337325251,-0.006420995133713624,404501.00,1.4700841343969762644370,12279.3694863856320240080,4.113357936163386629907970
bowl,artifact,404501.0,1.470084134396976264437,12675.243015535378625412,4.13976978745471405014983,49199.76275349303,0.17880744581596927,313.8560856582166,0.2404717841671273,-1.0,-1.0,-1.0,-1.0,0.0,0.0,-0.01586374178798698,-0.0032002232578740085,0.0,0.0,-0.03223891337325251,-0.006420995133713624,404501.00,1.4700841343969762644370,12279.3694863856320240080,4.113357936163386629907970
bu,answer,95179532.0,1.55684659123344173594336,188451.738923151559377112961,33.8631885668572411169087996,1.0559711255375026E7,0.17272464075931804,968.286097518908,0.4420221740166589,-1.0,-1.0,-1.0,-1.0,0.0,0.0,-0.17113710609541727,-0.09354916803266233,0.0,0.0,-0.41294430563595313,-0.2064075948380468,95179532.00,1.556846591233441735943360,133375.2067731581167850672390,28.06944246020199934955114040
bull,access,18029419.0,1.3893063577801852760823,43536.3199465722790866494,11.59112456077410300863319,6676208.639593208,0.5144535777250419,482.64070262651,0.4611063950495298,-1.0,-1.0,-1.0,-1.0,0.0,0.0,-0.3440601577427581,-0.08928342249070181,0.0,0.0,-1.049060098434536,-0.19607290499725258,18029419.00,1.38930635778018527608230,21246.97073542823100083940,9.690984982893436751430070
butterfli,anim,13560998.0,1.5605524593578500099084,88968.5550471211617976072,23.07794015664906597079634,1438141.548496531,0.16549632485831559,736.4989618508077,0.5004885846093539,-1.0,-1.0,-1.0,-1.0,0.0,0.0,-0.09252083143555387,-0.02840004144891754,0.0,0.0,-0.2039073394531223,-0.05846035953165264,13560998.00,1.56055245935785000990840,73899.83608500578842491860,21.803310770051501146869100
cannon,ammunit,257794.0,1.68051263999165589965,8660.118936117955984391,3.45094818095498798574766,49291.4474325922,0.32132206511383293,268.70604408602946,0.2610985322557517,-1.0,-1.0,-1.0,-1.0,0.0,0.0,-0.015773339574300254,-0.0025175934852684134,0.0,0.0,-0.0320522501747269,-0.005047895519410811,257794.00,1.680512639991655899650,8391.1632716771791717330,3.433615647910521613519660
cat,anim,13560998.0,1.5605524593578500099084,88968.5550471211617976072,23.07794015664906597079634,1438141.548496531,0.16549632485831559,736.4989618508077,0.5004885846093539,-1.0,-1.0,-1.0,-1.0,0.0,0.0,-0.09252083143555387,-0.02840004144891754,0.0,0.0,-0.2039073394531223,-0.05846035953165264,13560998.00,1.56055245935785000990840,73899.83608500578842491860,21.803310770051501146869100
chair,artifact,404501.0,1.470084134396976264437,12675.243015535378625412,4.13976978745471405014983,49199.76275349303,0.17880744581596927,313.8560856582166,0.2404717841671273,-1.0,-1.0,-1.0,-1.0,0.0,0.0,-0.01586374178798698,-0.0032002232578740085,0.0,0.0,-0.03223891337325251,-0.006420995133713624,404501.00,1.4700841343969762644370,12279.3694863856320240080,4.113357936163386629907970
cherri,ala,362808.0,1.398007074653781224636,16609.2343486480347273106,8.24868582930152004938637,44853.502627999966,0.17283387906811845,402.27615860684114,0.43107513059528646,-1.0,-1.0,-1.0,-1.0,0.0,0.0,-0.019357487235086533,-0.002748829121016195,0.0,0.0,-0.03947919243376112,-0.005512812020252347,362808.00,1.3980070746537812246360,15978.41925989916082353940,8.203461687105167088805430
coat,advocaci,222236.0,1.42140070354972819255,6338.1010382114981392003,1.78282418738963692040715,88223.9496395395,0.5642721435211991,218.69691970283387,0.14076804573136859,-1.0,-1.0,-1.0,-1.0,0.0,0.0,-0.017663504547964358,-0.003582555609884623,0.0,0.0,-0.03596222807508796,-0.00719087292189555,222236.00,1.421400703549728192550,6118.08120648208024567170,1.770095654478681189054450
coat,assumpt,10072834.0,1.2109111953367910694875,29652.78039521407619430177,7.774321526179387103766288,1775417.368189238,0.21343276058512728,380.47240045087625,0.3430875535010801,-1.0,-1.0,-1.0,-1.0,0.0,0.0,-0.14843323299287295,-0.04439148068565642,0.0,0.0,-0.3486120847917746,-0.09290725184724734,10072834.00,1.21091119533679106948750,21987.627672632386593932570,7.1134320986882634881445160
coat,banner,772668.0,1.465417965816245233090,20165.0012627642738291531,8.823056823533971413496783,146955.4279092814,0.2787110689616692,414.0337794987814,0.6249401137686457,-1.0,-1.0,-1.0,-1.0,0.0,0.0,-0.019056997637886246,-0.0031077600649191375,0.0,0.0,-0.03885444432958273,-0.006234896692789022,772668.00,1.4654179658162452330900,19410.80521225243718632110,8.7683868374401212160860630
cow,antiqu,1708684.0,1.645284603103990812644,29538.165265674691716405,10.47518373276932151254193,257017.77450207603,0.24748132897148867,476.60067741802504,0.3758176821874237,-1.0,-1.0,-1.0,-1.0,0.0,0.0,-0.03428605028018959,-0.007107124316738089,0.0,0.0,-0.07100663771117163,-0.014315994183858559,1708684.00,1.6452846031039908126440,27579.8153116960652010590,10.327337627361273851214990
coyot,anim,13560998.0,1.5605524593578500099084,88968.5550471211617976072,23.07794015664906597079634,1438141.548496531,0.16549632485831559,736.4989618508077,0.5004885846093539,-1.0,-1.0,-1.0,-1.0,0.0,0.0,-0.09252083143555387,-0.02840004144891754,0.0,0.0,-0.2039073394531223,-0.05846035953165264,13560998.00,1.56055245935785000990840,73899.83608500578842491860,21.803310770051501146869100
crow,anim,13560998.0,1.5605524593578500099084,88968.5550471211617976072,23.07794015664906597079634,1438141.548496531,0.16549632485831559,736.4989618508077,0.5004885846093539,-1.0,-1.0,-1.0,-1.0,0.0,0.0,-0.09252083143555387,-0.02840004144891754,0.0,0.0,-0.2039073394531223,-0.05846035953165264,13560998.00,1.56055245935785000990840,73899.83608500578842491860,21.803310770051501146869100
desk,actress,486415.0,1.432435536498886831223,14182.968571222341687281,5.36648181196284944301103,49558.09825850867,0.1459428287918576,353.21967301021186,0.2622745604267443,-1.0,-1.0,-1.0,-1.0,0.0,0.0,-0.01890865441363786,-0.0033260369612142194,0.0,0.0,-0.03854616493907986,-0.00667427280045197,486415.00,1.4324355364988868312230,13656.5605362899791426150,5.330901918287744322834170
dishwash,afterlif,8839.0,1.2001357773251866712,881.50376085946818051,0.5373216094636032616885,2856.5291876681395,0.3878518924192993,93.18868999782,0.24465842145100125,-1.0,-1.0,-1.0,-1.0,0.0,0.0,-0.005323993318765409,-4.677895166364986E-4,0.0,0.0,-0.010704979878883513,-9.360168921625455E-4,8839.00,1.20013577732518667120,872.167228230241838490,0.53681913768269612688150
dishwash,appropri,6296371.0,1.5116549749989016298746,32516.54964541442455227222,6.858772182633603739446841,1133698.5228856038,0.2721823431733818,412.84108041616304,0.24012746174554428,-1.0,-1.0,-1.0,-1.0,0.0,0.0,-0.17033701378449628,-0.05156006697493119,0.0,0.0,-0.4106173629885219,-0.10872605671606275,6296371.00,1.51165497499890162987460,23051.289810104945402209420,6.1861738894714989907625810
donkei,artilleri,1077802.0,1.778694976986588030535,17315.451559946921294859,7.15824794817608054077513,188069.8823363273,0.3103714365292364,362.8485572537881,0.4969217143403915,-1.0,-1.0,-1.0,-1.0,0.0,0.0,-0.026576157850482465,-0.004436050614018081,0.0,0.0,-0.054603466033453445,-0.008911633686121384,1077802.00,1.7786949769865880305350,16418.9215355733069630570,7.095019731334623016633950
dresser,artifact,404501.0,1.470084134396976264437,12675.243015535378625412,4.13976978745471405014983,49199.76275349303,0.17880744581596927,313.8560856582166,0.2404717841671273,-1.0,-1.0,-1.0,-1.0,0.0,0.0,-0.01586374178798698,-0.0032002232578740085,0.0,0.0,-0.03223891337325251,-0.006420995133713624,404501.00,1.4700841343969762644370,12279.3694863856320240080,4.113357936163386629907970
fighter,artefact,61672.0,1.48732666103943084755,4662.345568320919939163,1.7564980722030318424857,7939.278304732742,0.19146939116683329,204.39301332967935,0.17504562413491154,-1.0,-1.0,-1.0,-1.0,0.0,0.0,-0.005729097334971033,-9.83802233241896E-4,0.0,0.0,-0.011524218036784235,-0.0019695421064065384,61672.00,1.487326661039430847550,4609.2278219199028855430,1.75304537552150098402390
fighter,battleship,471864.0,2.100113492222444763726,6775.8083612977196717549,5.46621188567135753236322,152918.28339345168,0.6805896405788179,251.47810868667946,0.9929018105809437,-1.0,-1.0,-1.0,-1.0,0.0,0.0,-0.023382524035019968,-0.0019634036290132792,0.0,0.0,-0.04788471353518648,-0.003934532333087813,471864.00,2.1001134922224447637260,6466.17731299713025065090,5.444789186569951166634320
flute,bass,682424.0,1.891141268050979201552,19968.160116502577375366,13.4922549759836511412592,115183.69059029147,0.31919837327191813,442.88780399931306,0.7869260051821043,-1.0,-1.0,-1.0,-1.0,0.0,0.0,-0.012290289497995599,-0.0012801342880448543,0.0,0.0,-0.024886440554986643,-0.002563550264682655,682424.00,1.8911412680509792015520,19483.2903689208840531760,13.45775534371024831498440
fox,accolad,10428.0,1.4088084301540124557,1136.052361875390602314,1.0024121989873481672641,1868.6674396478363,0.2524543960615829,110.92049981892227,0.33259485782015685,-1.0,-1.0,-1.0,-1.0,0.0,0.0,-0.007329447811935207,-3.2308271271351823E-4,0.0,0.0,-0.014767130536469502,-6.463742577756668E-4,10428.00,1.40880843015401245570,1119.5202600569079564860,1.00176468408320800842590
freezer,agenda,1317001.0,1.589317909197763140491,15364.592201033247734278,4.97253996446397774638367,208915.6700178328,0.2521132602567438,319.6367336261694,0.27125831839205167,-1.0,-1.0,-1.0,-1.0,0.0,0.0,-0.03702433628194571,-0.008006629292594027,0.0,0.0,-0.07689568423566291,-0.016142505643731014,1317001.00,1.5893179091977631404910,14267.4842382142288811300,4.893545872597712554247070
fridg,adventur,2867927.0,1.447721925317252495584,45426.4216448646033139570,11.77459974670937784973723,557171.8029504006,0.28125884490778136,564.2192860243133,0.29174422526391,-1.0,-1.0,-1.0,-1.0,0.0,0.0,-0.03967790201512895,-0.011805182048151045,0.0,0.0,-0.08263457041838067,-0.023892418445623276,2867927.00,1.4477219253172524955840,41959.14566750783484296580,11.499840739698475938480310
fridg,artifact,404501.0,1.470084134396976264437,12675.243015535378625412,4.13976978745471405014983,49199.76275349303,0.17880744581596927,313.8560856582166,0.2404717841671273,-1.0,-1.0,-1.0,-1.0,0.0,0.0,-0.01586374178798698,-0.0032002232578740085,0.0,0.0,-0.03223891337325251,-0.006420995133713624,404501.00,1.4700841343969762644370,12279.3694863856320240080,4.113357936163386629907970
frog,adventur,2867927.0,1.447721925317252495584,45426.4216448646033139570,11.77459974670937784973723,557171.8029504006,0.28125884490778136,564.2192860243133,0.29174422526391,-1.0,-1.0,-1.0,-1.0,0.0,0.0,-0.03967790201512895,-0.011805182048151045,0.0,0.0,-0.08263457041838067,-0.023892418445623276,2867927.00,1.4477219253172524955840,41959.14566750783484296580,11.499840739698475938480310
glove,apron,254176.0,1.72208295505359150643,10832.829913862604880829,6.5854038598313128101619,43096.541554978634,0.29198594530399213,330.60614779674887,0.47429233898491474,-1.0,-1.0,-1.0,-1.0,0.0,0.0,-0.008697273511862894,-0.0010149986593625563,0.0,0.0,-0.017547159468983813,-0.0020320598567554636,254176.00,1.722082955053591506430,10646.0224600457979134810,6.57204906275426250246390
goat,activ,48372942.0,1.55112718273722570927877,138509.7366152811369823625,37.079824038343080134158889,5987550.124999038,0.19199683486044083,876.8224626223207,0.5713674880860937,-1.0,-1.0,-1.0,-1.0,0.0,0.0,-0.15328510913862764,-0.05118411885392103,0.0,0.0,-0.362070186300111,-0.10789051884775686,48372942.00,1.551127182737225709278770,101690.60156255609062233690,33.4688522083457627525566930
goat,author,35285967.0,1.49295358757260311583536,107276.254471119162587698063,24.4718020011307447299840168,5182982.402503119,0.21929262055203705,741.5636727187232,0.4136566804731041,-1.0,-1.0,-1.0,-1.0,0.0,0.0,-0.15813914267003837,-0.060100642979206566,0.0,0.0,-0.3756895009267708,-0.12788740098665044,35285967.00,1.492953587572603115835360,77979.9906874695081990256770,21.69702576668855834161880520
goos,attitud,11733907.0,1.4797479490308923408933,51156.4950994712286293932,13.270577978875502948271493,2152527.5991654554,0.27145249234525837,537.3042410319024,0.516916373224851,-1.0,-1.0,-1.0,-1.0,0.0,0.0,-0.10845442568226035,-0.03199354601441433,0.0,0.0,-0.24329530381047706,-0.06610192707432247,11733907.00,1.47974794903089234089330,41145.89264729445047374400,12.4477572377095562660422390
grenad,arm,14728171.0,1.7217455173236940934237,95602.03978645566173206563,22.860404856936642892434798,2318725.797731806,0.2710625608670312,764.9217514907918,0.5047294159834467,-1.0,-1.0,-1.0,-1.0,0.0,0.0,-0.08056922478551427,-0.02617679884701819,0.0,0.0,-0.17525892532087364,-0.05376088558174734,14728171.00,1.72174551732369409342370,81345.512658288494372653070,21.6941102765606564423285420
guitar,archiv,6499255.0,1.5683783980098133946177,61289.925388547543133301805,21.5023907159929339393588958,1624686.2151464818,0.3920638232197485,698.9772444569879,0.48890997881129905,-1.0,-1.0,-1.0,-1.0,0.0,0.0,-0.041982623643153666,-0.009814050216908912,0.0,0.0,-0.08764480619924747,-0.019822640826319068,6499255.00,1.56837839800981339461770,56351.0486504541253601694050,21.08444140695921204015560180
hammer,agreement,14001236.0,1.4834218928657096223769,43880.2154950289334132370,15.33567562947680540228135,1986066.2916629948,0.21042243825727247,508.0724200456009,0.530409786172391,-1.0,-1.0,-1.0,-1.0,0.0,0.0,-0.11406983057527534,-0.024847033661869158,0.0,0.0,-0.2575142703388149,-0.050960279093800215,14001236.00,1.48342189286570962237690,34894.40758648900746325340,14.592060170628072801401130
hatchet,ax,1676824.0,1.654560237444940852677,29088.4513832101791976026,11.88348728758296671566194,241785.93921897112,0.238575665069792,487.52846190223516,0.4889393110797997,-1.0,-1.0,-1.0,-1.0,0.0,0.0,-0.03895059149115472,-0.006909932202378395,0.0,0.0,-0.08105845786137068,-0.013916023181467457,1676824.00,1.6545602374449408526770,26907.38060618395465096660,11.720386122605045410223900
helicopt,aircraft,1537431.0,1.497683965246327706242,20438.6725653883480431599,9.97739124904391647805325,144309.80049532326,0.14057897507578695,399.80256679114996,0.5360310783513758,-1.0,-1.0,-1.0,-1.0,0.0,0.0,-0.03324692415875197,-0.004682295609841154,0.0,0.0,-0.06878059142417767,-0.0094086452781628,1537431.00,1.4976839652463277062420,19123.35677629895052811910,9.884392506163295409814370
helicopt,ambul,152508.0,1.58804602488676004443,7798.5824458808932710252,3.4910001849100267001955,23315.70166218465,0.24278337754136145,266.3591845896556,0.2739534719508455,-1.0,-1.0,-1.0,-1.0,0.0,0.0,-0.014516066429285667,-0.0019730232149957677,0.0,0.0,-0.029459772878669774,-0.003953847462824241,152508.00,1.588046024886760044430,7575.41251376319665288480,3.47725166224764746789090
jar,baseboard,2263.0,1.740769230769230806,550.6131604703417690,0.590984294270581701280,726.4647272923855,0.5588190209941427,87.11233064968405,0.17584269171181957,-1.0,-1.0,-1.0,-1.0,0.0,0.0,-0.004477530943336511,-1.3854870253648626E-4,0.0,0.0,-0.008995338794471062,-2.7713580187874924E-4,2263.00,1.7407692307692308060,545.70436482710036380,0.5908205567418226072000
knife,ax,1676824.0,1.654560237444940852677,29088.4513832101791976026,11.88348728758296671566194,241785.93921897112,0.238575665069792,487.52846190223516,0.4889393110797997,-1.0,-1.0,-1.0,-1.0,0.0,0.0,-0.03895059149115472,-0.006909932202378395,0.0,0.0,-0.08105845786137068,-0.013916023181467457,1676824.00,1.6545602374449408526770,26907.38060618395465096660,11.720386122605045410223900
musket,artifact,404501.0,1.470084134396976264437,12675.243015535378625412,4.13976978745471405014983,49199.76275349303,0.17880744581596927,313.8560856582166,0.2404717841671273,-1.0,-1.0,-1.0,-1.0,0.0,0.0,-0.01586374178798698,-0.0032002232578740085,0.0,0.0,-0.03223891337325251,-0.006420995133713624,404501.00,1.4700841343969762644370,12279.3694863856320240080,4.113357936163386629907970
oak,acacia,37702.0,1.7794034359071172423,4857.83067807791419368,5.1639482930921967207067,7389.790660093153,0.34877244950411335,249.19320425489062,0.4692971981150297,-1.0,-1.0,-1.0,-1.0,0.0,0.0,-0.002496623428041559,-1.2736710049681424E-4,0.0,0.0,-0.005005744314613769,-2.5476664988312737E-4,37702.00,1.77940343590711724230,4833.634738466913828520,5.16263302637149206464130
parslei,aid,17651345.0,1.5945994264938451379129,69066.95911848766669063437,14.326402843964476821243408,2584066.7953826194,0.23344121538267554,600.3842607859342,0.43508860429158147,-1.0,-1.0,-1.0,-1.0,0.0,0.0,-0.17447956136783782,-0.06289679390344173,0.0,0.0,-0.42271409211125033,-0.13423664222734694,17651345.00,1.59459942649384513791290,48545.916218482858764068570,12.6308764067356639386811880
penguin,advers,288791.0,1.537095289039338707304,8250.997440212390746930,2.60777449968604730476744,65758.11029067061,0.3499987241427851,253.13661854552763,0.21679137077441407,-1.0,-1.0,-1.0,-1.0,0.0,0.0,-0.02474240945824791,-0.005075068741098516,0.0,0.0,-0.05074025508379502,-0.010201912891411646,288791.00,1.5370952890393387073040,7852.5567097021381372800,2.581438885046302131128360
piano,attract,27672900.0,1.6925453605997649532743,60791.67656706393516595335,13.876955542783323916360715,3967336.2974207266,0.2426524377328903,541.3886818130997,0.6310432860584485,-1.0,-1.0,-1.0,-1.0,0.0,0.0,-0.24023392328371196,-0.07598991377296092,0.0,0.0,-0.6323891804224898,-0.16447853742213242,27672900.00,1.69254536059976495327430,37240.921035344048527328650,11.9168839071121677423479650
rat,autobiographi,884173.0,1.300078518788634479502,14981.8962423151300346451,4.6592237818976046500041,350333.86559252307,0.5151271674898735,340.36254393155076,0.21578175022170518,-1.0,-1.0,-1.0,-1.0,0.0,0.0,-0.033062681831004505,-0.006994432947309222,0.0,0.0,-0.06838640149624675,-0.01408739926417368,884173.00,1.3000785187886344795020,14022.91925592967370791890,4.59449923673083613568490
revolv,apostl,815447.0,1.628331006994989889572,16731.24283117331950034765,6.54377262298662374076135,148744.04580015969,0.2970205812055019,360.4936797869992,0.4392371149370763,-1.0,-1.0,-1.0,-1.0,0.0,0.0,-0.029822660876498486,-0.004919282757965584,0.0,0.0,-0.061478782638731834,-0.009887203465463318,815447.00,1.6283310069949898895720,15762.201849745028090699550,6.479706446949162962837450
robe,adsimili,21.0,1.0,28.936537713592514,1.2460732064309044,21.0,1.0,28.936537713592514,1.2460732064309044,-1.0,-1.0,-1.0,-1.0,0.0,0.0,0.0,0.0,0.0,0.0,0.0,0.0,21.00,1.00,28.9365377135925140,1.24607320643090440
saxophon,banjo,21930.0,1.6838144963144963455,2486.14990452726310978,3.441163410955426458255,5445.474634960666,0.41811076742634107,178.46236842046034,0.6073238412003603,-1.0,-1.0,-1.0,-1.0,0.0,0.0,-0.006861832924596383,-2.2640237292793856E-4,0.0,0.0,-0.013818485991336189,-4.529072851399491E-4,21930.00,1.68381449631449634550,2452.263337944805489180,3.4396055885263747808710
scarf,apron,254176.0,1.72208295505359150643,10832.829913862604880829,6.5854038598313128101619,43096.541554978634,0.29198594530399213,330.60614779674887,0.47429233898491474,-1.0,-1.0,-1.0,-1.0,0.0,0.0,-0.008697273511862894,-0.0010149986593625563,0.0,0.0,-0.017547159468983813,-0.0020320598567554636,254176.00,1.722082955053591506430,10646.0224600457979134810,6.57204906275426250246390
scooter,acceler,3971616.0,1.5951283636183997344640,28919.9401262974767484936,8.48664971857871246002836,442816.34076443024,0.17784924449570486,421.1437090802841,0.35008351233563684,-1.0,-1.0,-1.0,-1.0,0.0,0.0,-0.10805032167955252,-0.02310282922683972,0.0,0.0,-0.2422789632774186,-0.04729838496421297,3971616.00,1.59512836361839973446400,23279.74712700599951275700,8.103373251042211869544240
scooter,apologist,67366.0,1.48353850558259375556,4474.6179605605388978608,1.68603873892134285553238,15070.914703494278,0.3318926799421762,205.302182292361,0.17416117786582969,-1.0,-1.0,-1.0,-1.0,0.0,0.0,-0.00818137144469928,-0.0014030734703524333,0.0,0.0,-0.016497716838846634,-0.0028100897030164797,67366.00,1.483538505582593755560,4401.99509200662102834080,1.681314095494058534866380
scooter,back,26723042.0,1.2889372335388243534362,55706.66911177486796046132,9.386543940367872266575839,9321421.86098548,0.44960179706138786,514.2859089587847,0.42696472718674255,-1.0,-1.0,-1.0,-1.0,0.0,0.0,-0.4180922943185469,-0.18309794339439361,0.0,0.0,-1.4369711562039984,-0.44827391953253903,26723042.00,1.28893723353882435343620,22858.977616521152168810080,6.4811937947467684207892010
shirt,apparel,244048.0,1.74893400505944488225,11862.399712790229853374,4.9564404904768022850493,42593.7720095321,0.30524198629458077,329.0083203334165,0.3931132749349932,-1.0,-1.0,-1.0,-1.0,0.0,0.0,-0.011680847177174044,-0.0020341738104237253,0.0,0.0,-0.023637803929654384,-0.004076640215608562,244048.00,1.748934005059444882250,11588.4736449274671069920,4.93631690247518366479550
shirt,artefact,61672.0,1.48732666103943084755,4662.345568320919939163,1.7564980722030318424857,7939.278304732742,0.19146939116683329,204.39301332967935,0.17504562413491154,-1.0,-1.0,-1.0,-1.0,0.0,0.0,-0.005729097334971033,-9.83802233241896E-4,0.0,0.0,-0.011524218036784235,-0.0019695421064065384,61672.00,1.487326661039430847550,4609.2278219199028855430,1.75304537552150098402390
shovel,artefact,61672.0,1.48732666103943084755,4662.345568320919939163,1.7564980722030318424857,7939.278304732742,0.19146939116683329,204.39301332967935,0.17504562413491154,-1.0,-1.0,-1.0,-1.0,0.0,0.0,-0.005729097334971033,-9.83802233241896E-4,0.0,0.0,-0.011524218036784235,-0.0019695421064065384,61672.00,1.487326661039430847550,4609.2278219199028855430,1.75304537552150098402390
sparrow,aid,17651345.0,1.5945994264938451379129,69066.95911848766669063437,14.326402843964476821243408,2584066.7953826194,0.23344121538267554,600.3842607859342,0.43508860429158147,-1.0,-1.0,-1.0,-1.0,0.0,0.0,-0.17447956136783782,-0.06289679390344173,0.0,0.0,-0.42271409211125033,-0.13423664222734694,17651345.00,1.59459942649384513791290,48545.916218482858764068570,12.6308764067356639386811880
stereo,achiev,45648994.0,1.52544139778289834730669,63795.91659255724377837981,16.811118288681322758104970,4839663.975427426,0.16172588117660494,534.2119877860198,0.5168670488204393,-1.0,-1.0,-1.0,-1.0,0.0,0.0,-0.41989080479877844,-0.1158211470408063,0.0,0.0,-1.4476267856886202,-0.2619857886290154,45648994.00,1.525441397782898347306690,26064.397139945816023050470,13.3211629165368275762746740
stereo,avatar,22115.0,1.5547665916760405191,2346.47648894934231375,2.224178454620194229043,6483.793102806412,0.45583472320067575,167.12542737417056,0.37204270379532856,-1.0,-1.0,-1.0,-1.0,0.0,0.0,-0.006199106310757978,-3.1814130808030836E-4,0.0,0.0,-0.012475549881516642,-6.364851083655659E-4,22115.00,1.55476659167604051910,2317.563608547322483050,2.2227636986266028299010
sword,agnoscunt,3094.0,1.909876543209876479,809.036311801978759,3.963970382338340528076,510.8678889889244,0.3153505487585953,121.38917648586637,0.8423236515853163,-1.0,-1.0,-1.0,-1.0,0.0,0.0,0.0,0.0,0.0,0.0,0.0,0.0,3094.00,1.9098765432098764790,809.0363118019787590,3.9639703823383405280760
sword,batik,4479.0,1.7537196554424432120,827.71863368354956636,1.365263581147355789234,902.5059556590195,0.35336959892678915,107.32447409265784,0.3701096030433769,-1.0,-1.0,-1.0,-1.0,0.0,0.0,-0.0035135595908271484,-6.569093724231989E-5,0.0,0.0,-0.0070518964400246645,-1.3139050565010068E-4,4479.00,1.75371965544244321200,821.922521182446971360,1.3650842220411668260140
toaster,artifact,404501.0,1.470084134396976264437,12675.243015535378625412,4.13976978745471405014983,49199.76275349303,0.17880744581596927,313.8560856582166,0.2404717841671273,-1.0,-1.0,-1.0,-1.0,0.0,0.0,-0.01586374178798698,-0.0032002232578740085,0.0,0.0,-0.03223891337325251,-0.006420995133713624,404501.00,1.4700841343969762644370,12279.3694863856320240080,4.113357936163386629907970
violin,back,26723042.0,1.2889372335388243534362,55706.66911177486796046132,9.386543940367872266575839,9321421.86098548,0.44960179706138786,514.2859089587847,0.42696472718674255,-1.0,-1.0,-1.0,-1.0,0.0,0.0,-0.4180922943185469,-0.18309794339439361,0.0,0.0,-1.4369711562039984,-0.44827391953253903,26723042.00,1.28893723353882435343620,22858.977616521152168810080,6.4811937947467684207892010
violin,bagpip,12445.0,1.6020854788877445913,1991.88776084783203642,2.130745743147041749061,1957.6202389636248,0.2520108443568003,159.3185923042575,0.34145402845353096,-1.0,-1.0,-1.0,-1.0,0.0,0.0,-0.0019849455480350484,-8.540487288011604E-5,0.0,0.0,-0.003977786786242481,-1.7082433499084678E-4,12445.00,1.60208547888774459130,1983.995848378193316620,2.1303818220890068059810
wardrob,artifact,404501.0,1.470084134396976264437,12675.243015535378625412,4.13976978745471405014983,49199.76275349303,0.17880744581596927,313.8560856582166,0.2404717841671273,-1.0,-1.0,-1.0,-1.0,0.0,0.0,-0.01586374178798698,-0.0032002232578740085,0.0,0.0,-0.03223891337325251,-0.006420995133713624,404501.00,1.4700841343969762644370,12279.3694863856320240080,4.113357936163386629907970
washer,affluenc,88712.0,1.68856234653672650541,5290.492598730511555522,2.1496555594576129028535,20565.694444875913,0.39145163303721026,217.08157380683318,0.2481923608992796,-1.0,-1.0,-1.0,-1.0,0.0,0.0,-0.005785272335476312,-0.0010935881183471675,0.0,0.0,-0.011637872935288939,-0.0021895707252237205,88712.00,1.688562346536726505410,5229.6308197517695348720,2.14495901998065869145190
washer,agreement,14001236.0,1.4834218928657096223769,43880.2154950289334132370,15.33567562947680540228135,1986066.2916629948,0.21042243825727247,508.0724200456009,0.530409786172391,-1.0,-1.0,-1.0,-1.0,0.0,0.0,-0.11406983057527534,-0.024847033661869158,0.0,0.0,-0.2575142703388149,-0.050960279093800215,14001236.00,1.48342189286570962237690,34894.40758648900746325340,14.592060170628072801401130
washer,artifact,404501.0,1.470084134396976264437,12675.243015535378625412,4.13976978745471405014983,49199.76275349303,0.17880744581596927,313.8560856582166,0.2404717841671273,-1.0,-1.0,-1.0,-1.0,0.0,0.0,-0.01586374178798698,-0.0032002232578740085,0.0,0.0,-0.03223891337325251,-0.006420995133713624,404501.00,1.4700841343969762644370,12279.3694863856320240080,4.113357936163386629907970
