w1,w2,c1,c2,c3,c4,c5,c6,c7,c8,c9,c10,c11,c12,c13,c14,c15,c16,c17,c18,c19,c20,c21,c22,c23,c24
acacia,cedar,37702.0,1.7794034359071172423,4857.83067807791419368,5.1639482930921967207067,7389.790660093153,0.34877244950411335,249.19320425489062,0.4692971981150297,-1.0,-1.0,-1.0,-1.0,0.0,0.0,-0.002496623428041559,-1.2736710049681424E-4,0.0,0.0,-0.005005744314613769,-2.5476664988312737E-4,37702.00,1.77940343590711724230,4833.634738466913828520,5.16263302637149206464130
acacia,democraci,37702.0,1.7794034359071172423,4857.83067807791419368,5.1639482930921967207067,7389.790660093153,0.34877244950411335,249.19320425489062,0.4692971981150297,-1.0,-1.0,-1.0,-1.0,0.0,0.0,-0.002496623428041559,-1.2736710049681424E-4,0.0,0.0,-0.005005744314613769,-2.5476664988312737E-4,37702.00,1.77940343590711724230,4833.634738466913828520,5.16263302637149206464130
acacia,oak,37702.0,1.7794034359071172423,4857.83067807791419368,5.1639482930921967207067,7389.790660093153,0.34877244950411335,249.19320425489062,0.4692971981150297,-1.0,-1.0,-1.0,-1.0,0.0,0.0,-0.002496623428041559,-1.2736710049681424E-4,0.0,0.0,-0.005005744314613769,-2.5476664988312737E-4,37702.00,1.77940343590711724230,4833.634738466913828520,5.16263302637149206464130
acacia,wood,37702.0,1.7794034359071172423,4857.83067807791419368,5.1639482930921967207067,7389.790660093153,0.34877244950411335,249.19320425489062,0.4692971981150297,-1.0,-1.0,-1.0,-1.0,0.0,0.0,-0.002496623428041559,-1.2736710049681424E-4,0.0,0.0,-0.005005744314613769,-2.5476664988312737E-4,37702.00,1.77940343590711724230,4833.634738466913828520,5.16263302637149206464130
allig,dock,57264.0,1.69676138552253400797,6079.266891488532029888,5.4214742859426736839351,9021.613824588148,0.26731499672844083,267.07502808229503,0.5153505161037774,-1.0,-1.0,-1.0,-1.0,0.0,0.0,-0.003382634104725252,-2.7148839711104095E-4,0.0,0.0,-0.006788230308803794,-5.431242461531022E-4,57264.00,1.696761385522534007970,6038.2776719826064923680,5.41853135018784595895170
ambul,bike,152508.0,1.58804602488676004443,7798.5824458808932710252,3.4910001849100267001955,23315.70166218465,0.24278337754136145,266.3591845896556,0.2739534719508455,-1.0,-1.0,-1.0,-1.0,0.0,0.0,-0.014516066429285667,-0.0019730232149957677,0.0,0.0,-0.029459772878669774,-0.003953847462824241,152508.00,1.588046024886760044430,7575.41251376319665288480,3.47725166224764746789090
ambul,bomber,152508.0,1.58804602488676004443,7798.5824458808932710252,3.4910001849100267001955,23315.70166218465,0.24278337754136145,266.3591845896556,0.2739534719508455,-1.0,-1.0,-1.0,-1.0,0.0,0.0,-0.014516066429285667,-0.0019730232149957677,0.0,0.0,-0.029459772878669774,-0.003953847462824241,152508.00,1.588046024886760044430,7575.41251376319665288480,3.47725166224764746789090
ambul,bonnet,152508.0,1.58804602488676004443,7798.5824458808932710252,3.4910001849100267001955,23315.70166218465,0.24278337754136145,266.3591845896556,0.2739534719508455,-1.0,-1.0,-1.0,-1.0,0.0,0.0,-0.014516066429285667,-0.0019730232149957677,0.0,0.0,-0.029459772878669774,-0.003953847462824241,152508.00,1.588046024886760044430,7575.41251376319665288480,3.47725166224764746789090
ambul,debat,152508.0,1.58804602488676004443,7798.5824458808932710252,3.4910001849100267001955,23315.70166218465,0.24278337754136145,266.3591845896556,0.2739534719508455,-1.0,-1.0,-1.0,-1.0,0.0,0.0,-0.014516066429285667,-0.0019730232149957677,0.0,0.0,-0.029459772878669774,-0.003953847462824241,152508.00,1.588046024886760044430,7575.41251376319665288480,3.47725166224764746789090
ambul,exist,152508.0,1.58804602488676004443,7798.5824458808932710252,3.4910001849100267001955,23315.70166218465,0.24278337754136145,266.3591845896556,0.2739534719508455,-1.0,-1.0,-1.0,-1.0,0.0,0.0,-0.014516066429285667,-0.0019730232149957677,0.0,0.0,-0.029459772878669774,-0.003953847462824241,152508.00,1.588046024886760044430,7575.41251376319665288480,3.47725166224764746789090
ambul,glider,152508.0,1.58804602488676004443,7798.5824458808932710252,3.4910001849100267001955,23315.70166218465,0.24278337754136145,266.3591845896556,0.2739534719508455,-1.0,-1.0,-1.0,-1.0,0.0,0.0,-0.014516066429285667,-0.0019730232149957677,0.0,0.0,-0.029459772878669774,-0.003953847462824241,152508.00,1.588046024886760044430,7575.41251376319665288480,3.47725166224764746789090
ambul,hood,152508.0,1.58804602488676004443,7798.5824458808932710252,3.4910001849100267001955,23315.70166218465,0.24278337754136145,266.3591845896556,0.2739534719508455,-1.0,-1.0,-1.0,-1.0,0.0,0.0,-0.014516066429285667,-0.0019730232149957677,0.0,0.0,-0.029459772878669774,-0.003953847462824241,152508.00,1.588046024886760044430,7575.41251376319665288480,3.47725166224764746789090
ambul,idiophreak,152508.0,1.58804602488676004443,7798.5824458808932710252,3.4910001849100267001955,23315.70166218465,0.24278337754136145,266.3591845896556,0.2739534719508455,-1.0,-1.0,-1.0,-1.0,0.0,0.0,-0.014516066429285667,-0.0019730232149957677,0.0,0.0,-0.029459772878669774,-0.003953847462824241,152508.00,1.588046024886760044430,7575.41251376319665288480,3.47725166224764746789090
ambul,paramed,152508.0,1.58804602488676004443,7798.5824458808932710252,3.4910001849100267001955,23315.70166218465,0.24278337754136145,266.3591845896556,0.2739534719508455,-1.0,-1.0,-1.0,-1.0,0.0,0.0,-0.014516066429285667,-0.0019730232149957677,0.0,0.0,-0.029459772878669774,-0.003953847462824241,152508.00,1.588046024886760044430,7575.41251376319665288480,3.47725166224764746789090
ambul,potteri,152508.0,1.58804602488676004443,7798.5824458808932710252,3.4910001849100267001955,23315.70166218465,0.24278337754136145,266.3591845896556,0.2739534719508455,-1.0,-1.0,-1.0,-1.0,0.0,0.0,-0.014516066429285667,-0.0019730232149957677,0.0,0.0,-0.029459772878669774,-0.003953847462824241,152508.00,1.588046024886760044430,7575.41251376319665288480,3.47725166224764746789090
ambul,program,152508.0,1.58804602488676004443,7798.5824458808932710252,3.4910001849100267001955,23315.70166218465,0.24278337754136145,266.3591845896556,0.2739534719508455,-1.0,-1.0,-1.0,-1.0,0.0,0.0,-0.014516066429285667,-0.0019730232149957677,0.0,0.0,-0.029459772878669774,-0.003953847462824241,152508.00,1.588046024886760044430,7575.41251376319665288480,3.47725166224764746789090
ambul,radio,152508.0,1.58804602488676004443,7798.5824458808932710252,3.4910001849100267001955,23315.70166218465,0.24278337754136145,266.3591845896556,0.2739534719508455,-1.0,-1.0,-1.0,-1.0,0.0,0.0,-0.014516066429285667,-0.0019730232149957677,0.0,0.0,-0.029459772878669774,-0.003953847462824241,152508.00,1.588046024886760044430,7575.41251376319665288480,3.47725166224764746789090
ambul,rear,152508.0,1.58804602488676004443,7798.5824458808932710252,3.4910001849100267001955,23315.70166218465,0.24278337754136145,266.3591845896556,0.2739534719508455,-1.0,-1.0,-1.0,-1.0,0.0,0.0,-0.014516066429285667,-0.0019730232149957677,0.0,0.0,-0.029459772878669774,-0.003953847462824241,152508.00,1.588046024886760044430,7575.41251376319665288480,3.47725166224764746789090
ambul,replac,152508.0,1.58804602488676004443,7798.5824458808932710252,3.4910001849100267001955,23315.70166218465,0.24278337754136145,266.3591845896556,0.2739534719508455,-1.0,-1.0,-1.0,-1.0,0.0,0.0,-0.014516066429285667,-0.0019730232149957677,0.0,0.0,-0.029459772878669774,-0.003953847462824241,152508.00,1.588046024886760044430,7575.41251376319665288480,3.47725166224764746789090
ambul,train,152508.0,1.58804602488676004443,7798.5824458808932710252,3.4910001849100267001955,23315.70166218465,0.24278337754136145,266.3591845896556,0.2739534719508455,-1.0,-1.0,-1.0,-1.0,0.0,0.0,-0.014516066429285667,-0.0019730232149957677,0.0,0.0,-0.029459772878669774,-0.003953847462824241,152508.00,1.588046024886760044430,7575.41251376319665288480,3.47725166224764746789090
ant,bee,751973.0,1.665440427360270721279,26794.879127429637366275,11.8475994180886312800598,104830.63305637336,0.232174791272897,499.84023280381183,0.5242204748477238,-1.0,-1.0,-1.0,-1.0,0.0,0.0,-0.020032736760080688,-0.003171086479005974,0.0,0.0,-0.04088450198601419,-0.0063623485153637424,751973.00,1.6654404273602707212790,25742.4133766088736601130,11.77269741417373643992320
ant,bodi,751973.0,1.665440427360270721279,26794.879127429637366275,11.8475994180886312800598,104830.63305637336,0.232174791272897,499.84023280381183,0.5242204748477238,-1.0,-1.0,-1.0,-1.0,0.0,0.0,-0.020032736760080688,-0.003171086479005974,0.0,0.0,-0.04088450198601419,-0.0063623485153637424,751973.00,1.6654404273602707212790,25742.4133766088736601130,11.77269741417373643992320
ant,di,751973.0,1.665440427360270721279,26794.879127429637366275,11.8475994180886312800598,104830.63305637336,0.232174791272897,499.84023280381183,0.5242204748477238,-1.0,-1.0,-1.0,-1.0,0.0,0.0,-0.020032736760080688,-0.003171086479005974,0.0,0.0,-0.04088450198601419,-0.0063623485153637424,751973.00,1.6654404273602707212790,25742.4133766088736601130,11.77269741417373643992320
ant,locust,751973.0,1.665440427360270721279,26794.879127429637366275,11.8475994180886312800598,104830.63305637336,0.232174791272897,499.84023280381183,0.5242204748477238,-1.0,-1.0,-1.0,-1.0,0.0,0.0,-0.020032736760080688,-0.003171086479005974,0.0,0.0,-0.04088450198601419,-0.0063623485153637424,751973.00,1.6654404273602707212790,25742.4133766088736601130,11.77269741417373643992320
ant,novelist,751973.0,1.665440427360270721279,26794.879127429637366275,11.8475994180886312800598,104830.63305637336,0.232174791272897,499.84023280381183,0.5242204748477238,-1.0,-1.0,-1.0,-1.0,0.0,0.0,-0.020032736760080688,-0.003171086479005974,0.0,0.0,-0.04088450198601419,-0.0063623485153637424,751973.00,1.6654404273602707212790,25742.4133766088736601130,11.77269741417373643992320
ant,silverfish,751973.0,1.665440427360270721279,26794.879127429637366275,11.8475994180886312800598,104830.63305637336,0.232174791272897,499.84023280381183,0.5242204748477238,-1.0,-1.0,-1.0,-1.0,0.0,0.0,-0.020032736760080688,-0.003171086479005974,0.0,0.0,-0.04088450198601419,-0.0063623485153637424,751973.00,1.6654404273602707212790,25742.4133766088736601130,11.77269741417373643992320
ant,theorem,751973.0,1.665440427360270721279,26794.879127429637366275,11.8475994180886312800598,104830.63305637336,0.232174791272897,499.84023280381183,0.5242204748477238,-1.0,-1.0,-1.0,-1.0,0.0,0.0,-0.020032736760080688,-0.003171086479005974,0.0,0.0,-0.04088450198601419,-0.0063623485153637424,751973.00,1.6654404273602707212790,25742.4133766088736601130,11.77269741417373643992320
appl,cherri,1609141.0,1.889736657913650500245,29610.3765227543390142507,14.806174836244925279399573,288321.62815335236,0.33859801595431255,505.2161074144759,0.7814460887506719,-1.0,-1.0,-1.0,-1.0,0.0,0.0,-0.02163553301832426,-0.0031773823381505153,0.0,0.0,-0.04422796155929789,-0.006375020554014703,1609141.00,1.8897366579136505002450,28356.23792197492680292530,14.7123830916371997529724730
appl,headstock,1609141.0,1.889736657913650500245,29610.3765227543390142507,14.806174836244925279399573,288321.62815335236,0.33859801595431255,505.2161074144759,0.7814460887506719,-1.0,-1.0,-1.0,-1.0,0.0,0.0,-0.02163553301832426,-0.0031773823381505153,0.0,0.0,-0.04422796155929789,-0.006375020554014703,1609141.00,1.8897366579136505002450,28356.23792197492680292530,14.7123830916371997529724730
apricot,cherri,82561.0,2.34295362960440432978,4272.11412561570771519,4.2219892429931473802005,24483.457823599998,0.6948027079743458,225.7464113778296,0.4850594684308219,-1.0,-1.0,-1.0,-1.0,0.0,0.0,-0.007305072642206739,-4.8677550845147407E-4,0.0,0.0,-0.01471765885144651,-9.740251484898488E-4,82561.00,2.342953629604404329780,4210.150565873950425310,4.21788092090285247943750
apricot,plum,82561.0,2.34295362960440432978,4272.11412561570771519,4.2219892429931473802005,24483.457823599998,0.6948027079743458,225.7464113778296,0.4850594684308219,-1.0,-1.0,-1.0,-1.0,0.0,0.0,-0.007305072642206739,-4.8677550845147407E-4,0.0,0.0,-0.01471765885144651,-9.740251484898488E-4,82561.00,2.342953629604404329780,4210.150565873950425310,4.21788092090285247943750
apricot,tyrosin,82561.0,2.34295362960440432978,4272.11412561570771519,4.2219892429931473802005,24483.457823599998,0.6948027079743458,225.7464113778296,0.4850594684308219,-1.0,-1.0,-1.0,-1.0,0.0,0.0,-0.007305072642206739,-4.8677550845147407E-4,0.0,0.0,-0.01471765885144651,-9.740251484898488E-4,82561.00,2.342953629604404329780,4210.150565873950425310,4.21788092090285247943750
ax,artefact,1046239.0,1.334888158897459520717,30810.9441313086614614436,12.40092411911304589734004,102207.12434561497,0.1055395462819641,510.00211654823283,0.49533234698282225,0.8663970428252731,0.9048755961089677,0.09990054788182352,0.13432879401502087,0.2743834014628307,0.4223423310238787,0.01121067126600803,0.03872167190694011,0.43061358324013527,0.593868749894906,0.022172770886550428,0.07455639552769285,1046239.00,1.3348881588974595207170,28818.39957094552185229360,12.259726835508043419884200
ax,collis,1676824.0,1.654560237444940852677,29088.4513832101791976026,11.88348728758296671566194,241785.93921897112,0.238575665069792,487.52846190223516,0.4889393110797997,-1.0,-1.0,-1.0,-1.0,0.0,0.0,-0.03895059149115472,-0.006909932202378395,0.0,0.0,-0.08105845786137068,-0.013916023181467457,1676824.00,1.6545602374449408526770,26907.38060618395465096660,11.720386122605045410223900
ax,motiv,1676824.0,1.654560237444940852677,29088.4513832101791976026,11.88348728758296671566194,241785.93921897112,0.238575665069792,487.52846190223516,0.4889393110797997,-1.0,-1.0,-1.0,-1.0,0.0,0.0,-0.03895059149115472,-0.006909932202378395,0.0,0.0,-0.08105845786137068,-0.013916023181467457,1676824.00,1.6545602374449408526770,26907.38060618395465096660,11.720386122605045410223900
ax,object,1676824.0,1.654560237444940852677,29088.4513832101791976026,11.88348728758296671566194,241785.93921897112,0.238575665069792,487.52846190223516,0.4889393110797997,-1.0,-1.0,-1.0,-1.0,0.0,0.0,-0.03895059149115472,-0.006909932202378395,0.0,0.0,-0.08105845786137068,-0.013916023181467457,1676824.00,1.6545602374449408526770,26907.38060618395465096660,11.720386122605045410223900
ax,scissor,1676824.0,1.654560237444940852677,29088.4513832101791976026,11.88348728758296671566194,241785.93921897112,0.238575665069792,487.52846190223516,0.4889393110797997,-1.0,-1.0,-1.0,-1.0,0.0,0.0,-0.03895059149115472,-0.006909932202378395,0.0,0.0,-0.08105845786137068,-0.013916023181467457,1676824.00,1.6545602374449408526770,26907.38060618395465096660,11.720386122605045410223900
ax,spoon,1676824.0,1.654560237444940852677,29088.4513832101791976026,11.88348728758296671566194,241785.93921897112,0.238575665069792,487.52846190223516,0.4889393110797997,-1.0,-1.0,-1.0,-1.0,0.0,0.0,-0.03895059149115472,-0.006909932202378395,0.0,0.0,-0.08105845786137068,-0.013916023181467457,1676824.00,1.6545602374449408526770,26907.38060618395465096660,11.720386122605045410223900
ax,sword,1676824.0,1.654560237444940852677,29088.4513832101791976026,11.88348728758296671566194,241785.93921897112,0.238575665069792,487.52846190223516,0.4889393110797997,-1.0,-1.0,-1.0,-1.0,0.0,0.0,-0.03895059149115472,-0.006909932202378395,0.0,0.0,-0.08105845786137068,-0.013916023181467457,1676824.00,1.6545602374449408526770,26907.38060618395465096660,11.720386122605045410223900
bag,artifact,2103138.0,1.4140457265047954368664,45954.056219235792747506526,17.9966961629261415949579093,199888.6621597133,0.10918758793829368,603.354875317735,0.6736837517994145,0.8565604647328018,0.8508830037071557,0.08177193067682678,0.3085634577965092,0.3493100292497353,0.39120148617956746,0.011276943832861062,0.05761937633007701,0.5177609617916561,0.5623937151675434,0.022302384923599844,0.10896051570086653,2103138.00,1.41404572650479543686640,42817.1075461230988822854740,17.76940959677000523266529070
bag,contain,3727257.0,1.6705901388641128997158,38641.029271738462018813126,16.1374334414062653468258093,430606.4197605512,0.19300167350508904,540.7189433933819,0.7007352210685891,-1.0,-1.0,-1.0,-1.0,0.0,0.0,-0.05451689883565965,-0.010075363844945798,0.0,0.0,-0.1153207260257182,-0.020355819982578294,3727257.00,1.67059013886411289971580,34645.6659237653559602628740,15.81549605085978563999365070
bag,content,3727257.0,1.6705901388641128997158,38641.029271738462018813126,16.1374334414062653468258093,430606.4197605512,0.19300167350508904,540.7189433933819,0.7007352210685891,-1.0,-1.0,-1.0,-1.0,0.0,0.0,-0.05451689883565965,-0.010075363844945798,0.0,0.0,-0.1153207260257182,-0.020355819982578294,3727257.00,1.67059013886411289971580,34645.6659237653559602628740,15.81549605085978563999365070
bag,purs,3727257.0,1.6705901388641128997158,38641.029271738462018813126,16.1374334414062653468258093,430606.4197605512,0.19300167350508904,540.7189433933819,0.7007352210685891,-1.0,-1.0,-1.0,-1.0,0.0,0.0,-0.05451689883565965,-0.010075363844945798,0.0,0.0,-0.1153207260257182,-0.020355819982578294,3727257.00,1.67059013886411289971580,34645.6659237653559602628740,15.81549605085978563999365070
banana,pineappl,268873.0,2.09326025520253480208,10052.622657366212628572,8.5595916560071754180140,76531.76967116336,0.5958237224003935,327.6617595959514,0.698769826126893,-1.0,-1.0,-1.0,-1.0,0.0,0.0,-0.008742359349443061,-7.694454144125764E-4,0.0,0.0,-0.017638924515538664,-0.0015400758331127894,268873.00,2.093260255202534802080,9878.3786814678941043320,8.54642950646486681325400
banana,plum,268873.0,2.09326025520253480208,10052.622657366212628572,8.5595916560071754180140,76531.76967116336,0.5958237224003935,327.6617595959514,0.698769826126893,-1.0,-1.0,-1.0,-1.0,0.0,0.0,-0.008742359349443061,-7.694454144125764E-4,0.0,0.0,-0.017638924515538664,-0.0015400758331127894,268873.00,2.093260255202534802080,9878.3786814678941043320,8.54642950646486681325400
battleship,abandon,14517284.0,2.4880646616597575232683,80413.01881769854518547404,20.67077839833660068801350308,1292836.5397899302,0.4162774128290819,692.3701855637551,1.0331571614326396,0.7030558752261099,0.79666039964996,0.018283518173663138,0.004573288891880658,0.16678863941375943,0.2693500352122348,-0.09054731257653303,-0.020186442823534614,0.2858934922396238,0.424390479757933,-0.19912484470865421,-0.041204661184125704,14517284.00,2.48806466165975752326830,66965.938450872144624088840,19.602048396106389336547527080
battleship,artific,427206.0,2.021346641157343835895,21216.930689697898560389,11.84164399176516187008029,87588.86291076052,0.39037786016179654,447.0065133358043,1.0459550341388637,0.8297562469995653,0.8326201913843214,0.035679839774498956,0.005834734964505902,0.3785226737115292,0.3739812044608621,0.01791772756382616,0.017833039682358675,0.5491714876076665,0.544376012199685,0.035204667486651416,0.03504118846038627,427206.00,2.0213466411573438358950,20926.1486938047678544090,11.824765162675911095614690
battleship,craft,471864.0,2.100113492222444763726,6775.8083612977196717549,5.46621188567135753236322,152918.28339345168,0.6805896405788179,251.47810868667946,0.9929018105809437,-1.0,-1.0,-1.0,-1.0,0.0,0.0,-0.023382524035019968,-0.0019634036290132792,0.0,0.0,-0.04788471353518648,-0.003934532333087813,471864.00,2.1001134922224447637260,6466.17731299713025065090,5.444789186569951166634320
battleship,imperson,471864.0,2.100113492222444763726,6775.8083612977196717549,5.46621188567135753236322,152918.28339345168,0.6805896405788179,251.47810868667946,0.9929018105809437,-1.0,-1.0,-1.0,-1.0,0.0,0.0,-0.023382524035019968,-0.0019634036290132792,0.0,0.0,-0.04788471353518648,-0.003934532333087813,471864.00,2.1001134922224447637260,6466.17731299713025065090,5.444789186569951166634320
blous,acorn,90197.0,1.68205807209592897091,6287.982437936247687383,4.1426311390330122609748,18615.121675670023,0.34714808339089614,257.8953801719698,0.3970310439050107,-1.0,-1.0,-1.0,-1.0,0.0,0.0,-0.008876112545077013,-8.87125252040293E-4,0.0,0.0,-0.017911206979118854,-0.0017758258840655673,90197.00,1.682058072095928970910,6177.3388433331568637750,4.13528758829566175004520
blous,ballot,362728.0,1.469307732814841821698,10474.1461373456988650322,3.886805322208844853844382,44890.695093749666,0.18183940978551327,286.42218086827404,0.2763241705386081,-1.0,-1.0,-1.0,-1.0,0.0,0.0,-0.027076427147093178,-0.004686059729413313,0.0,0.0,-0.055659926231814656,-0.009416244543182743,362728.00,1.4693077328148418216980,9921.89423608532268743860,3.8505476241546335144473380
bomb,arm,14728171.0,1.7217455173236940934237,95602.03978645566173206563,22.860404856936642892434798,2318725.797731806,0.2710625608670312,764.9217514907918,0.5047294159834467,-1.0,-1.0,-1.0,-1.0,0.0,0.0,-0.08056922478551427,-0.02617679884701819,0.0,0.0,-0.17525892532087364,-0.05376088558174734,14728171.00,1.72174551732369409342370,81345.512658288494372653070,21.6941102765606564423285420
bomb,artefact,61672.0,1.48732666103943084755,4662.345568320919939163,1.7564980722030318424857,7939.278304732742,0.19146939116683329,204.39301332967935,0.17504562413491154,-1.0,-1.0,-1.0,-1.0,0.0,0.0,-0.005729097334971033,-9.83802233241896E-4,0.0,0.0,-0.011524218036784235,-0.0019695421064065384,61672.00,1.487326661039430847550,4609.2278219199028855430,1.75304537552150098402390
bu,back,26723042.0,1.2889372335388243534362,55706.66911177486796046132,9.386543940367872266575839,9321421.86098548,0.44960179706138786,514.2859089587847,0.42696472718674255,-1.0,-1.0,-1.0,-1.0,0.0,0.0,-0.4180922943185469,-0.18309794339439361,0.0,0.0,-1.4369711562039984,-0.44827391953253903,26723042.00,1.28893723353882435343620,22858.977616521152168810080,6.4811937947467684207892010
bu,battleship,471864.0,2.100113492222444763726,6775.8083612977196717549,5.46621188567135753236322,152918.28339345168,0.6805896405788179,251.47810868667946,0.9929018105809437,-1.0,-1.0,-1.0,-1.0,0.0,0.0,-0.023382524035019968,-0.0019634036290132792,0.0,0.0,-0.04788471353518648,-0.003934532333087813,471864.00,2.1001134922224447637260,6466.17731299713025065090,5.444789186569951166634320
car,accept,87604825.0,1.71937483676897254196143,105674.840223547352561416137,22.5965941277446085806097426,9136995.695239272,0.17932711448325855,685.2525255605274,0.46068784232500487,-1.0,-1.0,-1.0,-1.0,0.0,0.0,-0.2807373811005031,-0.11172826501583841,0.0,0.0,-0.7806255287673465,-0.2515632561872085,87604825.00,1.719374836768972541961430,59347.0319931342766730708770,18.05469600999904713668880660
car,agonist,542173.0,1.687015371211649786846,9257.058379681894231110,7.7223460176476418311318,95859.42939012311,0.2982744084576611,305.98805324457527,0.6803343622685916,-1.0,-1.0,-1.0,-1.0,0.0,0.0,-0.01950532108805369,-0.001601980510476382,0.0,0.0,-0.039786694425917174,-0.003209101939716321,542173.00,1.6870153712116497868460,8902.8436594804321032760,7.69764349497666748406960
castl,apparatu,2435612.0,1.538519652729349219698,42950.4581466718918315411,12.78001559438008224299371,240655.98302971816,0.15201680704402926,562.5554115095402,0.39130479233154325,-1.0,-1.0,-1.0,-1.0,0.0,0.0,-0.02704196895075204,-0.006260605441756363,0.0,0.0,-0.055587123160060044,-0.012600095107509446,2435612.00,1.5385196527293492196980,40688.69087574049364709110,12.620989921024258439993630
cathedr,aquarium,75873.0,1.65846248005420883835,4374.1953033588371963356,2.99569025847644629102996,9553.859481905729,0.20883209429508248,207.7345765622257,0.3814306501387466,-1.0,-1.0,-1.0,-1.0,0.0,0.0,-0.004461146291077851,-3.9603888090336824E-4,0.0,0.0,-0.00896227460024822,-7.923915796811907E-4,75873.00,1.658462480054208838350,4335.34078872463035071560,2.993318378198257034385960
cathedr,archbishop,936100.0,1.702123790821150606216,20489.308018215868016017,8.855387463524655858595156,313119.2858736108,0.5693491997119987,434.26313907491385,0.5168031809881555,-1.0,-1.0,-1.0,-1.0,0.0,0.0,-0.02076082983725685,-0.0036653596941363066,0.0,0.0,-0.04240195954131723,-0.007357687961167508,936100.00,1.7021237908211506062160,19655.8609955335010199090,8.7907081758093665063502440
cello,bagpip,12445.0,1.6020854788877445913,1991.88776084783203642,2.130745743147041749061,1957.6202389636248,0.2520108443568003,159.3185923042575,0.34145402845353096,-1.0,-1.0,-1.0,-1.0,0.0,0.0,-0.0019849455480350484,-8.540487288011604E-5,0.0,0.0,-0.003977786786242481,-1.7082433499084678E-4,12445.00,1.60208547888774459130,1983.995848378193316620,2.1303818220890068059810
cello,banjo,21930.0,1.6838144963144963455,2486.14990452726310978,3.441163410955426458255,5445.474634960666,0.41811076742634107,178.46236842046034,0.6073238412003603,-1.0,-1.0,-1.0,-1.0,0.0,0.0,-0.006861832924596383,-2.2640237292793856E-4,0.0,0.0,-0.013818485991336189,-4.529072851399491E-4,21930.00,1.68381449631449634550,2452.263337944805489180,3.4396055885263747808710
cherri,appl,1609141.0,1.889736657913650500245,29610.3765227543390142507,14.806174836244925279399573,288321.62815335236,0.33859801595431255,505.2161074144759,0.7814460887506719,-1.0,-1.0,-1.0,-1.0,0.0,0.0,-0.02163553301832426,-0.0031773823381505153,0.0,0.0,-0.04422796155929789,-0.006375020554014703,1609141.00,1.8897366579136505002450,28356.23792197492680292530,14.7123830916371997529724730
chisel,artefact,61672.0,1.48732666103943084755,4662.345568320919939163,1.7564980722030318424857,7939.278304732742,0.19146939116683329,204.39301332967935,0.17504562413491154,-1.0,-1.0,-1.0,-1.0,0.0,0.0,-0.005729097334971033,-9.83802233241896E-4,0.0,0.0,-0.011524218036784235,-0.0019695421064065384,61672.00,1.487326661039430847550,4609.2278219199028855430,1.75304537552150098402390
coat,apron,254176.0,1.72208295505359150643,10832.829913862604880829,6.5854038598313128101619,43096.541554978634,0.29198594530399213,330.60614779674887,0.47429233898491474,-1.0,-1.0,-1.0,-1.0,0.0,0.0,-0.008697273511862894,-0.0010149986593625563,0.0,0.0,-0.017547159468983813,-0.0020320598567554636,254176.00,1.722082955053591506430,10646.0224600457979134810,6.57204906275426250246390
cow,anim,13560998.0,1.5605524593578500099084,88968.5550471211617976072,23.07794015664906597079634,1438141.548496531,0.16549632485831559,736.4989618508077,0.5004885846093539,-1.0,-1.0,-1.0,-1.0,0.0,0.0,-0.09252083143555387,-0.02840004144891754,0.0,0.0,-0.2039073394531223,-0.05846035953165264,13560998.00,1.56055245935785000990840,73899.83608500578842491860,21.803310770051501146869100
cypress,acacia,37702.0,1.7794034359071172423,4857.83067807791419368,5.1639482930921967207067,7389.790660093153,0.34877244950411335,249.19320425489062,0.4692971981150297,-1.0,-1.0,-1.0,-1.0,0.0,0.0,-0.002496623428041559,-1.2736710049681424E-4,0.0,0.0,-0.005005744314613769,-2.5476664988312737E-4,37702.00,1.77940343590711724230,4833.634738466913828520,5.16263302637149206464130
dagger,bazooka,4287.0,1.8478448275862069025,476.881071640869631177,0.6647609092077307150529,1481.0189060238224,0.6383702181137166,78.4357288852033,0.20936512138543756,-1.0,-1.0,-1.0,-1.0,0.0,0.0,-0.0017175138045157552,-3.7620047232091145E-5,0.0,0.0,-0.0034409374666309243,-7.524292510657869E-5,4287.00,1.84784482758620690250,475.2457806284469468230,0.66471089441568466876710
dolphin,airplai,2123.0,2.131526104417670759,347.3097325409402834,0.50203909103409708871,713.0042075612176,0.715867678274315,64.80751200032167,0.28145963602120166,-1.0,-1.0,-1.0,-1.0,0.0,0.0,0.0,0.0,0.0,0.0,0.0,0.0,2123.00,2.1315261044176707590,347.30973254094028340,0.502039091034097088710
fighter,ambul,152508.0,1.58804602488676004443,7798.5824458808932710252,3.4910001849100267001955,23315.70166218465,0.24278337754136145,266.3591845896556,0.2739534719508455,-1.0,-1.0,-1.0,-1.0,0.0,0.0,-0.014516066429285667,-0.0019730232149957677,0.0,0.0,-0.029459772878669774,-0.003953847462824241,152508.00,1.588046024886760044430,7575.41251376319665288480,3.47725166224764746789090
fox,attornei,1905497.0,1.659635306434221545486,19559.590296318448492607,6.96964616576163979161462,309747.10469510447,0.2697811809820601,375.9399084629045,0.5390255380890211,-1.0,-1.0,-1.0,-1.0,0.0,0.0,-0.040631118595878105,-0.008087478551440031,0.0,0.0,-0.0847038493398094,-0.016306838307937305,1905497.00,1.6596353064342215454860,18032.1940483783969017970,6.857816855159113020993420
frog,anim,13560998.0,1.5605524593578500099084,88968.5550471211617976072,23.07794015664906597079634,1438141.548496531,0.16549632485831559,736.4989618508077,0.5004885846093539,-1.0,-1.0,-1.0,-1.0,0.0,0.0,-0.09252083143555387,-0.02840004144891754,0.0,0.0,-0.2039073394531223,-0.05846035953165264,13560998.00,1.56055245935785000990840,73899.83608500578842491860,21.803310770051501146869100
frog,argument,8610951.0,1.2978375531003361829707,49473.08694983092239801071,12.006197543048707559077205,829906.1247870147,0.12508297100942292,536.2466759830546,0.33058475578046054,-1.0,-1.0,-1.0,-1.0,0.0,0.0,-0.09294646049112382,-0.02955389087657499,0.0,0.0,-0.20494150883629128,-0.06090784557479474,8610951.00,1.29783755310033618297070,41058.496688035133245239910,11.3169089974481315978177050
glider,appl,1609141.0,1.889736657913650500245,29610.3765227543390142507,14.806174836244925279399573,288321.62815335236,0.33859801595431255,505.2161074144759,0.7814460887506719,-1.0,-1.0,-1.0,-1.0,0.0,0.0,-0.02163553301832426,-0.0031773823381505153,0.0,0.0,-0.04422796155929789,-0.006375020554014703,1609141.00,1.8897366579136505002450,28356.23792197492680292530,14.7123830916371997529724730
goat,anim,13560998.0,1.5605524593578500099084,88968.5550471211617976072,23.07794015664906597079634,1438141.548496531,0.16549632485831559,736.4989618508077,0.5004885846093539,-1.0,-1.0,-1.0,-1.0,0.0,0.0,-0.09252083143555387,-0.02840004144891754,0.0,0.0,-0.2039073394531223,-0.05846035953165264,13560998.00,1.56055245935785000990840,73899.83608500578842491860,21.803310770051501146869100
gorilla,anim,13560998.0,1.5605524593578500099084,88968.5550471211617976072,23.07794015664906597079634,1438141.548496531,0.16549632485831559,736.4989618508077,0.5004885846093539,-1.0,-1.0,-1.0,-1.0,0.0,0.0,-0.09252083143555387,-0.02840004144891754,0.0,0.0,-0.2039073394531223,-0.05846035953165264,13560998.00,1.56055245935785000990840,73899.83608500578842491860,21.803310770051501146869100
grape,appl,1609141.0,1.889736657913650500245,29610.3765227543390142507,14.806174836244925279399573,288321.62815335236,0.33859801595431255,505.2161074144759,0.7814460887506719,-1.0,-1.0,-1.0,-1.0,0.0,0.0,-0.02163553301832426,-0.0031773823381505153,0.0,0.0,-0.04422796155929789,-0.006375020554014703,1609141.00,1.8897366579136505002450,28356.23792197492680292530,14.7123830916371997529724730
gun,ammunit,257794.0,1.68051263999165589965,8660.118936117955984391,3.45094818095498798574766,49291.4474325922,0.32132206511383293,268.70604408602946,0.2610985322557517,-1.0,-1.0,-1.0,-1.0,0.0,0.0,-0.015773339574300254,-0.0025175934852684134,0.0,0.0,-0.0320522501747269,-0.005047895519410811,257794.00,1.680512639991655899650,8391.1632716771791717330,3.433615647910521613519660
hotel,accommod,4622957.0,1.5336598846178089293917,33730.60367773296785810262,7.399603411602641195778133,500928.49177003297,0.16618236615434706,437.94659358562956,0.22656408792945562,-1.0,-1.0,-1.0,-1.0,0.0,0.0,-0.11473130853989856,-0.03189783745150717,0.0,0.0,-0.25920109825790544,-0.06589766800548673,4622957.00,1.53365988461780892939170,26787.304843046106992367220,6.9421330336980825287870130
jacket,appointe,84509.0,1.64206742446322742290,3836.91212340642784582,1.6180042901544263932354,14481.641170806573,0.28138815060345035,183.4342410523739,0.16918258652711668,-1.0,-1.0,-1.0,-1.0,0.0,0.0,-0.005923802813391767,-6.84062565136159E-4,0.0,0.0,-0.011918206733361204,-0.0013690616540992507,84509.00,1.642067424463227422900,3791.721601484583158760,1.61579217105204526079260
jacket,artefact,61672.0,1.48732666103943084755,4662.345568320919939163,1.7564980722030318424857,7939.278304732742,0.19146939116683329,204.39301332967935,0.17504562413491154,-1.0,-1.0,-1.0,-1.0,0.0,0.0,-0.005729097334971033,-9.83802233241896E-4,0.0,0.0,-0.011524218036784235,-0.0019695421064065384,61672.00,1.487326661039430847550,4609.2278219199028855430,1.75304537552150098402390
jet,audit,660253.0,1.660696319697366060327,12935.984707281888821958,4.59880635634989437942946,97206.6340482994,0.2444982444823113,310.18482290753116,0.2583203346623857,-1.0,-1.0,-1.0,-1.0,0.0,0.0,-0.039482540559093796,-0.006731816821466251,0.0,0.0,-0.08221097944867263,-0.01355488262983301,660253.00,1.6606963196973660603270,11953.2927986667316499140,4.537303736742447762059140
jet,battleship,471864.0,2.100113492222444763726,6775.8083612977196717549,5.46621188567135753236322,152918.28339345168,0.6805896405788179,251.47810868667946,0.9929018105809437,-1.0,-1.0,-1.0,-1.0,0.0,0.0,-0.023382524035019968,-0.0019634036290132792,0.0,0.0,-0.04788471353518648,-0.003934532333087813,471864.00,2.1001134922224447637260,6466.17731299713025065090,5.444789186569951166634320
knife,artifact,404501.0,1.470084134396976264437,12675.243015535378625412,4.13976978745471405014983,49199.76275349303,0.17880744581596927,313.8560856582166,0.2404717841671273,-1.0,-1.0,-1.0,-1.0,0.0,0.0,-0.01586374178798698,-0.0032002232578740085,0.0,0.0,-0.03223891337325251,-0.006420995133713624,404501.00,1.4700841343969762644370,12279.3694863856320240080,4.113357936163386629907970
lime,appl,1609141.0,1.889736657913650500245,29610.3765227543390142507,14.806174836244925279399573,288321.62815335236,0.33859801595431255,505.2161074144759,0.7814460887506719,-1.0,-1.0,-1.0,-1.0,0.0,0.0,-0.02163553301832426,-0.0031773823381505153,0.0,0.0,-0.04422796155929789,-0.006375020554014703,1609141.00,1.8897366579136505002450,28356.23792197492680292530,14.7123830916371997529724730
pheasant,arm,14728171.0,1.7217455173236940934237,95602.03978645566173206563,22.860404856936642892434798,2318725.797731806,0.2710625608670312,764.9217514907918,0.5047294159834467,-1.0,-1.0,-1.0,-1.0,0.0,0.0,-0.08056922478551427,-0.02617679884701819,0.0,0.0,-0.17525892532087364,-0.05376088558174734,14728171.00,1.72174551732369409342370,81345.512658288494372653070,21.6941102765606564423285420
pine,bark,2151117.0,1.683378500098211286167,39249.8776384180878269144,13.36423033992487448897030,330202.80846625153,0.2584035682132285,558.0395010501583,0.43010456127708996,-1.0,-1.0,-1.0,-1.0,0.0,0.0,-0.03358750196188811,-0.006699749204610339,0.0,0.0,-0.06950965975724278,-0.013489877203283667,2151117.00,1.6833785000982112861670,36698.94636325867484073940,13.186348122986042690587900
rake,adam,6109278.0,1.7857699697377063200330,65008.2183775603763344054,24.77022517725698583609842,919707.3727550519,0.26883468180893627,707.5076809239325,0.7360739792785365,-1.0,-1.0,-1.0,-1.0,0.0,0.0,-0.03664509964901913,-0.007539132553931389,0.0,0.0,-0.07607808842964967,-0.01519280568377891,6109278.00,1.78576996973770632003300,60412.17554427546887610020,24.399527891229590872403720
rake,artifact,404501.0,1.470084134396976264437,12675.243015535378625412,4.13976978745471405014983,49199.76275349303,0.17880744581596927,313.8560856582166,0.2404717841671273,-1.0,-1.0,-1.0,-1.0,0.0,0.0,-0.01586374178798698,-0.0032002232578740085,0.0,0.0,-0.03223891337325251,-0.006420995133713624,404501.00,1.4700841343969762644370,12279.3694863856320240080,4.113357936163386629907970
restaur,aphid,88513.0,1.85251151109250729940,5132.133324391371484632,8.06960939659073838655121,18539.080424875447,0.3880092177663342,257.2808681946906,0.8690487000814341,-1.0,-1.0,-1.0,-1.0,0.0,0.0,-0.007395171443519291,-2.7291506607635086E-4,0.0,0.0,-0.014900534897203546,-5.459791380852486E-4,88513.00,1.852511511092507299400,5056.7845300339614149920,8.065205962390912187743810
revolv,ammunit,257794.0,1.68051263999165589965,8660.118936117955984391,3.45094818095498798574766,49291.4474325922,0.32132206511383293,268.70604408602946,0.2610985322557517,-1.0,-1.0,-1.0,-1.0,0.0,0.0,-0.015773339574300254,-0.0025175934852684134,0.0,0.0,-0.0320522501747269,-0.005047895519410811,257794.00,1.680512639991655899650,8391.1632716771791717330,3.433615647910521613519660
revolv,artifact,404501.0,1.470084134396976264437,12675.243015535378625412,4.13976978745471405014983,49199.76275349303,0.17880744581596927,313.8560856582166,0.2404717841671273,-1.0,-1.0,-1.0,-1.0,0.0,0.0,-0.01586374178798698,-0.0032002232578740085,0.0,0.0,-0.03223891337325251,-0.006420995133713624,404501.00,1.4700841343969762644370,12279.3694863856320240080,4.113357936163386629907970
rifl,ammunit,257794.0,1.68051263999165589965,8660.118936117955984391,3.45094818095498798574766,49291.4474325922,0.32132206511383293,268.70604408602946,0.2610985322557517,-1.0,-1.0,-1.0,-1.0,0.0,0.0,-0.015773339574300254,-0.0025175934852684134,0.0,0.0,-0.0320522501747269,-0.005047895519410811,257794.00,1.680512639991655899650,8391.1632716771791717330,3.433615647910521613519660
rifl,ars,7957.0,1.6185923515052888767,1233.5203597290584225,1.617275424630538079292,1578.268354875051,0.3210472650274717,126.40751688545396,0.36879890768751156,-1.0,-1.0,-1.0,-1.0,0.0,0.0,-0.008958801268601504,-2.413358654773613E-4,0.0,0.0,-0.01807957384631313,-4.8278824507368975E-4,7957.00,1.61859235150528887670,1211.61487904998251090,1.6164949998463918453780
robe,artifact,404501.0,1.470084134396976264437,12675.243015535378625412,4.13976978745471405014983,49199.76275349303,0.17880744581596927,313.8560856582166,0.2404717841671273,-1.0,-1.0,-1.0,-1.0,0.0,0.0,-0.01586374178798698,-0.0032002232578740085,0.0,0.0,-0.03223891337325251,-0.006420995133713624,404501.00,1.4700841343969762644370,12279.3694863856320240080,4.113357936163386629907970
scarf,bandanna,12857.0,1.5586131652321493443,974.20708299779481998,1.1078926082354512092246,4146.833611323223,0.5027074325764604,107.51164205151055,0.2669538479699438,-1.0,-1.0,-1.0,-1.0,0.0,0.0,-0.009215955398265365,-4.428354498787082E-4,0.0,0.0,-0.01860335851889884,-8.86063279988631E-4,12857.00,1.55861316523214934430,956.414560044590402380,1.10691181432259436464460
screwdriv,artefact,61672.0,1.48732666103943084755,4662.345568320919939163,1.7564980722030318424857,7939.278304732742,0.19146939116683329,204.39301332967935,0.17504562413491154,-1.0,-1.0,-1.0,-1.0,0.0,0.0,-0.005729097334971033,-9.83802233241896E-4,0.0,0.0,-0.011524218036784235,-0.0019695421064065384,61672.00,1.487326661039430847550,4609.2278219199028855430,1.75304537552150098402390
shovel,attribut,20382104.0,1.6144201150872421712316,71635.8276225412698944999325,13.83707701186043016043448189,5251138.596252626,0.41593074870490426,634.4306602410202,0.2818502257977873,-1.0,-1.0,-1.0,-1.0,0.0,0.0,-0.1637990271224306,-0.0644991031519929,0.0,0.0,-0.39176952057053605,-0.13789212467740097,20382104.00,1.61442011508724217123160,51471.04212569275576051919250,12.160271357694229293150575890
sparrow,affluenc,88712.0,1.68856234653672650541,5290.492598730511555522,2.1496555594576129028535,20565.694444875913,0.39145163303721026,217.08157380683318,0.2481923608992796,-1.0,-1.0,-1.0,-1.0,0.0,0.0,-0.005785272335476312,-0.0010935881183471675,0.0,0.0,-0.011637872935288939,-0.0021895707252237205,88712.00,1.688562346536726505410,5229.6308197517695348720,2.14495901998065869145190
stove,applianc,630380.0,1.703131332234620275567,14738.6331971666081237725,5.57441019274700156814043,85744.66700617597,0.23166094887249333,337.4324266733737,0.36561951647829954,-1.0,-1.0,-1.0,-1.0,0.0,0.0,-0.01624001810814874,-0.002653953222453812,0.0,0.0,-0.03301622023070678,-0.005322030865874109,630380.00,1.7031313322346202755670,14267.57190112172922288250,5.544900063461074420724630
swan,analog,2100164.0,1.352058090180382670518,24282.57809076325308956336,5.30363873577597929193763,686345.3549984876,0.4418601546752692,403.37312057591805,0.2117003301497302,-1.0,-1.0,-1.0,-1.0,0.0,0.0,-0.07025041647799339,-0.022098569857211845,0.0,0.0,-0.15111685495330068,-0.04519590456879713,2100164.00,1.3520580901803826705180,21094.798487464042644412760,5.074301107182420962102830
sweater,act,123516368.0,1.66524276493973093448817,150022.01541184235438552013,37.583752581239910462340056,1.4036348538216412E7,0.18923749319958347,815.4447713038899,0.5975490293337761,-1.0,-1.0,-1.0,-1.0,0.0,0.0,-0.2843281045659697,-0.10562313298360043,0.0,0.0,-0.7945766946556829,-0.23619379453754072,123516368.00,1.665242764939730934488170,83597.438804712874630898050,30.4027999067087758501888420
sweater,back,26723042.0,1.2889372335388243534362,55706.66911177486796046132,9.386543940367872266575839,9321421.86098548,0.44960179706138786,514.2859089587847,0.42696472718674255,-1.0,-1.0,-1.0,-1.0,0.0,0.0,-0.4180922943185469,-0.18309794339439361,0.0,0.0,-1.4369711562039984,-0.44827391953253903,26723042.00,1.28893723353882435343620,22858.977616521152168810080,6.4811937947467684207892010
sweater,banquet,431856.0,1.450281085655564291407,15674.9948933841733986615,5.33080294261404034938897,54862.663861682835,0.1842426264941964,361.25542030811664,0.24682484784951597,-1.0,-1.0,-1.0,-1.0,0.0,0.0,-0.01960982267582774,-0.004011995097940121,0.0,0.0,-0.04000411903217922,-0.008056312080454502,431856.00,1.4502810856555642914070,15072.05077992500388089850,5.288199556642011166933470
sword,apathi,200575.0,1.69712738503194146688,11337.336388364751452668,4.11117306811726725057873,36644.68287487286,0.3100620457323083,321.0349824037673,0.2525646668625399,-1.0,-1.0,-1.0,-1.0,0.0,0.0,-0.009215406035830341,-0.0015223305235070987,0.0,0.0,-0.018602239259613688,-0.0030493030941899073,200575.00,1.697127385031941466880,11130.2881059887168859680,4.098674965861786194319730
sword,artefact,61672.0,1.48732666103943084755,4662.345568320919939163,1.7564980722030318424857,7939.278304732742,0.19146939116683329,204.39301332967935,0.17504562413491154,-1.0,-1.0,-1.0,-1.0,0.0,0.0,-0.005729097334971033,-9.83802233241896E-4,0.0,0.0,-0.011524218036784235,-0.0019695421064065384,61672.00,1.487326661039430847550,4609.2278219199028855430,1.75304537552150098402390
sword,bazooka,4287.0,1.8478448275862069025,476.881071640869631177,0.6647609092077307150529,1481.0189060238224,0.6383702181137166,78.4357288852033,0.20936512138543756,-1.0,-1.0,-1.0,-1.0,0.0,0.0,-0.0017175138045157552,-3.7620047232091145E-5,0.0,0.0,-0.0034409374666309243,-7.524292510657869E-5,4287.00,1.84784482758620690250,475.2457806284469468230,0.66471089441568466876710
televis,artefact,61672.0,1.48732666103943084755,4662.345568320919939163,1.7564980722030318424857,7939.278304732742,0.19146939116683329,204.39301332967935,0.17504562413491154,-1.0,-1.0,-1.0,-1.0,0.0,0.0,-0.005729097334971033,-9.83802233241896E-4,0.0,0.0,-0.011524218036784235,-0.0019695421064065384,61672.00,1.487326661039430847550,4609.2278219199028855430,1.75304537552150098402390
trumpet,artifact,404501.0,1.470084134396976264437,12675.243015535378625412,4.13976978745471405014983,49199.76275349303,0.17880744581596927,313.8560856582166,0.2404717841671273,-1.0,-1.0,-1.0,-1.0,0.0,0.0,-0.01586374178798698,-0.0032002232578740085,0.0,0.0,-0.03223891337325251,-0.006420995133713624,404501.00,1.4700841343969762644370,12279.3694863856320240080,4.113357936163386629907970
trumpet,bagpip,12445.0,1.6020854788877445913,1991.88776084783203642,2.130745743147041749061,1957.6202389636248,0.2520108443568003,159.3185923042575,0.34145402845353096,-1.0,-1.0,-1.0,-1.0,0.0,0.0,-0.0019849455480350484,-8.540487288011604E-5,0.0,0.0,-0.003977786786242481,-1.7082433499084678E-4,12445.00,1.60208547888774459130,1983.995848378193316620,2.1303818220890068059810
villa,bank,29396200.0,1.7597926863858368991662,95825.9225044677207201975,26.398651854229422101439186,5135433.323211782,0.3074308245150804,760.2317484431926,0.6956397602851454,-1.0,-1.0,-1.0,-1.0,0.0,0.0,-0.10111001466975791,-0.03341266449561313,0.0,0.0,-0.22496638369513317,-0.06913532438986003,29396200.00,1.75979268638583689916620,78227.38956754641852805310,24.6915907200940615790993860
wasp,anim,13560998.0,1.5605524593578500099084,88968.5550471211617976072,23.07794015664906597079634,1438141.548496531,0.16549632485831559,736.4989618508077,0.5004885846093539,-1.0,-1.0,-1.0,-1.0,0.0,0.0,-0.09252083143555387,-0.02840004144891754,0.0,0.0,-0.2039073394531223,-0.05846035953165264,13560998.00,1.56055245935785000990840,73899.83608500578842491860,21.803310770051501146869100
yacht,anchor,2501028.0,1.655957905637278445762,29203.3962582529434615538,8.425384169912552462172572,381489.5899497128,0.25258841660131376,461.9490825630964,0.2965508466892341,-1.0,-1.0,-1.0,-1.0,0.0,0.0,-0.05903933865127331,-0.012221598303993204,0.0,0.0,-0.1254873685508791,-0.024745627729881176,2501028.00,1.6559579056372784457620,25947.33363898500828176220,8.2219274148817835519086840
