w1,w2,c1,c2,c3,c4,c5,c6,c7,c8,c9,c10,c11,c12,c13,c14,c15,c16,c17,c18,c19,c20,c21,c22,c23,c24
acacia,bole,37702.0,1.7794034359071172423,4857.83067807791419368,5.1639482930921967207067,7389.790660093153,0.34877244950411335,249.19320425489062,0.4692971981150297,-1.0,-1.0,-1.0,-1.0,0.0,0.0,-0.002496623428041559,-1.2736710049681424E-4,0.0,0.0,-0.005005744314613769,-2.5476664988312737E-4,37702.00,1.77940343590711724230,4833.634738466913828520,5.16263302637149206464130
acacia,poplar,37702.0,1.7794034359071172423,4857.83067807791419368,5.1639482930921967207067,7389.790660093153,0.34877244950411335,249.19320425489062,0.4692971981150297,-1.0,-1.0,-1.0,-1.0,0.0,0.0,-0.002496623428041559,-1.2736710049681424E-4,0.0,0.0,-0.005005744314613769,-2.5476664988312737E-4,37702.00,1.77940343590711724230,4833.634738466913828520,5.16263302637149206464130
acacia,re,37702.0,1.7794034359071172423,4857.83067807791419368,5.1639482930921967207067,7389.790660093153,0.34877244950411335,249.19320425489062,0.4692971981150297,-1.0,-1.0,-1.0,-1.0,0.0,0.0,-0.002496623428041559,-1.2736710049681424E-4,0.0,0.0,-0.005005744314613769,-2.5476664988312737E-4,37702.00,1.77940343590711724230,4833.634738466913828520,5.16263302637149206464130
allig,answer,72855007.0,1.81139122772085957366704,192106.992589800481986776961,38.2767080668438764862530996,7951736.882432605,0.14688153097382387,996.5650189299619,0.6520004332898889,0.535508882079919,0.8676278865371924,0.028691750530671373,0.018897506970953163,0.134223456031087,0.3158500771579794,-0.1594011060840528,-0.07055798653202519,0.2366790341310102,0.4800700059085209,-0.37925604527381535,-0.15182870046675886,72855007.00,1.811391227720859573667040,138173.6945461589400411792390,32.71590995472939621181644040
allig,reptil,57264.0,1.69676138552253400797,6079.266891488532029888,5.4214742859426736839351,9021.613824588148,0.26731499672844083,267.07502808229503,0.5153505161037774,-1.0,-1.0,-1.0,-1.0,0.0,0.0,-0.003382634104725252,-2.7148839711104095E-4,0.0,0.0,-0.006788230308803794,-5.431242461531022E-4,57264.00,1.696761385522534007970,6038.2776719826064923680,5.41853135018784595895170
allig,toad,57264.0,1.69676138552253400797,6079.266891488532029888,5.4214742859426736839351,9021.613824588148,0.26731499672844083,267.07502808229503,0.5153505161037774,-1.0,-1.0,-1.0,-1.0,0.0,0.0,-0.003382634104725252,-2.7148839711104095E-4,0.0,0.0,-0.006788230308803794,-5.431242461531022E-4,57264.00,1.696761385522534007970,6038.2776719826064923680,5.41853135018784595895170
ambul,acceler,2455921.0,1.5997051393813149908680,34683.9150881952757890106,11.39195239731977194655986,187990.61915691433,0.09732373758246553,489.0088173522118,0.43358513745067506,0.7779553009500467,0.9087019062100895,0.038329140828847634,0.00686017784278355,0.20357255894920082,0.32631992413751126,-0.05864170838901307,-5.948723519008988E-4,0.33828049241490393,0.49206819289804893,-0.12458956151256073,-0.0011904528713011756,2455921.00,1.59970513938131499086800,29729.94724620844769391400,11.079537799789703057057340
ambul,ag,22100184.0,1.12925461594417400043882,117568.382818353157769831682,30.045504604805972626968174,1452840.9905113499,0.06946284406884759,815.2877227178278,0.6925374914654697,0.98000612283176,0.976315353481293,0.08151695841145049,0.14273428248788295,0.3736935810304531,0.49915546980787173,-0.11735837832223904,-0.007975028628723624,0.5440712342124117,0.6659155502689021,-0.2659253210814135,-0.016078282016832174,22100184.00,1.129254615944174000438820,88592.2892537150382150431180,27.5304353180525979346804200
ambul,bu,152508.0,1.58804602488676004443,7798.5824458808932710252,3.4910001849100267001955,23315.70166218465,0.24278337754136145,266.3591845896556,0.2739534719508455,-1.0,-1.0,-1.0,-1.0,0.0,0.0,-0.014516066429285667,-0.0019730232149957677,0.0,0.0,-0.029459772878669774,-0.003953847462824241,152508.00,1.588046024886760044430,7575.41251376319665288480,3.47725166224764746789090
ambul,countri,152508.0,1.58804602488676004443,7798.5824458808932710252,3.4910001849100267001955,23315.70166218465,0.24278337754136145,266.3591845896556,0.2739534719508455,-1.0,-1.0,-1.0,-1.0,0.0,0.0,-0.014516066429285667,-0.0019730232149957677,0.0,0.0,-0.029459772878669774,-0.003953847462824241,152508.00,1.588046024886760044430,7575.41251376319665288480,3.47725166224764746789090
ambul,crew,152508.0,1.58804602488676004443,7798.5824458808932710252,3.4910001849100267001955,23315.70166218465,0.24278337754136145,266.3591845896556,0.2739534719508455,-1.0,-1.0,-1.0,-1.0,0.0,0.0,-0.014516066429285667,-0.0019730232149957677,0.0,0.0,-0.029459772878669774,-0.003953847462824241,152508.00,1.588046024886760044430,7575.41251376319665288480,3.47725166224764746789090
ambul,furlong,152508.0,1.58804602488676004443,7798.5824458808932710252,3.4910001849100267001955,23315.70166218465,0.24278337754136145,266.3591845896556,0.2739534719508455,-1.0,-1.0,-1.0,-1.0,0.0,0.0,-0.014516066429285667,-0.0019730232149957677,0.0,0.0,-0.029459772878669774,-0.003953847462824241,152508.00,1.588046024886760044430,7575.41251376319665288480,3.47725166224764746789090
ambul,ga,152508.0,1.58804602488676004443,7798.5824458808932710252,3.4910001849100267001955,23315.70166218465,0.24278337754136145,266.3591845896556,0.2739534719508455,-1.0,-1.0,-1.0,-1.0,0.0,0.0,-0.014516066429285667,-0.0019730232149957677,0.0,0.0,-0.029459772878669774,-0.003953847462824241,152508.00,1.588046024886760044430,7575.41251376319665288480,3.47725166224764746789090
ambul,gum,152508.0,1.58804602488676004443,7798.5824458808932710252,3.4910001849100267001955,23315.70166218465,0.24278337754136145,266.3591845896556,0.2739534719508455,-1.0,-1.0,-1.0,-1.0,0.0,0.0,-0.014516066429285667,-0.0019730232149957677,0.0,0.0,-0.029459772878669774,-0.003953847462824241,152508.00,1.588046024886760044430,7575.41251376319665288480,3.47725166224764746789090
ambul,helicopt,152508.0,1.58804602488676004443,7798.5824458808932710252,3.4910001849100267001955,23315.70166218465,0.24278337754136145,266.3591845896556,0.2739534719508455,-1.0,-1.0,-1.0,-1.0,0.0,0.0,-0.014516066429285667,-0.0019730232149957677,0.0,0.0,-0.029459772878669774,-0.003953847462824241,152508.00,1.588046024886760044430,7575.41251376319665288480,3.47725166224764746789090
ambul,mope,152508.0,1.58804602488676004443,7798.5824458808932710252,3.4910001849100267001955,23315.70166218465,0.24278337754136145,266.3591845896556,0.2739534719508455,-1.0,-1.0,-1.0,-1.0,0.0,0.0,-0.014516066429285667,-0.0019730232149957677,0.0,0.0,-0.029459772878669774,-0.003953847462824241,152508.00,1.588046024886760044430,7575.41251376319665288480,3.47725166224764746789090
ambul,plate,152508.0,1.58804602488676004443,7798.5824458808932710252,3.4910001849100267001955,23315.70166218465,0.24278337754136145,266.3591845896556,0.2739534719508455,-1.0,-1.0,-1.0,-1.0,0.0,0.0,-0.014516066429285667,-0.0019730232149957677,0.0,0.0,-0.029459772878669774,-0.003953847462824241,152508.00,1.588046024886760044430,7575.41251376319665288480,3.47725166224764746789090
ambul,test,152508.0,1.58804602488676004443,7798.5824458808932710252,3.4910001849100267001955,23315.70166218465,0.24278337754136145,266.3591845896556,0.2739534719508455,-1.0,-1.0,-1.0,-1.0,0.0,0.0,-0.014516066429285667,-0.0019730232149957677,0.0,0.0,-0.029459772878669774,-0.003953847462824241,152508.00,1.588046024886760044430,7575.41251376319665288480,3.47725166224764746789090
ambul,trunk,152508.0,1.58804602488676004443,7798.5824458808932710252,3.4910001849100267001955,23315.70166218465,0.24278337754136145,266.3591845896556,0.2739534719508455,-1.0,-1.0,-1.0,-1.0,0.0,0.0,-0.014516066429285667,-0.0019730232149957677,0.0,0.0,-0.029459772878669774,-0.003953847462824241,152508.00,1.588046024886760044430,7575.41251376319665288480,3.47725166224764746789090
ambul,windshield,152508.0,1.58804602488676004443,7798.5824458808932710252,3.4910001849100267001955,23315.70166218465,0.24278337754136145,266.3591845896556,0.2739534719508455,-1.0,-1.0,-1.0,-1.0,0.0,0.0,-0.014516066429285667,-0.0019730232149957677,0.0,0.0,-0.029459772878669774,-0.003953847462824241,152508.00,1.588046024886760044430,7575.41251376319665288480,3.47725166224764746789090
ant,anim,5031167.0,0.8876311988310548500424,99629.1632429527435571612,26.72440639014534892579004,288044.4808410673,0.04862931326426945,835.7985842519357,0.5437157161374382,0.9731047168394904,0.9713113810506833,0.12952025024371394,0.3549649645958469,0.4643604446033365,0.5637609583727503,-1.1377267948820527E-4,0.10697130300447262,0.6342160447103877,0.7210321441448442,-2.275712503673393E-4,0.19326843020074283,5031167.00,0.88763119883105485004240,86303.23229571271903333460,25.757962557080686744168000
ant,switch,751973.0,1.665440427360270721279,26794.879127429637366275,11.8475994180886312800598,104830.63305637336,0.232174791272897,499.84023280381183,0.5242204748477238,-1.0,-1.0,-1.0,-1.0,0.0,0.0,-0.020032736760080688,-0.003171086479005974,0.0,0.0,-0.04088450198601419,-0.0063623485153637424,751973.00,1.6654404273602707212790,25742.4133766088736601130,11.77269741417373643992320
appl,lyricist,1609141.0,1.889736657913650500245,29610.3765227543390142507,14.806174836244925279399573,288321.62815335236,0.33859801595431255,505.2161074144759,0.7814460887506719,-1.0,-1.0,-1.0,-1.0,0.0,0.0,-0.02163553301832426,-0.0031773823381505153,0.0,0.0,-0.04422796155929789,-0.006375020554014703,1609141.00,1.8897366579136505002450,28356.23792197492680292530,14.7123830916371997529724730
apricot,lime,82561.0,2.34295362960440432978,4272.11412561570771519,4.2219892429931473802005,24483.457823599998,0.6948027079743458,225.7464113778296,0.4850594684308219,-1.0,-1.0,-1.0,-1.0,0.0,0.0,-0.007305072642206739,-4.8677550845147407E-4,0.0,0.0,-0.01471765885144651,-9.740251484898488E-4,82561.00,2.342953629604404329780,4210.150565873950425310,4.21788092090285247943750
ax,critic,1676824.0,1.654560237444940852677,29088.4513832101791976026,11.88348728758296671566194,241785.93921897112,0.238575665069792,487.52846190223516,0.4889393110797997,-1.0,-1.0,-1.0,-1.0,0.0,0.0,-0.03895059149115472,-0.006909932202378395,0.0,0.0,-0.08105845786137068,-0.013916023181467457,1676824.00,1.6545602374449408526770,26907.38060618395465096660,11.720386122605045410223900
ax,tweezer,1676824.0,1.654560237444940852677,29088.4513832101791976026,11.88348728758296671566194,241785.93921897112,0.238575665069792,487.52846190223516,0.4889393110797997,-1.0,-1.0,-1.0,-1.0,0.0,0.0,-0.03895059149115472,-0.006909932202378395,0.0,0.0,-0.08105845786137068,-0.013916023181467457,1676824.00,1.6545602374449408526770,26907.38060618395465096660,11.720386122605045410223900
bag,basket,919809.0,0.5384517304086026318395,45840.546172815991865069726,15.4430813879787429084179393,51520.77329582699,0.02550778486268935,618.8717319751158,0.46176992362942787,0.9902329100321922,0.9916889527325964,0.23485413527213858,0.7520391771513165,0.6927572181138524,0.7133513208800285,0.11810525418339296,0.25490994025315267,0.8184956598628529,0.8326970799119354,0.2112596354260959,0.4062601340168359,919809.00,0.53845173040860263183950,42804.0459988619999990446740,15.25418861818917400507398070
bag,incontin,3727257.0,1.6705901388641128997158,38641.029271738462018813126,16.1374334414062653468258093,430606.4197605512,0.19300167350508904,540.7189433933819,0.7007352210685891,-1.0,-1.0,-1.0,-1.0,0.0,0.0,-0.05451689883565965,-0.010075363844945798,0.0,0.0,-0.1153207260257182,-0.020355819982578294,3727257.00,1.67059013886411289971580,34645.6659237653559602628740,15.81549605085978563999365070
bag,jar,3727257.0,1.6705901388641128997158,38641.029271738462018813126,16.1374334414062653468258093,430606.4197605512,0.19300167350508904,540.7189433933819,0.7007352210685891,-1.0,-1.0,-1.0,-1.0,0.0,0.0,-0.05451689883565965,-0.010075363844945798,0.0,0.0,-0.1153207260257182,-0.020355819982578294,3727257.00,1.67059013886411289971580,34645.6659237653559602628740,15.81549605085978563999365070
bag,outsid,3727257.0,1.6705901388641128997158,38641.029271738462018813126,16.1374334414062653468258093,430606.4197605512,0.19300167350508904,540.7189433933819,0.7007352210685891,-1.0,-1.0,-1.0,-1.0,0.0,0.0,-0.05451689883565965,-0.010075363844945798,0.0,0.0,-0.1153207260257182,-0.020355819982578294,3727257.00,1.67059013886411289971580,34645.6659237653559602628740,15.81549605085978563999365070
bag,wallet,3727257.0,1.6705901388641128997158,38641.029271738462018813126,16.1374334414062653468258093,430606.4197605512,0.19300167350508904,540.7189433933819,0.7007352210685891,-1.0,-1.0,-1.0,-1.0,0.0,0.0,-0.05451689883565965,-0.010075363844945798,0.0,0.0,-0.1153207260257182,-0.020355819982578294,3727257.00,1.67059013886411289971580,34645.6659237653559602628740,15.81549605085978563999365070
bag,wash,3727257.0,1.6705901388641128997158,38641.029271738462018813126,16.1374334414062653468258093,430606.4197605512,0.19300167350508904,540.7189433933819,0.7007352210685891,-1.0,-1.0,-1.0,-1.0,0.0,0.0,-0.05451689883565965,-0.010075363844945798,0.0,0.0,-0.1153207260257182,-0.020355819982578294,3727257.00,1.67059013886411289971580,34645.6659237653559602628740,15.81549605085978563999365070
banana,lime,268873.0,2.09326025520253480208,10052.622657366212628572,8.5595916560071754180140,76531.76967116336,0.5958237224003935,327.6617595959514,0.698769826126893,-1.0,-1.0,-1.0,-1.0,0.0,0.0,-0.008742359349443061,-7.694454144125764E-4,0.0,0.0,-0.017638924515538664,-0.0015400758331127894,268873.00,2.093260255202534802080,9878.3786814678941043320,8.54642950646486681325400
banana,peach,268873.0,2.09326025520253480208,10052.622657366212628572,8.5595916560071754180140,76531.76967116336,0.5958237224003935,327.6617595959514,0.698769826126893,-1.0,-1.0,-1.0,-1.0,0.0,0.0,-0.008742359349443061,-7.694454144125764E-4,0.0,0.0,-0.017638924515538664,-0.0015400758331127894,268873.00,2.093260255202534802080,9878.3786814678941043320,8.54642950646486681325400
banana,potassium,268873.0,2.09326025520253480208,10052.622657366212628572,8.5595916560071754180140,76531.76967116336,0.5958237224003935,327.6617595959514,0.698769826126893,-1.0,-1.0,-1.0,-1.0,0.0,0.0,-0.008742359349443061,-7.694454144125764E-4,0.0,0.0,-0.017638924515538664,-0.0015400758331127894,268873.00,2.093260255202534802080,9878.3786814678941043320,8.54642950646486681325400
banana,reload,268873.0,2.09326025520253480208,10052.622657366212628572,8.5595916560071754180140,76531.76967116336,0.5958237224003935,327.6617595959514,0.698769826126893,-1.0,-1.0,-1.0,-1.0,0.0,0.0,-0.008742359349443061,-7.694454144125764E-4,0.0,0.0,-0.017638924515538664,-0.0015400758331127894,268873.00,2.093260255202534802080,9878.3786814678941043320,8.54642950646486681325400
battleship,bat,674151.0,2.074786068415141055211,23812.7092734207064351292,13.8197919074326925778932917,98629.74559938801,0.4030540093159612,473.1065297165133,1.0925230681873395,0.77095823200592,0.8050046527055472,0.04399947223411681,0.007403097897337658,0.2736420202020202,0.32841377703424496,0.012855082315641466,0.02005579136444623,0.4297000505033842,0.4944450030734344,0.025383853110064896,0.03932293024407855,674151.00,2.0747860684151410552110,23005.71448898492031546320,13.77402253285538274381618830
battleship,birch,471864.0,2.100113492222444763726,6775.8083612977196717549,5.46621188567135753236322,152918.28339345168,0.6805896405788179,251.47810868667946,0.9929018105809437,-1.0,-1.0,-1.0,-1.0,0.0,0.0,-0.023382524035019968,-0.0019634036290132792,0.0,0.0,-0.04788471353518648,-0.003934532333087813,471864.00,2.1001134922224447637260,6466.17731299713025065090,5.444789186569951166634320
battleship,funnel,471864.0,2.100113492222444763726,6775.8083612977196717549,5.46621188567135753236322,152918.28339345168,0.6805896405788179,251.47810868667946,0.9929018105809437,-1.0,-1.0,-1.0,-1.0,0.0,0.0,-0.023382524035019968,-0.0019634036290132792,0.0,0.0,-0.04788471353518648,-0.003934532333087813,471864.00,2.1001134922224447637260,6466.17731299713025065090,5.444789186569951166634320
battleship,judgment,471864.0,2.100113492222444763726,6775.8083612977196717549,5.46621188567135753236322,152918.28339345168,0.6805896405788179,251.47810868667946,0.9929018105809437,-1.0,-1.0,-1.0,-1.0,0.0,0.0,-0.023382524035019968,-0.0019634036290132792,0.0,0.0,-0.04788471353518648,-0.003934532333087813,471864.00,2.1001134922224447637260,6466.17731299713025065090,5.444789186569951166634320
battleship,plantat,471864.0,2.100113492222444763726,6775.8083612977196717549,5.46621188567135753236322,152918.28339345168,0.6805896405788179,251.47810868667946,0.9929018105809437,-1.0,-1.0,-1.0,-1.0,0.0,0.0,-0.023382524035019968,-0.0019634036290132792,0.0,0.0,-0.04788471353518648,-0.003934532333087813,471864.00,2.1001134922224447637260,6466.17731299713025065090,5.444789186569951166634320
battleship,tank,471864.0,2.100113492222444763726,6775.8083612977196717549,5.46621188567135753236322,152918.28339345168,0.6805896405788179,251.47810868667946,0.9929018105809437,-1.0,-1.0,-1.0,-1.0,0.0,0.0,-0.023382524035019968,-0.0019634036290132792,0.0,0.0,-0.04788471353518648,-0.003934532333087813,471864.00,2.1001134922224447637260,6466.17731299713025065090,5.444789186569951166634320
battleship,turret,471864.0,2.100113492222444763726,6775.8083612977196717549,5.46621188567135753236322,152918.28339345168,0.6805896405788179,251.47810868667946,0.9929018105809437,-1.0,-1.0,-1.0,-1.0,0.0,0.0,-0.023382524035019968,-0.0019634036290132792,0.0,0.0,-0.04788471353518648,-0.003934532333087813,471864.00,2.1001134922224447637260,6466.17731299713025065090,5.444789186569951166634320
blous,artefact,61672.0,1.48732666103943084755,4662.345568320919939163,1.7564980722030318424857,7939.278304732742,0.19146939116683329,204.39301332967935,0.17504562413491154,-1.0,-1.0,-1.0,-1.0,0.0,0.0,-0.005729097334971033,-9.83802233241896E-4,0.0,0.0,-0.011524218036784235,-0.0019695421064065384,61672.00,1.487326661039430847550,4609.2278219199028855430,1.75304537552150098402390
bomber,airplan,223135.0,1.44962514454997856384,9545.331816108202801822,3.9584152223500960573571,24161.116509797306,0.15696579206759942,286.71418693779714,0.26010392680235633,-1.0,-1.0,-1.0,-1.0,0.0,0.0,-0.014834362421596976,-0.0020648837265176754,0.0,0.0,-0.030115468619187204,-0.004138312587352217,223135.00,1.449625144549978563840,9266.2736429957623937420,3.94210157378667367898250
bomber,ambul,152508.0,1.58804602488676004443,7798.5824458808932710252,3.4910001849100267001955,23315.70166218465,0.24278337754136145,266.3591845896556,0.2739534719508455,-1.0,-1.0,-1.0,-1.0,0.0,0.0,-0.014516066429285667,-0.0019730232149957677,0.0,0.0,-0.029459772878669774,-0.003953847462824241,152508.00,1.588046024886760044430,7575.41251376319665288480,3.47725166224764746789090
bomber,aunt,775834.0,1.531047847588675731643,26810.630133909145475105,11.32845198585908743938329,116613.93239231751,0.23012849422442055,503.43704581041374,0.6160538830299424,-1.0,-1.0,-1.0,-1.0,0.0,0.0,-0.015241904496336191,-0.002507347079106329,0.0,0.0,-0.030955631775823226,-0.005027299342534957,775834.00,1.5310478475886757316430,26005.6100452429549348550,11.271785346795945030089090
bowl,ax,1676824.0,1.654560237444940852677,29088.4513832101791976026,11.88348728758296671566194,241785.93921897112,0.238575665069792,487.52846190223516,0.4889393110797997,-1.0,-1.0,-1.0,-1.0,0.0,0.0,-0.03895059149115472,-0.006909932202378395,0.0,0.0,-0.08105845786137068,-0.013916023181467457,1676824.00,1.6545602374449408526770,26907.38060618395465096660,11.720386122605045410223900
broccoli,appropri,6296371.0,1.5116549749989016298746,32516.54964541442455227222,6.858772182633603739446841,1133698.5228856038,0.2721823431733818,412.84108041616304,0.24012746174554428,-1.0,-1.0,-1.0,-1.0,0.0,0.0,-0.17033701378449628,-0.05156006697493119,0.0,0.0,-0.4106173629885219,-0.10872605671606275,6296371.00,1.51165497499890162987460,23051.289810104945402209420,6.1861738894714989907625810
bu,ambul,152508.0,1.58804602488676004443,7798.5824458808932710252,3.4910001849100267001955,23315.70166218465,0.24278337754136145,266.3591845896556,0.2739534719508455,-1.0,-1.0,-1.0,-1.0,0.0,0.0,-0.014516066429285667,-0.0019730232149957677,0.0,0.0,-0.029459772878669774,-0.003953847462824241,152508.00,1.588046024886760044430,7575.41251376319665288480,3.47725166224764746789090
cabbag,barbecu,31194.0,1.6230813257713720911,3566.41541334673046344,2.4978182310755769312896,4097.444813539287,0.2131976072396736,197.90201937466549,0.34269465813292416,-1.0,-1.0,-1.0,-1.0,0.0,0.0,-0.006301311990040261,-4.491237116147572E-4,0.0,0.0,-0.012682540625387451,-8.986510287149773E-4,31194.00,1.62308132577137209110,3521.750667434506957980,2.49557557951381086978040
car,acceler,3971616.0,1.5951283636183997344640,28919.9401262974767484936,8.48664971857871246002836,442816.34076443024,0.17784924449570486,421.1437090802841,0.35008351233563684,-1.0,-1.0,-1.0,-1.0,0.0,0.0,-0.10805032167955252,-0.02310282922683972,0.0,0.0,-0.2422789632774186,-0.04729838496421297,3971616.00,1.59512836361839973446400,23279.74712700599951275700,8.103373251042211869544240
car,artifact,404501.0,1.470084134396976264437,12675.243015535378625412,4.13976978745471405014983,49199.76275349303,0.17880744581596927,313.8560856582166,0.2404717841671273,-1.0,-1.0,-1.0,-1.0,0.0,0.0,-0.01586374178798698,-0.0032002232578740085,0.0,0.0,-0.03223891337325251,-0.006420995133713624,404501.00,1.4700841343969762644370,12279.3694863856320240080,4.113357936163386629907970
castl,adjud,234501.0,1.52747488959237113838,6115.6595351463496086033,1.89406606513857208469599,33012.33634567539,0.21503326132850917,210.00497547911283,0.1785382711255024,-1.0,-1.0,-1.0,-1.0,0.0,0.0,-0.029538267821617628,-0.005723595397057868,0.0,0.0,-0.060874667886828424,-0.011513087046138943,234501.00,1.527474889592371138380,5764.73330947586882048930,1.872507720754953076248190
cat,advantag,14779832.0,1.5067970777999370699010,33022.3538021895339234242,9.205097589527868472854181,3500315.9310585093,0.3568556000024579,401.02436871796573,0.4756111186932335,-1.0,-1.0,-1.0,-1.0,0.0,0.0,-0.2821611977931423,-0.07238259283768674,0.0,0.0,-0.7861408353120278,-0.1560613077736721,14779832.00,1.50679707779993706990100,18488.10191746202969538020,7.9624649035741246583552210
catfish,assai,1774158.0,1.588325504320057577863,30200.4606869966578122226,14.678046567107656347358127,211059.8471855791,0.18895258383004737,510.61129037827624,0.6232848572618339,-1.0,-1.0,-1.0,-1.0,0.0,0.0,-0.036410212274895416,-0.005559842663345943,0.0,0.0,-0.07557201775841696,-0.011181854679393715,1774158.00,1.5883255043200575778630,28078.51095823129705150060,14.5157337418416114912883270
catfish,barbel,20275.0,1.6497152156224572520,2348.9615366366169710,2.330246189954281310087,2959.635957343403,0.24081659539002462,165.67778035084058,0.407804099880846,-1.0,-1.0,-1.0,-1.0,0.0,0.0,-0.0033843954213312617,-2.0345803859790813E-4,0.0,0.0,-0.00679177690131002,-4.0699888439054587E-4,20275.00,1.64971521562245725200,2333.11553642821627540,2.3292981681984116144590
coat,artefact,61672.0,1.48732666103943084755,4662.345568320919939163,1.7564980722030318424857,7939.278304732742,0.19146939116683329,204.39301332967935,0.17504562413491154,-1.0,-1.0,-1.0,-1.0,0.0,0.0,-0.005729097334971033,-9.83802233241896E-4,0.0,0.0,-0.011524218036784235,-0.0019695421064065384,61672.00,1.487326661039430847550,4609.2278219199028855430,1.75304537552150098402390
cockroach,anim,13560998.0,1.5605524593578500099084,88968.5550471211617976072,23.07794015664906597079634,1438141.548496531,0.16549632485831559,736.4989618508077,0.5004885846093539,-1.0,-1.0,-1.0,-1.0,0.0,0.0,-0.09252083143555387,-0.02840004144891754,0.0,0.0,-0.2039073394531223,-0.05846035953165264,13560998.00,1.56055245935785000990840,73899.83608500578842491860,21.803310770051501146869100
cockroach,announc,24510310.0,1.4309329342884908703923,84750.82536699347184623348,17.643382550191938913579524,2565200.417602492,0.1497586020167838,682.2996000974666,0.3529108312038706,-1.0,-1.0,-1.0,-1.0,0.0,0.0,-0.16611057413017172,-0.06570080202986493,0.0,0.0,-0.398399521511865,-0.14064188896363597,24510310.00,1.43093293428849087039230,60605.588076407525115412520,15.4679419727626849671523960
corkscrew,ax,1676824.0,1.654560237444940852677,29088.4513832101791976026,11.88348728758296671566194,241785.93921897112,0.238575665069792,487.52846190223516,0.4889393110797997,-1.0,-1.0,-1.0,-1.0,0.0,0.0,-0.03895059149115472,-0.006909932202378395,0.0,0.0,-0.08105845786137068,-0.013916023181467457,1676824.00,1.6545602374449408526770,26907.38060618395465096660,11.720386122605045410223900
couch,armrest,1543.0,1.325601374570446725,475.58931583330783502,0.494003469138518548226,452.98454719780455,0.38916198212869807,79.87297198032753,0.1905586536550216,-1.0,-1.0,-1.0,-1.0,0.0,0.0,-0.0034480107230975255,-9.619791359958382E-5,0.0,0.0,-0.00691988127102009,-1.9241433705693915E-4,1543.00,1.3256013745704467250,472.320911205942689020,0.4939084340746092513460
cranberri,appl,1609141.0,1.889736657913650500245,29610.3765227543390142507,14.806174836244925279399573,288321.62815335236,0.33859801595431255,505.2161074144759,0.7814460887506719,-1.0,-1.0,-1.0,-1.0,0.0,0.0,-0.02163553301832426,-0.0031773823381505153,0.0,0.0,-0.04422796155929789,-0.006375020554014703,1609141.00,1.8897366579136505002450,28356.23792197492680292530,14.7123830916371997529724730
cypress,asphalt,95239.0,1.77409980813292848246,7129.04325389363477317,4.9468259541432791114177,14882.047406187094,0.27722085960522125,272.9688828513209,0.44191746352179595,-1.0,-1.0,-1.0,-1.0,0.0,0.0,-0.008777875090375328,-7.671953344543651E-4,0.0,0.0,-0.01771121703155215,-0.0015355687500895328,95239.00,1.774099808132928482460,7004.976593151387748350,4.93924140938587797651770
deer,ambienc,11322.0,1.2755745831455610757,1729.00251686157090466,0.473004861551248290347,1900.4452109966232,0.21411054652958803,125.37101994970612,0.07203088690180615,-1.0,-1.0,-1.0,-1.0,0.0,0.0,-0.007528866936459825,-0.0011724796799289902,0.0,0.0,-0.015171961552614369,-0.002347712004477556,11322.00,1.27557458314556107570,1703.162205363923560340,0.4718969833385875431650
desk,artifact,404501.0,1.470084134396976264437,12675.243015535378625412,4.13976978745471405014983,49199.76275349303,0.17880744581596927,313.8560856582166,0.2404717841671273,-1.0,-1.0,-1.0,-1.0,0.0,0.0,-0.01586374178798698,-0.0032002232578740085,0.0,0.0,-0.03223891337325251,-0.006420995133713624,404501.00,1.4700841343969762644370,12279.3694863856320240080,4.113357936163386629907970
dishwash,artifact,404501.0,1.470084134396976264437,12675.243015535378625412,4.13976978745471405014983,49199.76275349303,0.17880744581596927,313.8560856582166,0.2404717841671273,-1.0,-1.0,-1.0,-1.0,0.0,0.0,-0.01586374178798698,-0.0032002232578740085,0.0,0.0,-0.03223891337325251,-0.006420995133713624,404501.00,1.4700841343969762644370,12279.3694863856320240080,4.113357936163386629907970
dove,alleywai,13096.0,1.4473916887709991284,1532.6154901768789777,0.974753658292074128401,2772.350987880142,0.30640483950929953,131.16523473283593,0.1661296580550411,-1.0,-1.0,-1.0,-1.0,0.0,0.0,-0.0063140146747010205,-4.6421272126834283E-4,0.0,0.0,-0.012708269549829723,-9.288566296003806E-4,13096.00,1.44739168877099912840,1513.38301094169896310,0.9738490921066405636630
dresser,accord,55667834.0,1.08628735504514731199671,51083.18002578478572585848,7.250230069423010076389414,4.401605389199352E7,0.8589176069228471,475.3945220788999,0.8561793142796206,-1.0,-1.0,-1.0,-1.0,0.0,0.0,-1.8745164561284278,-1.0384921664120712,0.0,0.0,-1.0,-1.0,55667834.00,1.086287355045147311996710,-15541.076993550493219140480,-0.1369036717218462281730940
eagl,adjust,14353746.0,1.5776729714249725428174,55688.28955765417571338042,12.823847665326409421314887,1888583.8505769342,0.20758119137157147,541.3947566509797,0.3061765101678342,-1.0,-1.0,-1.0,-1.0,0.0,0.0,-0.17210221591781621,-0.05075393207399043,0.0,0.0,-0.415757160429196,-0.10693524848595216,14353746.00,1.57767297142497254281740,39334.633872359795575868620,11.5850025400010140825487910
ferri,amino,170781.0,1.48961168097132091935,6504.694515287613708003,4.5708436662412780789885,27334.819242131452,0.23842386471749577,256.3378076581573,0.4434411760759671,-1.0,-1.0,-1.0,-1.0,0.0,0.0,-0.019998337421524005,-0.001724321124300878,0.0,0.0,-0.040812864273937065,-0.003454599086783086,170781.00,1.489611680971320919350,6249.6292451431582278170,4.55510759570097080559230
ferri,anchor,2501028.0,1.655957905637278445762,29203.3962582529434615538,8.425384169912552462172572,381489.5899497128,0.25258841660131376,461.9490825630964,0.2965508466892341,-1.0,-1.0,-1.0,-1.0,0.0,0.0,-0.05903933865127331,-0.012221598303993204,0.0,0.0,-0.1254873685508791,-0.024745627729881176,2501028.00,1.6559579056372784457620,25947.33363898500828176220,8.2219274148817835519086840
ferri,artifact,404501.0,1.470084134396976264437,12675.243015535378625412,4.13976978745471405014983,49199.76275349303,0.17880744581596927,313.8560856582166,0.2404717841671273,-1.0,-1.0,-1.0,-1.0,0.0,0.0,-0.01586374178798698,-0.0032002232578740085,0.0,0.0,-0.03223891337325251,-0.006420995133713624,404501.00,1.4700841343969762644370,12279.3694863856320240080,4.113357936163386629907970
fork,artefact,61672.0,1.48732666103943084755,4662.345568320919939163,1.7564980722030318424857,7939.278304732742,0.19146939116683329,204.39301332967935,0.17504562413491154,-1.0,-1.0,-1.0,-1.0,0.0,0.0,-0.005729097334971033,-9.83802233241896E-4,0.0,0.0,-0.011524218036784235,-0.0019695421064065384,61672.00,1.487326661039430847550,4609.2278219199028855430,1.75304537552150098402390
fox,anim,13560998.0,1.5605524593578500099084,88968.5550471211617976072,23.07794015664906597079634,1438141.548496531,0.16549632485831559,736.4989618508077,0.5004885846093539,-1.0,-1.0,-1.0,-1.0,0.0,0.0,-0.09252083143555387,-0.02840004144891754,0.0,0.0,-0.2039073394531223,-0.05846035953165264,13560998.00,1.56055245935785000990840,73899.83608500578842491860,21.803310770051501146869100
glider,anim,13560998.0,1.5605524593578500099084,88968.5550471211617976072,23.07794015664906597079634,1438141.548496531,0.16549632485831559,736.4989618508077,0.5004885846093539,-1.0,-1.0,-1.0,-1.0,0.0,0.0,-0.09252083143555387,-0.02840004144891754,0.0,0.0,-0.2039073394531223,-0.05846035953165264,13560998.00,1.56055245935785000990840,73899.83608500578842491860,21.803310770051501146869100
glove,artifact,404501.0,1.470084134396976264437,12675.243015535378625412,4.13976978745471405014983,49199.76275349303,0.17880744581596927,313.8560856582166,0.2404717841671273,-1.0,-1.0,-1.0,-1.0,0.0,0.0,-0.01586374178798698,-0.0032002232578740085,0.0,0.0,-0.03223891337325251,-0.006420995133713624,404501.00,1.4700841343969762644370,12279.3694863856320240080,4.113357936163386629907970
goat,bannist,57737.0,1.84286626236833706555,4307.76230997838766246,3.5620383105523168645591,9488.72441374498,0.3028638497843913,217.3472266767398,0.45286312771358345,-1.0,-1.0,-1.0,-1.0,0.0,0.0,-0.004635700002693725,-3.692308580652584E-4,0.0,0.0,-0.009314579602073877,-7.387344796963375E-4,57737.00,1.842866262368337065550,4268.007613321844013660,3.55940885250563457747910
goldfish,anim,13560998.0,1.5605524593578500099084,88968.5550471211617976072,23.07794015664906597079634,1438141.548496531,0.16549632485831559,736.4989618508077,0.5004885846093539,-1.0,-1.0,-1.0,-1.0,0.0,0.0,-0.09252083143555387,-0.02840004144891754,0.0,0.0,-0.2039073394531223,-0.05846035953165264,13560998.00,1.56055245935785000990840,73899.83608500578842491860,21.803310770051501146869100
gorilla,ap,895266.0,1.679386821386967703677,38722.4928780667600139625,16.56094842777364664585306,88575.07348007114,0.1661537588893287,595.6348803345636,0.5076984241904609,-1.0,-1.0,-1.0,-1.0,0.0,0.0,-0.017046845038911042,-0.002797958024048224,0.0,0.0,-0.03468495920252854,-0.00561161711723751,895266.00,1.6793868213869677036770,37424.42811569588604280450,16.468533324275346769634340
grapefruit,banana,268873.0,2.09326025520253480208,10052.622657366212628572,8.5595916560071754180140,76531.76967116336,0.5958237224003935,327.6617595959514,0.698769826126893,-1.0,-1.0,-1.0,-1.0,0.0,0.0,-0.008742359349443061,-7.694454144125764E-4,0.0,0.0,-0.017638924515538664,-0.0015400758331127894,268873.00,2.093260255202534802080,9878.3786814678941043320,8.54642950646486681325400
guitar,artefact,61672.0,1.48732666103943084755,4662.345568320919939163,1.7564980722030318424857,7939.278304732742,0.19146939116683329,204.39301332967935,0.17504562413491154,-1.0,-1.0,-1.0,-1.0,0.0,0.0,-0.005729097334971033,-9.83802233241896E-4,0.0,0.0,-0.011524218036784235,-0.0019695421064065384,61672.00,1.487326661039430847550,4609.2278219199028855430,1.75304537552150098402390
gun,amoeba,22029.0,1.4908635625338386692,2848.55620149543815950,3.271598634810868791553,3815.108255344794,0.258196281493286,188.23656608994727,0.43203882934450893,-1.0,-1.0,-1.0,-1.0,0.0,0.0,-0.0023181238517198566,-1.0957673435398841E-4,0.0,0.0,-0.004647020071506894,-2.1917748546107757E-4,22029.00,1.49086356253383866920,2835.380133106540178580,3.2708817311777886675270
hawk,anim,13560998.0,1.5605524593578500099084,88968.5550471211617976072,23.07794015664906597079634,1438141.548496531,0.16549632485831559,736.4989618508077,0.5004885846093539,-1.0,-1.0,-1.0,-1.0,0.0,0.0,-0.09252083143555387,-0.02840004144891754,0.0,0.0,-0.2039073394531223,-0.05846035953165264,13560998.00,1.56055245935785000990840,73899.83608500578842491860,21.803310770051501146869100
jacket,apron,254176.0,1.72208295505359150643,10832.829913862604880829,6.5854038598313128101619,43096.541554978634,0.29198594530399213,330.60614779674887,0.47429233898491474,-1.0,-1.0,-1.0,-1.0,0.0,0.0,-0.008697273511862894,-0.0010149986593625563,0.0,0.0,-0.017547159468983813,-0.0020320598567554636,254176.00,1.722082955053591506430,10646.0224600457979134810,6.57204906275426250246390
jacket,aret,23711.0,1.6704945751726081665,2277.59089043992111952,4.710361775879940979602,4045.3191468659184,0.2850020534638522,174.0740371923816,0.8547204155087895,-1.0,-1.0,-1.0,-1.0,0.0,0.0,-0.0070636806598452315,-1.5420963767664425E-4,0.0,0.0,-0.014227862396128938,-3.0846684391352367E-4,23711.00,1.67049457517260816650,2245.640230252674756180,4.7089092335104047752400
jet,aeroplan,70062.0,1.48518251579259760763,5738.80378246987828298,2.5339449448938869306450,9060.636953327288,0.19206844773237985,231.09326045766753,0.24647187425006917,-1.0,-1.0,-1.0,-1.0,0.0,0.0,-0.007399941736306622,-9.312878539170337E-4,0.0,0.0,-0.014910218218707293,-0.0018643119188800335,70062.00,1.485182515792597607630,5654.494042381588468100,2.52922967187103272886940
jet,axiom,466348.0,1.374441497200117882219,12287.0173920252076562361,3.99294510685338320322755,75981.5838213445,0.22393629184009578,305.3584095081796,0.2420622493449002,-1.0,-1.0,-1.0,-1.0,0.0,0.0,-0.02465761372315163,-0.0050106504221779724,0.0,0.0,-0.050561964844523084,-0.010071766947664339,466348.00,1.3744414972001178822190,11695.66175360595040921490,3.953130101754713124897370
lemon,annum,203171.0,1.57219023740984928863,9368.1896289504726092525,7.2710142843126403941584,46788.186382889435,0.3620592006599919,322.8066173280993,0.5162864074693225,-1.0,-1.0,-1.0,-1.0,0.0,0.0,-0.0118063170197618,-9.71436998307029E-4,0.0,0.0,-0.023894742949895787,-0.0019447632115507049,203171.00,1.572190237409849288630,9149.56316892517169459650,7.25690132957702559964380
lemon,apricot,82561.0,2.34295362960440432978,4272.11412561570771519,4.2219892429931473802005,24483.457823599998,0.6948027079743458,225.7464113778296,0.4850594684308219,-1.0,-1.0,-1.0,-1.0,0.0,0.0,-0.007305072642206739,-4.8677550845147407E-4,0.0,0.0,-0.01471765885144651,-9.740251484898488E-4,82561.00,2.342953629604404329780,4210.150565873950425310,4.21788092090285247943750
lettuc,backbon,132856.0,1.27072911784679250340,4928.2215480404435202446,2.12293587695678597234367,61714.29147288333,0.5902793036210398,208.2928151037513,0.24754597358525987,-1.0,-1.0,-1.0,-1.0,0.0,0.0,-0.018486651889382873,-0.002703013924595809,0.0,0.0,-0.03766969022880658,-0.005420680022773955,132856.00,1.270729117846792503400,4749.31627515666254784060,2.111490164404315803018190
missil,artifact,404501.0,1.470084134396976264437,12675.243015535378625412,4.13976978745471405014983,49199.76275349303,0.17880744581596927,313.8560856582166,0.2404717841671273,-1.0,-1.0,-1.0,-1.0,0.0,0.0,-0.01586374178798698,-0.0032002232578740085,0.0,0.0,-0.03223891337325251,-0.006420995133713624,404501.00,1.4700841343969762644370,12279.3694863856320240080,4.113357936163386629907970
motorcycl,artefact,61672.0,1.48732666103943084755,4662.345568320919939163,1.7564980722030318424857,7939.278304732742,0.19146939116683329,204.39301332967935,0.17504562413491154,-1.0,-1.0,-1.0,-1.0,0.0,0.0,-0.005729097334971033,-9.83802233241896E-4,0.0,0.0,-0.011524218036784235,-0.0019695421064065384,61672.00,1.487326661039430847550,4609.2278219199028855430,1.75304537552150098402390
oak,banner,772668.0,1.465417965816245233090,20165.0012627642738291531,8.823056823533971413496783,146955.4279092814,0.2787110689616692,414.0337794987814,0.6249401137686457,-1.0,-1.0,-1.0,-1.0,0.0,0.0,-0.019056997637886246,-0.0031077600649191375,0.0,0.0,-0.03885444432958273,-0.006234896692789022,772668.00,1.4654179658162452330900,19410.80521225243718632110,8.7683868374401212160860630
peach,apricot,82561.0,2.34295362960440432978,4272.11412561570771519,4.2219892429931473802005,24483.457823599998,0.6948027079743458,225.7464113778296,0.4850594684308219,-1.0,-1.0,-1.0,-1.0,0.0,0.0,-0.007305072642206739,-4.8677550845147407E-4,0.0,0.0,-0.01471765885144651,-9.740251484898488E-4,82561.00,2.342953629604404329780,4210.150565873950425310,4.21788092090285247943750
pear,appl,1609141.0,1.889736657913650500245,29610.3765227543390142507,14.806174836244925279399573,288321.62815335236,0.33859801595431255,505.2161074144759,0.7814460887506719,-1.0,-1.0,-1.0,-1.0,0.0,0.0,-0.02163553301832426,-0.0031773823381505153,0.0,0.0,-0.04422796155929789,-0.006375020554014703,1609141.00,1.8897366579136505002450,28356.23792197492680292530,14.7123830916371997529724730
pheasant,anim,13560998.0,1.5605524593578500099084,88968.5550471211617976072,23.07794015664906597079634,1438141.548496531,0.16549632485831559,736.4989618508077,0.5004885846093539,-1.0,-1.0,-1.0,-1.0,0.0,0.0,-0.09252083143555387,-0.02840004144891754,0.0,0.0,-0.2039073394531223,-0.05846035953165264,13560998.00,1.56055245935785000990840,73899.83608500578842491860,21.803310770051501146869100
plum,advic,3484114.0,1.4697833152991252785175,23306.545496845805704953,5.98843714891250932848083,610332.058645128,0.2574702999352996,371.7243570582315,0.35046637924322854,-1.0,-1.0,-1.0,-1.0,0.0,0.0,-0.09342498029242598,-0.0260387407821712,0.0,0.0,-0.20610534872792163,-0.0534697669660546,3484114.00,1.46978331529912527851750,19323.8057698916610951010,5.684488854539165533197410
rat,admiss,2263294.0,1.3113718191920959381375,18923.9386109143691894981,5.02704738029218092912067,578263.1204408595,0.3350505768248526,338.2952158535273,0.27461659942302274,-1.0,-1.0,-1.0,-1.0,0.0,0.0,-0.09707059270309458,-0.02257815948087503,0.0,0.0,-0.21501258441386747,-0.04619941676131034,2263294.00,1.31137181919209593813750,15575.09679625535767141090,4.805056569286062060044890
revolv,ask,347203297.0,1.645173157308300329520766,267179.1757300377195791343594,49.3944041804152044904227551,3.661230644093255E7,0.17348217688084921,1087.2157335423572,0.6637401419335132,-1.0,-1.0,-1.0,-1.0,0.0,0.0,-0.17453844557053086,-0.125414886567625,0.0,0.0,-0.4228869161354605,-0.2867985851609682,347203297.00,1.6451731573083003295207660,187772.59998685795586059929940,38.38549773835534683021317510
rifl,azalea,18105.0,1.9748036649214660019,2938.63713437165239227,4.387240587706229594252,4811.2323785076105,0.5247853815998703,205.34169811923041,0.6529077797485952,-1.0,-1.0,-1.0,-1.0,0.0,0.0,-9.118916014917227E-4,-4.305612279422311E-5,0.0,0.0,-0.00182544781351355,-8.611595340751067E-5,18105.00,1.97480366492146600190,2933.282580099392572270,4.3868628088329789920300
robin,address,44190937.0,1.63465677799815642752336,111056.980096593560023205582,22.2496437985152972427360114,5286657.571618669,0.19555753326528763,759.7628528394661,0.498297277376135,-1.0,-1.0,-1.0,-1.0,0.0,0.0,-0.17733034652383717,-0.07217228791271026,0.0,0.0,-0.43110948793244963,-0.15557260679431034,44190937.00,1.634656777998156427523360,77602.0151030090882115376820,19.25421532813791424463142940
saw,aftermath,366109.0,1.180052732007942077296,2720.829104511840475374,0.8285016960780593589015,284740.7857174662,0.917784436055885,138.9370528694124,0.15841272165982864,-1.0,-1.0,-1.0,-1.0,0.0,0.0,-0.07907577432319547,-0.01706220512202661,0.0,0.0,-0.1717313371034,-0.03471675463276858,366109.00,1.1800527320079420772960,2322.0588358060953448860,0.80070385674976623793450
saxophon,airport,1092669.0,1.821937908622060966987,21590.812538737859606877,12.38748156238840085964611,168770.97027332633,0.28141205490034055,447.18975868074546,0.5773507821665494,-1.0,-1.0,-1.0,-1.0,0.0,0.0,-0.017082316035770585,-0.002072860535135311,0.0,0.0,-0.03475838580271641,-0.004154332421998015,1092669.00,1.8219379086220609669870,20865.5593759587970055970,12.336232750706825744216690
scarf,accessori,236552.0,1.59394098661114368343,13354.274603712961177260,4.20580325163322587102095,32411.125281298086,0.21839350759262088,337.72335669870625,0.21352513127857348,-1.0,-1.0,-1.0,-1.0,0.0,0.0,-0.009938030683313236,-0.0018054081977423233,0.0,0.0,-0.02007557302735745,-0.003617347183744259,236552.00,1.593940986611143683430,13091.4561203347355902780,4.190644236506225963609950
scarf,artifact,404501.0,1.470084134396976264437,12675.243015535378625412,4.13976978745471405014983,49199.76275349303,0.17880744581596927,313.8560856582166,0.2404717841671273,-1.0,-1.0,-1.0,-1.0,0.0,0.0,-0.01586374178798698,-0.0032002232578740085,0.0,0.0,-0.03223891337325251,-0.006420995133713624,404501.00,1.4700841343969762644370,12279.3694863856320240080,4.113357936163386629907970
scooter,apoptosi,251357.0,1.39038731732141473348,5889.13538415023660412,3.4775936771478527884653,66598.09026541226,0.368388945057651,240.12587537161514,0.3460337206360188,-1.0,-1.0,-1.0,-1.0,0.0,0.0,-0.012686418036203633,-0.001636825335507533,0.0,0.0,-0.025698862586231146,-0.00327901785050836,251357.00,1.390387317321414733480,5741.583225802917663400,3.46622785414019779335330
scooter,artefact,61672.0,1.48732666103943084755,4662.345568320919939163,1.7564980722030318424857,7939.278304732742,0.19146939116683329,204.39301332967935,0.17504562413491154,-1.0,-1.0,-1.0,-1.0,0.0,0.0,-0.005729097334971033,-9.83802233241896E-4,0.0,0.0,-0.011524218036784235,-0.0019695421064065384,61672.00,1.487326661039430847550,4609.2278219199028855430,1.75304537552150098402390
siev,ax,1676824.0,1.654560237444940852677,29088.4513832101791976026,11.88348728758296671566194,241785.93921897112,0.238575665069792,487.52846190223516,0.4889393110797997,-1.0,-1.0,-1.0,-1.0,0.0,0.0,-0.03895059149115472,-0.006909932202378395,0.0,0.0,-0.08105845786137068,-0.013916023181467457,1676824.00,1.6545602374449408526770,26907.38060618395465096660,11.720386122605045410223900
sparrow,anim,13560998.0,1.5605524593578500099084,88968.5550471211617976072,23.07794015664906597079634,1438141.548496531,0.16549632485831559,736.4989618508077,0.5004885846093539,-1.0,-1.0,-1.0,-1.0,0.0,0.0,-0.09252083143555387,-0.02840004144891754,0.0,0.0,-0.2039073394531223,-0.05846035953165264,13560998.00,1.56055245935785000990840,73899.83608500578842491860,21.803310770051501146869100
spear,artifact,404501.0,1.470084134396976264437,12675.243015535378625412,4.13976978745471405014983,49199.76275349303,0.17880744581596927,313.8560856582166,0.2404717841671273,-1.0,-1.0,-1.0,-1.0,0.0,0.0,-0.01586374178798698,-0.0032002232578740085,0.0,0.0,-0.03223891337325251,-0.006420995133713624,404501.00,1.4700841343969762644370,12279.3694863856320240080,4.113357936163386629907970
stereo,bacterium,147314.0,1.39879409390874994876,9697.821430830871100468,7.1194357741528094820831,16711.568089200966,0.1586817460874611,334.5386094126247,0.4158456315097854,-1.0,-1.0,-1.0,-1.0,0.0,0.0,-0.004498528617259018,-5.608894984345381E-4,0.0,0.0,-0.00903771364799815,-0.0011224085440343782,147314.00,1.398794093908749948760,9610.9603235444051385320,7.11145381762739859329290
strawberri,apricot,82561.0,2.34295362960440432978,4272.11412561570771519,4.2219892429931473802005,24483.457823599998,0.6948027079743458,225.7464113778296,0.4850594684308219,-1.0,-1.0,-1.0,-1.0,0.0,0.0,-0.007305072642206739,-4.8677550845147407E-4,0.0,0.0,-0.01471765885144651,-9.740251484898488E-4,82561.00,2.342953629604404329780,4210.150565873950425310,4.21788092090285247943750
sword,battalion,1917931.0,1.587566375160893823503,18594.8683476739529772676,8.69958506250621535129679,374009.80080874887,0.30958641564508493,379.597502006166,0.5970056497313543,-1.0,-1.0,-1.0,-1.0,0.0,0.0,-0.03797793340524081,-0.006092336939459107,0.0,0.0,-0.0789543914302718,-0.012259362043147886,1917931.00,1.5875663751608938235030,17234.15604530273578492360,8.594225342551480102498790
train,artefact,61672.0,1.48732666103943084755,4662.345568320919939163,1.7564980722030318424857,7939.278304732742,0.19146939116683329,204.39301332967935,0.17504562413491154,-1.0,-1.0,-1.0,-1.0,0.0,0.0,-0.005729097334971033,-9.83802233241896E-4,0.0,0.0,-0.011524218036784235,-0.0019695421064065384,61672.00,1.487326661039430847550,4609.2278219199028855430,1.75304537552150098402390
turnip,bark,2151117.0,1.683378500098211286167,39249.8776384180878269144,13.36423033992487448897030,330202.80846625153,0.2584035682132285,558.0395010501583,0.43010456127708996,-1.0,-1.0,-1.0,-1.0,0.0,0.0,-0.03358750196188811,-0.006699749204610339,0.0,0.0,-0.06950965975724278,-0.013489877203283667,2151117.00,1.6833785000982112861670,36698.94636325867484073940,13.186348122986042690587900
van,back,26723042.0,1.2889372335388243534362,55706.66911177486796046132,9.386543940367872266575839,9321421.86098548,0.44960179706138786,514.2859089587847,0.42696472718674255,-1.0,-1.0,-1.0,-1.0,0.0,0.0,-0.4180922943185469,-0.18309794339439361,0.0,0.0,-1.4369711562039984,-0.44827391953253903,26723042.00,1.28893723353882435343620,22858.977616521152168810080,6.4811937947467684207892010
vest,apron,254176.0,1.72208295505359150643,10832.829913862604880829,6.5854038598313128101619,43096.541554978634,0.29198594530399213,330.60614779674887,0.47429233898491474,-1.0,-1.0,-1.0,-1.0,0.0,0.0,-0.008697273511862894,-0.0010149986593625563,0.0,0.0,-0.017547159468983813,-0.0020320598567554636,254176.00,1.722082955053591506430,10646.0224600457979134810,6.57204906275426250246390
violin,anticip,8790962.0,1.6229053842624942017338,43439.40704808171884894375,8.097200821095325290146948,972545.7424080371,0.17954232105605372,475.5777552099825,0.17563019466985427,-1.0,-1.0,-1.0,-1.0,0.0,0.0,-0.1245756817503548,-0.043239035519085124,0.0,0.0,-0.2846063997843603,-0.09038628690823358,8790962.00,1.62290538426249420173380,33815.343793533684335522450,7.4259928965676565757665520
vultur,anim,13560998.0,1.5605524593578500099084,88968.5550471211617976072,23.07794015664906597079634,1438141.548496531,0.16549632485831559,736.4989618508077,0.5004885846093539,-1.0,-1.0,-1.0,-1.0,0.0,0.0,-0.09252083143555387,-0.02840004144891754,0.0,0.0,-0.2039073394531223,-0.05846035953165264,13560998.00,1.56055245935785000990840,73899.83608500578842491860,21.803310770051501146869100
wasp,antenna,453030.0,1.531836763676570534332,14226.7830229253603828401,8.12575724903347094878808,46679.89335891846,0.15783938540867734,358.9686078543784,0.5228078352532752,-1.0,-1.0,-1.0,-1.0,0.0,0.0,-0.013509499744095523,-0.0015291118938040174,0.0,0.0,-0.027389011329741215,-0.0030629073156139596,453030.00,1.5318367636765705343320,13847.51332361609668463110,8.100944805924021358483240
willow,answer,95179532.0,1.55684659123344173594336,188451.738923151559377112961,33.8631885668572411169087996,1.0559711255375026E7,0.17272464075931804,968.286097518908,0.4420221740166589,-1.0,-1.0,-1.0,-1.0,0.0,0.0,-0.17113710609541727,-0.09354916803266233,0.0,0.0,-0.41294430563595313,-0.2064075948380468,95179532.00,1.556846591233441735943360,133375.2067731581167850672390,28.06944246020199934955114040
