w1,w2,c1,c2,c3,c4,c5,c6,c7,c8,c9,c10,c11,c12,c13,c14,c15,c16,c17,c18,c19,c20,c21,c22,c23,c24
acacia,nappi,37702.0,1.7794034359071172423,4857.83067807791419368,5.1639482930921967207067,7389.790660093153,0.34877244950411335,249.19320425489062,0.4692971981150297,-1.0,-1.0,-1.0,-1.0,0.0,0.0,-0.002496623428041559,-1.2736710049681424E-4,0.0,0.0,-0.005005744314613769,-2.5476664988312737E-4,37702.00,1.77940343590711724230,4833.634738466913828520,5.16263302637149206464130
allig,beast,57264.0,1.69676138552253400797,6079.266891488532029888,5.4214742859426736839351,9021.613824588148,0.26731499672844083,267.07502808229503,0.5153505161037774,-1.0,-1.0,-1.0,-1.0,0.0,0.0,-0.003382634104725252,-2.7148839711104095E-4,0.0,0.0,-0.006788230308803794,-5.431242461531022E-4,57264.00,1.696761385522534007970,6038.2776719826064923680,5.41853135018784595895170
allig,methyl,57264.0,1.69676138552253400797,6079.266891488532029888,5.4214742859426736839351,9021.613824588148,0.26731499672844083,267.07502808229503,0.5153505161037774,-1.0,-1.0,-1.0,-1.0,0.0,0.0,-0.003382634104725252,-2.7148839711104095E-4,0.0,0.0,-0.006788230308803794,-5.431242461531022E-4,57264.00,1.696761385522534007970,6038.2776719826064923680,5.41853135018784595895170
allig,mouth,57264.0,1.69676138552253400797,6079.266891488532029888,5.4214742859426736839351,9021.613824588148,0.26731499672844083,267.07502808229503,0.5153505161037774,-1.0,-1.0,-1.0,-1.0,0.0,0.0,-0.003382634104725252,-2.7148839711104095E-4,0.0,0.0,-0.006788230308803794,-5.431242461531022E-4,57264.00,1.696761385522534007970,6038.2776719826064923680,5.41853135018784595895170
ambul,caregiv,152508.0,1.58804602488676004443,7798.5824458808932710252,3.4910001849100267001955,23315.70166218465,0.24278337754136145,266.3591845896556,0.2739534719508455,-1.0,-1.0,-1.0,-1.0,0.0,0.0,-0.014516066429285667,-0.0019730232149957677,0.0,0.0,-0.029459772878669774,-0.003953847462824241,152508.00,1.588046024886760044430,7575.41251376319665288480,3.47725166224764746789090
ambul,constitu,152508.0,1.58804602488676004443,7798.5824458808932710252,3.4910001849100267001955,23315.70166218465,0.24278337754136145,266.3591845896556,0.2739534719508455,-1.0,-1.0,-1.0,-1.0,0.0,0.0,-0.014516066429285667,-0.0019730232149957677,0.0,0.0,-0.029459772878669774,-0.003953847462824241,152508.00,1.588046024886760044430,7575.41251376319665288480,3.47725166224764746789090
ambul,door,152508.0,1.58804602488676004443,7798.5824458808932710252,3.4910001849100267001955,23315.70166218465,0.24278337754136145,266.3591845896556,0.2739534719508455,-1.0,-1.0,-1.0,-1.0,0.0,0.0,-0.014516066429285667,-0.0019730232149957677,0.0,0.0,-0.029459772878669774,-0.003953847462824241,152508.00,1.588046024886760044430,7575.41251376319665288480,3.47725166224764746789090
ambul,elast,152508.0,1.58804602488676004443,7798.5824458808932710252,3.4910001849100267001955,23315.70166218465,0.24278337754136145,266.3591845896556,0.2739534719508455,-1.0,-1.0,-1.0,-1.0,0.0,0.0,-0.014516066429285667,-0.0019730232149957677,0.0,0.0,-0.029459772878669774,-0.003953847462824241,152508.00,1.588046024886760044430,7575.41251376319665288480,3.47725166224764746789090
ambul,mayor,152508.0,1.58804602488676004443,7798.5824458808932710252,3.4910001849100267001955,23315.70166218465,0.24278337754136145,266.3591845896556,0.2739534719508455,-1.0,-1.0,-1.0,-1.0,0.0,0.0,-0.014516066429285667,-0.0019730232149957677,0.0,0.0,-0.029459772878669774,-0.003953847462824241,152508.00,1.588046024886760044430,7575.41251376319665288480,3.47725166224764746789090
ambul,odor,152508.0,1.58804602488676004443,7798.5824458808932710252,3.4910001849100267001955,23315.70166218465,0.24278337754136145,266.3591845896556,0.2739534719508455,-1.0,-1.0,-1.0,-1.0,0.0,0.0,-0.014516066429285667,-0.0019730232149957677,0.0,0.0,-0.029459772878669774,-0.003953847462824241,152508.00,1.588046024886760044430,7575.41251376319665288480,3.47725166224764746789090
ambul,physic,152508.0,1.58804602488676004443,7798.5824458808932710252,3.4910001849100267001955,23315.70166218465,0.24278337754136145,266.3591845896556,0.2739534719508455,-1.0,-1.0,-1.0,-1.0,0.0,0.0,-0.014516066429285667,-0.0019730232149957677,0.0,0.0,-0.029459772878669774,-0.003953847462824241,152508.00,1.588046024886760044430,7575.41251376319665288480,3.47725166224764746789090
ambul,tire,152508.0,1.58804602488676004443,7798.5824458808932710252,3.4910001849100267001955,23315.70166218465,0.24278337754136145,266.3591845896556,0.2739534719508455,-1.0,-1.0,-1.0,-1.0,0.0,0.0,-0.014516066429285667,-0.0019730232149957677,0.0,0.0,-0.029459772878669774,-0.003953847462824241,152508.00,1.588046024886760044430,7575.41251376319665288480,3.47725166224764746789090
ambul,yacht,152508.0,1.58804602488676004443,7798.5824458808932710252,3.4910001849100267001955,23315.70166218465,0.24278337754136145,266.3591845896556,0.2739534719508455,-1.0,-1.0,-1.0,-1.0,0.0,0.0,-0.014516066429285667,-0.0019730232149957677,0.0,0.0,-0.029459772878669774,-0.003953847462824241,152508.00,1.588046024886760044430,7575.41251376319665288480,3.47725166224764746789090
ant,burn,751973.0,1.665440427360270721279,26794.879127429637366275,11.8475994180886312800598,104830.63305637336,0.232174791272897,499.84023280381183,0.5242204748477238,-1.0,-1.0,-1.0,-1.0,0.0,0.0,-0.020032736760080688,-0.003171086479005974,0.0,0.0,-0.04088450198601419,-0.0063623485153637424,751973.00,1.6654404273602707212790,25742.4133766088736601130,11.77269741417373643992320
ant,exoskeleton,751973.0,1.665440427360270721279,26794.879127429637366275,11.8475994180886312800598,104830.63305637336,0.232174791272897,499.84023280381183,0.5242204748477238,-1.0,-1.0,-1.0,-1.0,0.0,0.0,-0.020032736760080688,-0.003171086479005974,0.0,0.0,-0.04088450198601419,-0.0063623485153637424,751973.00,1.6654404273602707212790,25742.4133766088736601130,11.77269741417373643992320
ant,insect,751973.0,1.665440427360270721279,26794.879127429637366275,11.8475994180886312800598,104830.63305637336,0.232174791272897,499.84023280381183,0.5242204748477238,-1.0,-1.0,-1.0,-1.0,0.0,0.0,-0.020032736760080688,-0.003171086479005974,0.0,0.0,-0.04088450198601419,-0.0063623485153637424,751973.00,1.6654404273602707212790,25742.4133766088736601130,11.77269741417373643992320
ant,specialist,751973.0,1.665440427360270721279,26794.879127429637366275,11.8475994180886312800598,104830.63305637336,0.232174791272897,499.84023280381183,0.5242204748477238,-1.0,-1.0,-1.0,-1.0,0.0,0.0,-0.020032736760080688,-0.003171086479005974,0.0,0.0,-0.04088450198601419,-0.0063623485153637424,751973.00,1.6654404273602707212790,25742.4133766088736601130,11.77269741417373643992320
appl,food,1609141.0,1.889736657913650500245,29610.3765227543390142507,14.806174836244925279399573,288321.62815335236,0.33859801595431255,505.2161074144759,0.7814460887506719,-1.0,-1.0,-1.0,-1.0,0.0,0.0,-0.02163553301832426,-0.0031773823381505153,0.0,0.0,-0.04422796155929789,-0.006375020554014703,1609141.00,1.8897366579136505002450,28356.23792197492680292530,14.7123830916371997529724730
appl,grapefruit,1609141.0,1.889736657913650500245,29610.3765227543390142507,14.806174836244925279399573,288321.62815335236,0.33859801595431255,505.2161074144759,0.7814460887506719,-1.0,-1.0,-1.0,-1.0,0.0,0.0,-0.02163553301832426,-0.0031773823381505153,0.0,0.0,-0.04422796155929789,-0.006375020554014703,1609141.00,1.8897366579136505002450,28356.23792197492680292530,14.7123830916371997529724730
appl,pear,1609141.0,1.889736657913650500245,29610.3765227543390142507,14.806174836244925279399573,288321.62815335236,0.33859801595431255,505.2161074144759,0.7814460887506719,-1.0,-1.0,-1.0,-1.0,0.0,0.0,-0.02163553301832426,-0.0031773823381505153,0.0,0.0,-0.04422796155929789,-0.006375020554014703,1609141.00,1.8897366579136505002450,28356.23792197492680292530,14.7123830916371997529724730
appl,strawberri,1609141.0,1.889736657913650500245,29610.3765227543390142507,14.806174836244925279399573,288321.62815335236,0.33859801595431255,505.2161074144759,0.7814460887506719,-1.0,-1.0,-1.0,-1.0,0.0,0.0,-0.02163553301832426,-0.0031773823381505153,0.0,0.0,-0.04422796155929789,-0.006375020554014703,1609141.00,1.8897366579136505002450,28356.23792197492680292530,14.7123830916371997529724730
appl,watersport,1609141.0,1.889736657913650500245,29610.3765227543390142507,14.806174836244925279399573,288321.62815335236,0.33859801595431255,505.2161074144759,0.7814460887506719,-1.0,-1.0,-1.0,-1.0,0.0,0.0,-0.02163553301832426,-0.0031773823381505153,0.0,0.0,-0.04422796155929789,-0.006375020554014703,1609141.00,1.8897366579136505002450,28356.23792197492680292530,14.7123830916371997529724730
apricot,grapefruit,82561.0,2.34295362960440432978,4272.11412561570771519,4.2219892429931473802005,24483.457823599998,0.6948027079743458,225.7464113778296,0.4850594684308219,-1.0,-1.0,-1.0,-1.0,0.0,0.0,-0.007305072642206739,-4.8677550845147407E-4,0.0,0.0,-0.01471765885144651,-9.740251484898488E-4,82561.00,2.342953629604404329780,4210.150565873950425310,4.21788092090285247943750
apricot,strawberri,82561.0,2.34295362960440432978,4272.11412561570771519,4.2219892429931473802005,24483.457823599998,0.6948027079743458,225.7464113778296,0.4850594684308219,-1.0,-1.0,-1.0,-1.0,0.0,0.0,-0.007305072642206739,-4.8677550845147407E-4,0.0,0.0,-0.01471765885144651,-9.740251484898488E-4,82561.00,2.342953629604404329780,4210.150565873950425310,4.21788092090285247943750
ax,access,6053477.0,0.9479310902262031523289,63580.8757906691957638592,19.98607460768770821770603,426011.40693765465,0.05887158753364022,659.0123665388762,0.5813071710387868,0.8546804016036276,0.943492438448929,0.07609222231340744,0.10099785109886314,0.3392898793581412,0.44377415155881633,-0.13825751510658185,0.016658984552358005,0.506671310800537,0.6147417878061906,-0.3208789575314528,0.03277202052110536,6053477.00,0.94793109022620315232890,46213.52520478453465971320,18.771382185116308864460910
ax,drape,1676824.0,1.654560237444940852677,29088.4513832101791976026,11.88348728758296671566194,241785.93921897112,0.238575665069792,487.52846190223516,0.4889393110797997,-1.0,-1.0,-1.0,-1.0,0.0,0.0,-0.03895059149115472,-0.006909932202378395,0.0,0.0,-0.08105845786137068,-0.013916023181467457,1676824.00,1.6545602374449408526770,26907.38060618395465096660,11.720386122605045410223900
ax,ecology-conserv,1676824.0,1.654560237444940852677,29088.4513832101791976026,11.88348728758296671566194,241785.93921897112,0.238575665069792,487.52846190223516,0.4889393110797997,-1.0,-1.0,-1.0,-1.0,0.0,0.0,-0.03895059149115472,-0.006909932202378395,0.0,0.0,-0.08105845786137068,-0.013916023181467457,1676824.00,1.6545602374449408526770,26907.38060618395465096660,11.720386122605045410223900
ax,hatchet,1676824.0,1.654560237444940852677,29088.4513832101791976026,11.88348728758296671566194,241785.93921897112,0.238575665069792,487.52846190223516,0.4889393110797997,-1.0,-1.0,-1.0,-1.0,0.0,0.0,-0.03895059149115472,-0.006909932202378395,0.0,0.0,-0.08105845786137068,-0.013916023181467457,1676824.00,1.6545602374449408526770,26907.38060618395465096660,11.720386122605045410223900
ax,pincer,1676824.0,1.654560237444940852677,29088.4513832101791976026,11.88348728758296671566194,241785.93921897112,0.238575665069792,487.52846190223516,0.4889393110797997,-1.0,-1.0,-1.0,-1.0,0.0,0.0,-0.03895059149115472,-0.006909932202378395,0.0,0.0,-0.08105845786137068,-0.013916023181467457,1676824.00,1.6545602374449408526770,26907.38060618395465096660,11.720386122605045410223900
ax,spear,1676824.0,1.654560237444940852677,29088.4513832101791976026,11.88348728758296671566194,241785.93921897112,0.238575665069792,487.52846190223516,0.4889393110797997,-1.0,-1.0,-1.0,-1.0,0.0,0.0,-0.03895059149115472,-0.006909932202378395,0.0,0.0,-0.08105845786137068,-0.013916023181467457,1676824.00,1.6545602374449408526770,26907.38060618395465096660,11.720386122605045410223900
ax,tool,1676824.0,1.654560237444940852677,29088.4513832101791976026,11.88348728758296671566194,241785.93921897112,0.238575665069792,487.52846190223516,0.4889393110797997,-1.0,-1.0,-1.0,-1.0,0.0,0.0,-0.03895059149115472,-0.006909932202378395,0.0,0.0,-0.08105845786137068,-0.013916023181467457,1676824.00,1.6545602374449408526770,26907.38060618395465096660,11.720386122605045410223900
bag,accessori,1930579.0,1.2857402447461178386126,45907.138907014377853641526,17.7599534150442120772509793,179204.2015383568,0.08448526532731274,609.5977961615395,0.655832615533888,0.7216567457620813,0.9087669671403685,0.09528257099332144,0.14351439233654747,0.3087200475515261,0.42992343198130584,0.018997050192664552,0.05767697090102862,0.4717892846970717,0.6013237105788283,0.037285780540920556,0.10906349005952916,1930579.00,1.28574024474611783861260,42733.6497006398573678364740,17.53476162394147577059542070
bag,color,3727257.0,1.6705901388641128997158,38641.029271738462018813126,16.1374334414062653468258093,430606.4197605512,0.19300167350508904,540.7189433933819,0.7007352210685891,-1.0,-1.0,-1.0,-1.0,0.0,0.0,-0.05451689883565965,-0.010075363844945798,0.0,0.0,-0.1153207260257182,-0.020355819982578294,3727257.00,1.67059013886411289971580,34645.6659237653559602628740,15.81549605085978563999365070
bag,compon,3727257.0,1.6705901388641128997158,38641.029271738462018813126,16.1374334414062653468258093,430606.4197605512,0.19300167350508904,540.7189433933819,0.7007352210685891,-1.0,-1.0,-1.0,-1.0,0.0,0.0,-0.05451689883565965,-0.010075363844945798,0.0,0.0,-0.1153207260257182,-0.020355819982578294,3727257.00,1.67059013886411289971580,34645.6659237653559602628740,15.81549605085978563999365070
bag,inaccuraci,3727257.0,1.6705901388641128997158,38641.029271738462018813126,16.1374334414062653468258093,430606.4197605512,0.19300167350508904,540.7189433933819,0.7007352210685891,-1.0,-1.0,-1.0,-1.0,0.0,0.0,-0.05451689883565965,-0.010075363844945798,0.0,0.0,-0.1153207260257182,-0.020355819982578294,3727257.00,1.67059013886411289971580,34645.6659237653559602628740,15.81549605085978563999365070
bag,metadata,3727257.0,1.6705901388641128997158,38641.029271738462018813126,16.1374334414062653468258093,430606.4197605512,0.19300167350508904,540.7189433933819,0.7007352210685891,-1.0,-1.0,-1.0,-1.0,0.0,0.0,-0.05451689883565965,-0.010075363844945798,0.0,0.0,-0.1153207260257182,-0.020355819982578294,3727257.00,1.67059013886411289971580,34645.6659237653559602628740,15.81549605085978563999365070
bag,pouch,3727257.0,1.6705901388641128997158,38641.029271738462018813126,16.1374334414062653468258093,430606.4197605512,0.19300167350508904,540.7189433933819,0.7007352210685891,-1.0,-1.0,-1.0,-1.0,0.0,0.0,-0.05451689883565965,-0.010075363844945798,0.0,0.0,-0.1153207260257182,-0.020355819982578294,3727257.00,1.67059013886411289971580,34645.6659237653559602628740,15.81549605085978563999365070
bag,taxi,3727257.0,1.6705901388641128997158,38641.029271738462018813126,16.1374334414062653468258093,430606.4197605512,0.19300167350508904,540.7189433933819,0.7007352210685891,-1.0,-1.0,-1.0,-1.0,0.0,0.0,-0.05451689883565965,-0.010075363844945798,0.0,0.0,-0.1153207260257182,-0.020355819982578294,3727257.00,1.67059013886411289971580,34645.6659237653559602628740,15.81549605085978563999365070
banana,indiscret,268873.0,2.09326025520253480208,10052.622657366212628572,8.5595916560071754180140,76531.76967116336,0.5958237224003935,327.6617595959514,0.698769826126893,-1.0,-1.0,-1.0,-1.0,0.0,0.0,-0.008742359349443061,-7.694454144125764E-4,0.0,0.0,-0.017638924515538664,-0.0015400758331127894,268873.00,2.093260255202534802080,9878.3786814678941043320,8.54642950646486681325400
banana,sore,268873.0,2.09326025520253480208,10052.622657366212628572,8.5595916560071754180140,76531.76967116336,0.5958237224003935,327.6617595959514,0.698769826126893,-1.0,-1.0,-1.0,-1.0,0.0,0.0,-0.008742359349443061,-7.694454144125764E-4,0.0,0.0,-0.017638924515538664,-0.0015400758331127894,268873.00,2.093260255202534802080,9878.3786814678941043320,8.54642950646486681325400
battleship,crew,471864.0,2.100113492222444763726,6775.8083612977196717549,5.46621188567135753236322,152918.28339345168,0.6805896405788179,251.47810868667946,0.9929018105809437,-1.0,-1.0,-1.0,-1.0,0.0,0.0,-0.023382524035019968,-0.0019634036290132792,0.0,0.0,-0.04788471353518648,-0.003934532333087813,471864.00,2.1001134922224447637260,6466.17731299713025065090,5.444789186569951166634320
battleship,excess,471864.0,2.100113492222444763726,6775.8083612977196717549,5.46621188567135753236322,152918.28339345168,0.6805896405788179,251.47810868667946,0.9929018105809437,-1.0,-1.0,-1.0,-1.0,0.0,0.0,-0.023382524035019968,-0.0019634036290132792,0.0,0.0,-0.04788471353518648,-0.003934532333087813,471864.00,2.1001134922224447637260,6466.17731299713025065090,5.444789186569951166634320
battleship,frame,471864.0,2.100113492222444763726,6775.8083612977196717549,5.46621188567135753236322,152918.28339345168,0.6805896405788179,251.47810868667946,0.9929018105809437,-1.0,-1.0,-1.0,-1.0,0.0,0.0,-0.023382524035019968,-0.0019634036290132792,0.0,0.0,-0.04788471353518648,-0.003934532333087813,471864.00,2.1001134922224447637260,6466.17731299713025065090,5.444789186569951166634320
battleship,heat,471864.0,2.100113492222444763726,6775.8083612977196717549,5.46621188567135753236322,152918.28339345168,0.6805896405788179,251.47810868667946,0.9929018105809437,-1.0,-1.0,-1.0,-1.0,0.0,0.0,-0.023382524035019968,-0.0019634036290132792,0.0,0.0,-0.04788471353518648,-0.003934532333087813,471864.00,2.1001134922224447637260,6466.17731299713025065090,5.444789186569951166634320
battleship,instal,471864.0,2.100113492222444763726,6775.8083612977196717549,5.46621188567135753236322,152918.28339345168,0.6805896405788179,251.47810868667946,0.9929018105809437,-1.0,-1.0,-1.0,-1.0,0.0,0.0,-0.023382524035019968,-0.0019634036290132792,0.0,0.0,-0.04788471353518648,-0.003934532333087813,471864.00,2.1001134922224447637260,6466.17731299713025065090,5.444789186569951166634320
battleship,liabil,471864.0,2.100113492222444763726,6775.8083612977196717549,5.46621188567135753236322,152918.28339345168,0.6805896405788179,251.47810868667946,0.9929018105809437,-1.0,-1.0,-1.0,-1.0,0.0,0.0,-0.023382524035019968,-0.0019634036290132792,0.0,0.0,-0.04788471353518648,-0.003934532333087813,471864.00,2.1001134922224447637260,6466.17731299713025065090,5.444789186569951166634320
battleship,scooter,471864.0,2.100113492222444763726,6775.8083612977196717549,5.46621188567135753236322,152918.28339345168,0.6805896405788179,251.47810868667946,0.9929018105809437,-1.0,-1.0,-1.0,-1.0,0.0,0.0,-0.023382524035019968,-0.0019634036290132792,0.0,0.0,-0.04788471353518648,-0.003934532333087813,471864.00,2.1001134922224447637260,6466.17731299713025065090,5.444789186569951166634320
battleship,truck,471864.0,2.100113492222444763726,6775.8083612977196717549,5.46621188567135753236322,152918.28339345168,0.6805896405788179,251.47810868667946,0.9929018105809437,-1.0,-1.0,-1.0,-1.0,0.0,0.0,-0.023382524035019968,-0.0019634036290132792,0.0,0.0,-0.04788471353518648,-0.003934532333087813,471864.00,2.1001134922224447637260,6466.17731299713025065090,5.444789186569951166634320
beaver,amateur,358267.0,1.90871119493236585130,11024.675273585459091517,4.973241101750987984890807,86511.42004960963,0.46090015529810513,305.72279568777714,0.5064788922651758,-1.0,-1.0,-1.0,-1.0,0.0,0.0,-0.021652496734140214,-0.0030008730212872244,0.0,0.0,-0.04426340673811949,-0.006019810730187926,358267.00,1.908711194932365851300,10557.3701064775782652890,4.9434822741127900017362930
bookcas,artefact,61672.0,1.48732666103943084755,4662.345568320919939163,1.7564980722030318424857,7939.278304732742,0.19146939116683329,204.39301332967935,0.17504562413491154,-1.0,-1.0,-1.0,-1.0,0.0,0.0,-0.005729097334971033,-9.83802233241896E-4,0.0,0.0,-0.011524218036784235,-0.0019695421064065384,61672.00,1.487326661039430847550,4609.2278219199028855430,1.75304537552150098402390
cannon,ammo,3806.0,1.4774844720496894010,610.4140007529738715,0.490635946112346780589,766.8324458445926,0.2976834028899816,84.05262442424106,0.12272982080483053,-1.0,-1.0,-1.0,-1.0,0.0,0.0,0.0,0.0,0.0,0.0,0.0,0.0,3806.00,1.47748447204968940100,610.41400075297387150,0.4906359461123467805890
cannon,arm,14728171.0,1.7217455173236940934237,95602.03978645566173206563,22.860404856936642892434798,2318725.797731806,0.2710625608670312,764.9217514907918,0.5047294159834467,-1.0,-1.0,-1.0,-1.0,0.0,0.0,-0.08056922478551427,-0.02617679884701819,0.0,0.0,-0.17525892532087364,-0.05376088558174734,14728171.00,1.72174551732369409342370,81345.512658288494372653070,21.6941102765606564423285420
cannon,ball,3296243.0,1.6294770238926206349750,51359.3180828369592475645,17.512151082388408542778826,348270.4701047736,0.17216531946704489,621.9168324195808,0.5110205249723552,-1.0,-1.0,-1.0,-1.0,0.0,0.0,-0.03322429375045373,-0.007523636836737078,0.0,0.0,-0.06873216514581677,-0.015161342105432964,3296243.00,1.62947702389262063497500,48056.30424328956545050050,17.2506087023254927645906060
car,ambul,152508.0,1.58804602488676004443,7798.5824458808932710252,3.4910001849100267001955,23315.70166218465,0.24278337754136145,266.3591845896556,0.2739534719508455,-1.0,-1.0,-1.0,-1.0,0.0,0.0,-0.014516066429285667,-0.0019730232149957677,0.0,0.0,-0.029459772878669774,-0.003953847462824241,152508.00,1.588046024886760044430,7575.41251376319665288480,3.47725166224764746789090
castl,bathroom,215902.0,1.44902616142498554646,7510.0572572943227089792,3.68157525896091309116808,33011.55688543029,0.22155704697667278,258.1631172315192,0.3081719514637253,-1.0,-1.0,-1.0,-1.0,0.0,0.0,-0.013535378586123126,-0.001860857886398128,0.0,0.0,-0.027442197707451856,-0.0037286542684974414,215902.00,1.449026161424985546460,7309.46935414141361205920,3.667898931951873531779480
cedar,bark,2151117.0,1.683378500098211286167,39249.8776384180878269144,13.36423033992487448897030,330202.80846625153,0.2584035682132285,558.0395010501583,0.43010456127708996,-1.0,-1.0,-1.0,-1.0,0.0,0.0,-0.03358750196188811,-0.006699749204610339,0.0,0.0,-0.06950965975724278,-0.013489877203283667,2151117.00,1.6833785000982112861670,36698.94636325867484073940,13.186348122986042690587900
cello,acolyt,13934.0,1.5335681267884657548,2252.62906698150914113,1.9387523337914687175344,1812.696334193899,0.1995043290990424,164.54431643273332,0.30069759270538665,-1.0,-1.0,-1.0,-1.0,0.0,0.0,-0.0018407062713919299,-7.590952388184854E-5,0.0,0.0,-0.003688201438301498,-1.5183057315021562E-4,13934.00,1.53356812678846575480,2244.351446747560739870,1.93845801659978074263560
cello,back,26723042.0,1.2889372335388243534362,55706.66911177486796046132,9.386543940367872266575839,9321421.86098548,0.44960179706138786,514.2859089587847,0.42696472718674255,-1.0,-1.0,-1.0,-1.0,0.0,0.0,-0.4180922943185469,-0.18309794339439361,0.0,0.0,-1.4369711562039984,-0.44827391953253903,26723042.00,1.28893723353882435343620,22858.977616521152168810080,6.4811937947467684207892010
chisel,advic,3484114.0,1.4697833152991252785175,23306.545496845805704953,5.98843714891250932848083,610332.058645128,0.2574702999352996,371.7243570582315,0.35046637924322854,-1.0,-1.0,-1.0,-1.0,0.0,0.0,-0.09342498029242598,-0.0260387407821712,0.0,0.0,-0.20610534872792163,-0.0534697669660546,3484114.00,1.46978331529912527851750,19323.8057698916610951010,5.684488854539165533197410
cloak,angl,8024754.0,1.4755473621093196057712,42164.4003145170895932885,13.77544012438045130589355,1541292.1182455972,0.2834042662637604,528.3273595987301,0.5211558127314794,-1.0,-1.0,-1.0,-1.0,0.0,0.0,-0.12301652371275582,-0.02771111179924584,0.0,0.0,-0.28054467852359716,-0.05700180704631105,8024754.00,1.47554736210931960577120,32926.92634756836134425410,13.032560618675366026402410
cockroach,arthropod,50626.0,1.5833489710389691489,3903.68089345485228207,3.047678096883454595149,7489.323200396682,0.23423166323877784,208.5388897278937,0.34872353177268545,-1.0,-1.0,-1.0,-1.0,0.0,0.0,-0.005629636999161291,-3.8911648866840094E-4,0.0,0.0,-0.011323018482111665,-7.785359184997108E-4,50626.00,1.58334897103896914890,3859.974332744707322670,3.0453072158330622051490
coconut,alchemist,32242.0,1.47668773472565726895,3691.37248659194173473,2.462405288717822890900,4726.794050939812,0.21648777369880978,202.38389354377162,0.2755443631769352,-1.0,-1.0,-1.0,-1.0,0.0,0.0,-0.00658168402386088,-4.888655815301982E-4,0.0,0.0,-0.01325057917297141,-9.782093759558314E-4,32242.00,1.476687734725657268950,3643.099310739984000270,2.4599988947341529602360
corn,badg,336284.0,1.638699114095529537092,12511.4843862978738260035,4.890967777669633488550702,91803.48900777138,0.4473549027248208,329.08808079288934,0.31885419653808383,-1.0,-1.0,-1.0,-1.0,0.0,0.0,-0.012216520422883119,-0.002024582834687601,0.0,0.0,-0.024735219155746908,-0.004057380171624475,336284.00,1.6386991140955295370920,12209.48021734411084267550,4.8712034533659976187777020
eleph,account,55411693.0,1.5091241072718331887551,91589.47576738070444858611,17.096877681611629715215170,1.640695847071379E7,0.4468395606530555,639.2836338885767,0.4174712008436647,-1.0,-1.0,-1.0,-1.0,0.0,0.0,-0.3645955403811941,-0.16369804719154454,0.0,0.0,-1.1476014524667442,-0.3914807244962575,55411693.00,1.50912410727183318875510,42647.333685764014301637110,12.2868232240881563639052660
elm,backbench,2202.0,1.5441795231416549660,537.13295323026675398,0.4662486978019358257164,479.8458085677106,0.33649776196894154,80.7997815572632,0.150830696542853,-1.0,-1.0,-1.0,-1.0,0.0,0.0,-1.7465687991517369E-4,-1.0448737224755974E-5,0.0,0.0,-3.4937478053943745E-4,-2.0897692804012662E-5,2202.00,1.54417952314165496600,536.945358063631603020,0.46623895448349176566360
ferri,acc,25739.0,1.4607003007774813883,5004.73778277633482912,5.2051394410894932274212,2678.8831628124435,0.15202787371956433,254.4644669065781,0.5200959338837458,-1.0,-1.0,-1.0,-1.0,0.0,0.0,-0.0031157464050831176,-2.207640585724751E-4,0.0,0.0,-0.006250969245120003,-4.416256122074706E-4,25739.00,1.46070030077748138830,4973.647664191411376260,5.20284173292397210059480
frigat,ambul,152508.0,1.58804602488676004443,7798.5824458808932710252,3.4910001849100267001955,23315.70166218465,0.24278337754136145,266.3591845896556,0.2739534719508455,-1.0,-1.0,-1.0,-1.0,0.0,0.0,-0.014516066429285667,-0.0019730232149957677,0.0,0.0,-0.029459772878669774,-0.003953847462824241,152508.00,1.588046024886760044430,7575.41251376319665288480,3.47725166224764746789090
frigat,anchor,2501028.0,1.655957905637278445762,29203.3962582529434615538,8.425384169912552462172572,381489.5899497128,0.25258841660131376,461.9490825630964,0.2965508466892341,-1.0,-1.0,-1.0,-1.0,0.0,0.0,-0.05903933865127331,-0.012221598303993204,0.0,0.0,-0.1254873685508791,-0.024745627729881176,2501028.00,1.6559579056372784457620,25947.33363898500828176220,8.2219274148817835519086840
glider,ambul,152508.0,1.58804602488676004443,7798.5824458808932710252,3.4910001849100267001955,23315.70166218465,0.24278337754136145,266.3591845896556,0.2739534719508455,-1.0,-1.0,-1.0,-1.0,0.0,0.0,-0.014516066429285667,-0.0019730232149957677,0.0,0.0,-0.029459772878669774,-0.003953847462824241,152508.00,1.588046024886760044430,7575.41251376319665288480,3.47725166224764746789090
glider,battleship,471864.0,2.100113492222444763726,6775.8083612977196717549,5.46621188567135753236322,152918.28339345168,0.6805896405788179,251.47810868667946,0.9929018105809437,-1.0,-1.0,-1.0,-1.0,0.0,0.0,-0.023382524035019968,-0.0019634036290132792,0.0,0.0,-0.04788471353518648,-0.003934532333087813,471864.00,2.1001134922224447637260,6466.17731299713025065090,5.444789186569951166634320
gorilla,arcad,168384.0,1.48177090208294832886,9433.86851231089809274,4.1510324097172640046321,31891.418845827477,0.28064291424296206,294.9894339119787,0.3027705016912301,-1.0,-1.0,-1.0,-1.0,0.0,0.0,-0.011517851230592954,-0.0015151117461241887,0.0,0.0,-0.023304115800031173,-0.0030348215860808397,168384.00,1.481770902082948328860,9219.027234084159710780,4.13847288287889293732570
guitar,back,26723042.0,1.2889372335388243534362,55706.66911177486796046132,9.386543940367872266575839,9321421.86098548,0.44960179706138786,514.2859089587847,0.42696472718674255,-1.0,-1.0,-1.0,-1.0,0.0,0.0,-0.4180922943185469,-0.18309794339439361,0.0,0.0,-1.4369711562039984,-0.44827391953253903,26723042.00,1.28893723353882435343620,22858.977616521152168810080,6.4811937947467684207892010
gun,bazooka,4287.0,1.8478448275862069025,476.881071640869631177,0.6647609092077307150529,1481.0189060238224,0.6383702181137166,78.4357288852033,0.20936512138543756,-1.0,-1.0,-1.0,-1.0,0.0,0.0,-0.0017175138045157552,-3.7620047232091145E-5,0.0,0.0,-0.0034409374666309243,-7.524292510657869E-5,4287.00,1.84784482758620690250,475.2457806284469468230,0.66471089441568466876710
hammer,artifact,404501.0,1.470084134396976264437,12675.243015535378625412,4.13976978745471405014983,49199.76275349303,0.17880744581596927,313.8560856582166,0.2404717841671273,-1.0,-1.0,-1.0,-1.0,0.0,0.0,-0.01586374178798698,-0.0032002232578740085,0.0,0.0,-0.03223891337325251,-0.006420995133713624,404501.00,1.4700841343969762644370,12279.3694863856320240080,4.113357936163386629907970
helicopt,auditorium,163943.0,1.63545584230320323045,7131.690187931000221405,3.4370754943537919957145,23684.41831669083,0.23627004695281295,252.6615794194618,0.35584095863856363,-1.0,-1.0,-1.0,-1.0,0.0,0.0,-0.006856721001461619,-7.932587352949282E-4,0.0,0.0,-0.013808120432281976,-0.0015877769885557283,163943.00,1.635455842303203230450,7034.5561888871913598250,3.43162683622991583819650
helicopt,bargain,1731069.0,1.695022648359976745365,19999.2318130459614222696,5.22880470113040233080873,276883.7201913468,0.2711181222045449,358.3208044483548,0.31357330100580477,-1.0,-1.0,-1.0,-1.0,0.0,0.0,-0.05890880356726064,-0.01451830011551981,0.0,0.0,-0.12519255050001077,-0.02946437283862637,1731069.00,1.6950226483599767453650,17774.05280914697074459760,5.079150710881418078904930
hornet,antenna,453030.0,1.531836763676570534332,14226.7830229253603828401,8.12575724903347094878808,46679.89335891846,0.15783938540867734,358.9686078543784,0.5228078352532752,-1.0,-1.0,-1.0,-1.0,0.0,0.0,-0.013509499744095523,-0.0015291118938040174,0.0,0.0,-0.027389011329741215,-0.0030629073156139596,453030.00,1.5318367636765705343320,13847.51332361609668463110,8.100944805924021358483240
hors,anim,13560998.0,1.5605524593578500099084,88968.5550471211617976072,23.07794015664906597079634,1438141.548496531,0.16549632485831559,736.4989618508077,0.5004885846093539,-1.0,-1.0,-1.0,-1.0,0.0,0.0,-0.09252083143555387,-0.02840004144891754,0.0,0.0,-0.2039073394531223,-0.05846035953165264,13560998.00,1.56055245935785000990840,73899.83608500578842491860,21.803310770051501146869100
hotel,anim,13560998.0,1.5605524593578500099084,88968.5550471211617976072,23.07794015664906597079634,1438141.548496531,0.16549632485831559,736.4989618508077,0.5004885846093539,-1.0,-1.0,-1.0,-1.0,0.0,0.0,-0.09252083143555387,-0.02840004144891754,0.0,0.0,-0.2039073394531223,-0.05846035953165264,13560998.00,1.56055245935785000990840,73899.83608500578842491860,21.803310770051501146869100
jacket,back,26723042.0,1.2889372335388243534362,55706.66911177486796046132,9.386543940367872266575839,9321421.86098548,0.44960179706138786,514.2859089587847,0.42696472718674255,-1.0,-1.0,-1.0,-1.0,0.0,0.0,-0.4180922943185469,-0.18309794339439361,0.0,0.0,-1.4369711562039984,-0.44827391953253903,26723042.00,1.28893723353882435343620,22858.977616521152168810080,6.4811937947467684207892010
jet,accid,3435503.0,1.5230028420790843579170,36726.7724778463705129125,11.603667809846201175990193,344629.8198052513,0.15277884927726754,493.3225904398918,0.45637680523046836,-1.0,-1.0,-1.0,-1.0,0.0,0.0,-0.04760139240722431,-0.01080875481116605,0.0,0.0,-0.0999610709795947,-0.02185372113580056,3435503.00,1.52300284207908435791700,33389.15662273259308885930,11.3555077109751179744296270
knife,adjoint,6034.0,1.6901960784313725408,773.01517413598841404,1.386519307882167079909,1561.2988182920014,0.4373386045635858,100.74789065914587,0.4216362014815118,-1.0,-1.0,-1.0,-1.0,0.0,0.0,-0.00596141340257513,-1.2489420931157105E-4,0.0,0.0,-0.011994329964555872,-2.4981961964700843E-4,6034.00,1.69019607843137254080,763.853266018854598240,1.3861730146668780534090
lion,anim,13560998.0,1.5605524593578500099084,88968.5550471211617976072,23.07794015664906597079634,1438141.548496531,0.16549632485831559,736.4989618508077,0.5004885846093539,-1.0,-1.0,-1.0,-1.0,0.0,0.0,-0.09252083143555387,-0.02840004144891754,0.0,0.0,-0.2039073394531223,-0.05846035953165264,13560998.00,1.56055245935785000990840,73899.83608500578842491860,21.803310770051501146869100
lizard,anim,13560998.0,1.5605524593578500099084,88968.5550471211617976072,23.07794015664906597079634,1438141.548496531,0.16549632485831559,736.4989618508077,0.5004885846093539,-1.0,-1.0,-1.0,-1.0,0.0,0.0,-0.09252083143555387,-0.02840004144891754,0.0,0.0,-0.2039073394531223,-0.05846035953165264,13560998.00,1.56055245935785000990840,73899.83608500578842491860,21.803310770051501146869100
moth,antenna,453030.0,1.531836763676570534332,14226.7830229253603828401,8.12575724903347094878808,46679.89335891846,0.15783938540867734,358.9686078543784,0.5228078352532752,-1.0,-1.0,-1.0,-1.0,0.0,0.0,-0.013509499744095523,-0.0015291118938040174,0.0,0.0,-0.027389011329741215,-0.0030629073156139596,453030.00,1.5318367636765705343320,13847.51332361609668463110,8.100944805924021358483240
moth,approx,37061.0,1.12272038776128445778,4875.106434820625590784,3.6161162030203388232449,3505.4584578910644,0.1061938339258123,232.95261318556808,0.34984241031162444,-1.0,-1.0,-1.0,-1.0,0.0,0.0,-0.007599873337638615,-5.632980159781667E-4,0.0,0.0,-0.015316147455963144,-0.0011272309989415862,37061.00,1.122720387761284457780,4801.5649579059525502960,3.61204459438398980226510
motorcycl,acceler,3971616.0,1.5951283636183997344640,28919.9401262974767484936,8.48664971857871246002836,442816.34076443024,0.17784924449570486,421.1437090802841,0.35008351233563684,-1.0,-1.0,-1.0,-1.0,0.0,0.0,-0.10805032167955252,-0.02310282922683972,0.0,0.0,-0.2422789632774186,-0.04729838496421297,3971616.00,1.59512836361839973446400,23279.74712700599951275700,8.103373251042211869544240
motorcycl,aspir,4439145.0,1.676737844803132332260,35214.08518666704123168826,8.1734705548581075156007423,653944.2971010604,0.24700548221392438,460.0791728608607,0.3317974565251049,-1.0,-1.0,-1.0,-1.0,0.0,0.0,-0.08270114307054598,-0.022040759217500733,0.0,0.0,-0.18031450152980233,-0.045075005784218886,4439145.00,1.6767378448031323322600,29834.493383777089659490660,7.82094156842338548442411830
pheasant,auction,233197.0,1.52227299432077813581,10161.8678112308190348834,3.67537112819003922101923,25453.90573173398,0.16615905562852654,288.4744457394295,0.27914253536294226,-1.0,-1.0,-1.0,-1.0,0.0,0.0,-0.01644698142104492,-0.002728925233683711,0.0,0.0,-0.03344401595108243,-0.005472785289241766,233197.00,1.522272994320778135810,9833.01238807678786190940,3.655366094401803896731030
piano,artifact,404501.0,1.470084134396976264437,12675.243015535378625412,4.13976978745471405014983,49199.76275349303,0.17880744581596927,313.8560856582166,0.2404717841671273,-1.0,-1.0,-1.0,-1.0,0.0,0.0,-0.01586374178798698,-0.0032002232578740085,0.0,0.0,-0.03223891337325251,-0.006420995133713624,404501.00,1.4700841343969762644370,12279.3694863856320240080,4.113357936163386629907970
pigeon,bail,339435.0,1.627158375118644712328,8546.183174422006170457,3.30884142338310141132492,63768.79947905559,0.30569015023084467,267.9617116990983,0.23296213554717732,-1.0,-1.0,-1.0,-1.0,0.0,0.0,-0.027466333027725852,-0.004112570858782413,0.0,0.0,-0.056484076511685195,-0.008259107883967972,339435.00,1.6271583751186447123280,8089.2683235131386393010,3.281737201786713773054780
plum,allel,403495.0,1.541345628597950197307,9109.866925336103562439,5.7222331696536076529174,62975.438696367964,0.24056535308661808,301.8969162465197,0.45438609025558796,-1.0,-1.0,-1.0,-1.0,0.0,0.0,-0.014321231966025624,-0.001568166571219945,0.0,0.0,-0.029058619157619918,-0.0031412591600462132,403495.00,1.5413456285979501973070,8852.6219553880963107870,5.70431443966821598633040
plum,appl,1609141.0,1.889736657913650500245,29610.3765227543390142507,14.806174836244925279399573,288321.62815335236,0.33859801595431255,505.2161074144759,0.7814460887506719,-1.0,-1.0,-1.0,-1.0,0.0,0.0,-0.02163553301832426,-0.0031773823381505153,0.0,0.0,-0.04422796155929789,-0.006375020554014703,1609141.00,1.8897366579136505002450,28356.23792197492680292530,14.7123830916371997529724730
plum,banana,268873.0,2.09326025520253480208,10052.622657366212628572,8.5595916560071754180140,76531.76967116336,0.5958237224003935,327.6617595959514,0.698769826126893,-1.0,-1.0,-1.0,-1.0,0.0,0.0,-0.008742359349443061,-7.694454144125764E-4,0.0,0.0,-0.017638924515538664,-0.0015400758331127894,268873.00,2.093260255202534802080,9878.3786814678941043320,8.54642950646486681325400
poplar,bark,2151117.0,1.683378500098211286167,39249.8776384180878269144,13.36423033992487448897030,330202.80846625153,0.2584035682132285,558.0395010501583,0.43010456127708996,-1.0,-1.0,-1.0,-1.0,0.0,0.0,-0.03358750196188811,-0.006699749204610339,0.0,0.0,-0.06950965975724278,-0.013489877203283667,2151117.00,1.6833785000982112861670,36698.94636325867484073940,13.186348122986042690587900
pub,bar,7079268.0,1.6068834382871393533188,72615.86868274966617453793,18.552963286234866278907236,693608.6620551967,0.15743834979958335,683.914000873591,0.4393302027188296,-1.0,-1.0,-1.0,-1.0,0.0,0.0,-0.07417898067502751,-0.019824153250636252,0.0,0.0,-0.16024475384910214,-0.04045019741382262,7079268.00,1.60688343828713935331880,62586.681337577383798882130,17.8316687644932210987096560
radio,amplifi,2018655.0,1.606070056989826475372,22141.8138202166149241002,10.10678398313063851348200,200141.7058011648,0.15923553100560414,404.0201341665173,0.5084597761283316,-1.0,-1.0,-1.0,-1.0,0.0,0.0,-0.07522490428681573,-0.0101350510210528,0.0,0.0,-0.16268799762347075,-0.020477644008927032,2018655.00,1.6060700569898264753720,19043.64185875693806437600,9.903973930703988480847140
restaur,assur,37360994.0,1.5128344961791822091354,83941.794273070732260320996,15.6046861403454767557310104,5005476.885101358,0.2026835287521755,636.4281173138716,0.3240841189484897,-1.0,-1.0,-1.0,-1.0,0.0,0.0,-0.222062567870603,-0.10377798803967275,0.0,0.0,-0.5709008429193738,-0.23158991110400592,37360994.00,1.51283449617918220913540,53435.4505260005298332337560,12.67035885862147545013419380
rifl,artifact,404501.0,1.470084134396976264437,12675.243015535378625412,4.13976978745471405014983,49199.76275349303,0.17880744581596927,313.8560856582166,0.2404717841671273,-1.0,-1.0,-1.0,-1.0,0.0,0.0,-0.01586374178798698,-0.0032002232578740085,0.0,0.0,-0.03223891337325251,-0.006420995133713624,404501.00,1.4700841343969762644370,12279.3694863856320240080,4.113357936163386629907970
rifl,bazooka,4287.0,1.8478448275862069025,476.881071640869631177,0.6647609092077307150529,1481.0189060238224,0.6383702181137166,78.4357288852033,0.20936512138543756,-1.0,-1.0,-1.0,-1.0,0.0,0.0,-0.0017175138045157552,-3.7620047232091145E-5,0.0,0.0,-0.0034409374666309243,-7.524292510657869E-5,4287.00,1.84784482758620690250,475.2457806284469468230,0.66471089441568466876710
scooter,ambul,152508.0,1.58804602488676004443,7798.5824458808932710252,3.4910001849100267001955,23315.70166218465,0.24278337754136145,266.3591845896556,0.2739534719508455,-1.0,-1.0,-1.0,-1.0,0.0,0.0,-0.014516066429285667,-0.0019730232149957677,0.0,0.0,-0.029459772878669774,-0.003953847462824241,152508.00,1.588046024886760044430,7575.41251376319665288480,3.47725166224764746789090
sheep,approxim,5902985.0,1.3716783827770852999922,27883.7825881005729443699,6.85711750623935191976946,775303.6368668729,0.18015753703909884,394.5336581442405,0.28655250947857763,-1.0,-1.0,-1.0,-1.0,0.0,0.0,-0.20156711996152213,-0.05355432095803429,0.0,0.0,-0.5049068619313579,-0.11316934958643238,5902985.00,1.37167838277708529999220,18528.57694616081353794830,6.159994890972273378033740
shirt,award,10815961.0,1.5679666562338134397624,58703.166797640993632375642,19.72174667455580997125973083,1218172.038041015,0.1765957862833178,629.5005863841186,0.7326519311028535,-1.0,-1.0,-1.0,-1.0,0.0,0.0,-0.11219402011647428,-0.024731141503106662,0.0,0.0,-0.25274445691657405,-0.05071656146433889,10815961.00,1.56796665623381343976240,46859.6500056597774792953980,18.769806623272837857658169170
shirt,bat,668902.0,1.608857952386220967929,18860.9575500611197848402,8.9249851509133156159990917,74318.91849320737,0.17875351401332343,411.6751686219705,0.46092919842296504,-1.0,-1.0,-1.0,-1.0,0.0,0.0,-0.02476580692993903,-0.0033965283216171316,0.0,0.0,-0.05078945571417193,-0.006816208087047957,668902.00,1.6088579523862209679290,17949.32129124023078489220,8.86456244866259996680798830
shovel,ax,1676824.0,1.654560237444940852677,29088.4513832101791976026,11.88348728758296671566194,241785.93921897112,0.238575665069792,487.52846190223516,0.4889393110797997,-1.0,-1.0,-1.0,-1.0,0.0,0.0,-0.03895059149115472,-0.006909932202378395,0.0,0.0,-0.08105845786137068,-0.013916023181467457,1676824.00,1.6545602374449408526770,26907.38060618395465096660,11.720386122605045410223900
siev,anchor,2501028.0,1.655957905637278445762,29203.3962582529434615538,8.425384169912552462172572,381489.5899497128,0.25258841660131376,461.9490825630964,0.2965508466892341,-1.0,-1.0,-1.0,-1.0,0.0,0.0,-0.05903933865127331,-0.012221598303993204,0.0,0.0,-0.1254873685508791,-0.024745627729881176,2501028.00,1.6559579056372784457620,25947.33363898500828176220,8.2219274148817835519086840
spoon,artefact,61672.0,1.48732666103943084755,4662.345568320919939163,1.7564980722030318424857,7939.278304732742,0.19146939116683329,204.39301332967935,0.17504562413491154,-1.0,-1.0,-1.0,-1.0,0.0,0.0,-0.005729097334971033,-9.83802233241896E-4,0.0,0.0,-0.011524218036784235,-0.0019695421064065384,61672.00,1.487326661039430847550,4609.2278219199028855430,1.75304537552150098402390
stereo,artifact,404501.0,1.470084134396976264437,12675.243015535378625412,4.13976978745471405014983,49199.76275349303,0.17880744581596927,313.8560856582166,0.2404717841671273,-1.0,-1.0,-1.0,-1.0,0.0,0.0,-0.01586374178798698,-0.0032002232578740085,0.0,0.0,-0.03223891337325251,-0.006420995133713624,404501.00,1.4700841343969762644370,12279.3694863856320240080,4.113357936163386629907970
swan,anim,13560998.0,1.5605524593578500099084,88968.5550471211617976072,23.07794015664906597079634,1438141.548496531,0.16549632485831559,736.4989618508077,0.5004885846093539,-1.0,-1.0,-1.0,-1.0,0.0,0.0,-0.09252083143555387,-0.02840004144891754,0.0,0.0,-0.2039073394531223,-0.05846035953165264,13560998.00,1.56055245935785000990840,73899.83608500578842491860,21.803310770051501146869100
sweater,apron,254176.0,1.72208295505359150643,10832.829913862604880829,6.5854038598313128101619,43096.541554978634,0.29198594530399213,330.60614779674887,0.47429233898491474,-1.0,-1.0,-1.0,-1.0,0.0,0.0,-0.008697273511862894,-0.0010149986593625563,0.0,0.0,-0.017547159468983813,-0.0020320598567554636,254176.00,1.722082955053591506430,10646.0224600457979134810,6.57204906275426250246390
sweater,artifact,404501.0,1.470084134396976264437,12675.243015535378625412,4.13976978745471405014983,49199.76275349303,0.17880744581596927,313.8560856582166,0.2404717841671273,-1.0,-1.0,-1.0,-1.0,0.0,0.0,-0.01586374178798698,-0.0032002232578740085,0.0,0.0,-0.03223891337325251,-0.006420995133713624,404501.00,1.4700841343969762644370,12279.3694863856320240080,4.113357936163386629907970
tanker,artefact,61672.0,1.48732666103943084755,4662.345568320919939163,1.7564980722030318424857,7939.278304732742,0.19146939116683329,204.39301332967935,0.17504562413491154,-1.0,-1.0,-1.0,-1.0,0.0,0.0,-0.005729097334971033,-9.83802233241896E-4,0.0,0.0,-0.011524218036784235,-0.0019695421064065384,61672.00,1.487326661039430847550,4609.2278219199028855430,1.75304537552150098402390
van,ambul,152508.0,1.58804602488676004443,7798.5824458808932710252,3.4910001849100267001955,23315.70166218465,0.24278337754136145,266.3591845896556,0.2739534719508455,-1.0,-1.0,-1.0,-1.0,0.0,0.0,-0.014516066429285667,-0.0019730232149957677,0.0,0.0,-0.029459772878669774,-0.003953847462824241,152508.00,1.588046024886760044430,7575.41251376319665288480,3.47725166224764746789090
van,batch,352321.0,1.65324317602729122112,6260.19741496806555543,2.2347095410036332659392,118412.25423493973,0.5556417337369127,216.4805397775031,0.24915891703609888,-1.0,-1.0,-1.0,-1.0,0.0,0.0,-0.034466614060459,-0.0066044792460110465,0.0,0.0,-0.07139393533641561,-0.013296776778293171,352321.00,1.653243176027291221120,5843.039808697793053530,2.20538502856856732150400
vest,artifact,404501.0,1.470084134396976264437,12675.243015535378625412,4.13976978745471405014983,49199.76275349303,0.17880744581596927,313.8560856582166,0.2404717841671273,-1.0,-1.0,-1.0,-1.0,0.0,0.0,-0.01586374178798698,-0.0032002232578740085,0.0,0.0,-0.03223891337325251,-0.006420995133713624,404501.00,1.4700841343969762644370,12279.3694863856320240080,4.113357936163386629907970
vest,back,26723042.0,1.2889372335388243534362,55706.66911177486796046132,9.386543940367872266575839,9321421.86098548,0.44960179706138786,514.2859089587847,0.42696472718674255,-1.0,-1.0,-1.0,-1.0,0.0,0.0,-0.4180922943185469,-0.18309794339439361,0.0,0.0,-1.4369711562039984,-0.44827391953253903,26723042.00,1.28893723353882435343620,22858.977616521152168810080,6.4811937947467684207892010
violin,aggreg,1675910.0,1.483909869770176403290,27354.01147823808184900053,7.258728891395292052522076,347203.63285253796,0.30742635201767504,434.507397036312,0.3118700458404848,-1.0,-1.0,-1.0,-1.0,0.0,0.0,-0.050200049371198756,-0.012395999669721698,0.0,0.0,-0.10570657397479236,-0.025103178329727662,1675910.00,1.4839098697701764032900,24738.942611063549926966530,7.0809739398354484861201560
violin,bass,682424.0,1.891141268050979201552,19968.160116502577375366,13.4922549759836511412592,115183.69059029147,0.31919837327191813,442.88780399931306,0.7869260051821043,-1.0,-1.0,-1.0,-1.0,0.0,0.0,-0.012290289497995599,-0.0012801342880448543,0.0,0.0,-0.024886440554986643,-0.002563550264682655,682424.00,1.8911412680509792015520,19483.2903689208840531760,13.45775534371024831498440
wardrob,arrow,1260120.0,1.526395034601049241354,25701.4929004159505151924,10.610674841058657306294906,145498.7010526211,0.17624392504493483,451.27960142895165,0.5030495615828844,-1.0,-1.0,-1.0,-1.0,0.0,0.0,-0.02856433181451519,-0.0047758005138495,0.0,0.0,-0.0588084888171126,-0.009597436469722737,1260120.00,1.5263950346010492413540,24273.97699571650777344920,10.5098076300205279857810060
whale,anim,13560998.0,1.5605524593578500099084,88968.5550471211617976072,23.07794015664906597079634,1438141.548496531,0.16549632485831559,736.4989618508077,0.5004885846093539,-1.0,-1.0,-1.0,-1.0,0.0,0.0,-0.09252083143555387,-0.02840004144891754,0.0,0.0,-0.2039073394531223,-0.05846035953165264,13560998.00,1.56055245935785000990840,73899.83608500578842491860,21.803310770051501146869100
willow,battleship,471864.0,2.100113492222444763726,6775.8083612977196717549,5.46621188567135753236322,152918.28339345168,0.6805896405788179,251.47810868667946,0.9929018105809437,-1.0,-1.0,-1.0,-1.0,0.0,0.0,-0.023382524035019968,-0.0019634036290132792,0.0,0.0,-0.04788471353518648,-0.003934532333087813,471864.00,2.1001134922224447637260,6466.17731299713025065090,5.444789186569951166634320
