w1,w2,c1,c2,c3,c4,c5,c6,c7,c8,c9,c10,c11,c12,c13,c14,c15,c16,c17,c18,c19,c20,c21,c22,c23,c24
acacia,cover,37702.0,1.7794034359071172423,4857.83067807791419368,5.1639482930921967207067,7389.790660093153,0.34877244950411335,249.19320425489062,0.4692971981150297,-1.0,-1.0,-1.0,-1.0,0.0,0.0,-0.002496623428041559,-1.2736710049681424E-4,0.0,0.0,-0.005005744314613769,-2.5476664988312737E-4,37702.00,1.77940343590711724230,4833.634738466913828520,5.16263302637149206464130
acacia,pine,37702.0,1.7794034359071172423,4857.83067807791419368,5.1639482930921967207067,7389.790660093153,0.34877244950411335,249.19320425489062,0.4692971981150297,-1.0,-1.0,-1.0,-1.0,0.0,0.0,-0.002496623428041559,-1.2736710049681424E-4,0.0,0.0,-0.005005744314613769,-2.5476664988312737E-4,37702.00,1.77940343590711724230,4833.634738466913828520,5.16263302637149206464130
acacia,plant,37702.0,1.7794034359071172423,4857.83067807791419368,5.1639482930921967207067,7389.790660093153,0.34877244950411335,249.19320425489062,0.4692971981150297,-1.0,-1.0,-1.0,-1.0,0.0,0.0,-0.002496623428041559,-1.2736710049681424E-4,0.0,0.0,-0.005005744314613769,-2.5476664988312737E-4,37702.00,1.77940343590711724230,4833.634738466913828520,5.16263302637149206464130
acacia,treetop,37702.0,1.7794034359071172423,4857.83067807791419368,5.1639482930921967207067,7389.790660093153,0.34877244950411335,249.19320425489062,0.4692971981150297,-1.0,-1.0,-1.0,-1.0,0.0,0.0,-0.002496623428041559,-1.2736710049681424E-4,0.0,0.0,-0.005005744314613769,-2.5476664988312737E-4,37702.00,1.77940343590711724230,4833.634738466913828520,5.16263302637149206464130
allig,contin,57264.0,1.69676138552253400797,6079.266891488532029888,5.4214742859426736839351,9021.613824588148,0.26731499672844083,267.07502808229503,0.5153505161037774,-1.0,-1.0,-1.0,-1.0,0.0,0.0,-0.003382634104725252,-2.7148839711104095E-4,0.0,0.0,-0.006788230308803794,-5.431242461531022E-4,57264.00,1.696761385522534007970,6038.2776719826064923680,5.41853135018784595895170
allig,vitro,57264.0,1.69676138552253400797,6079.266891488532029888,5.4214742859426736839351,9021.613824588148,0.26731499672844083,267.07502808229503,0.5153505161037774,-1.0,-1.0,-1.0,-1.0,0.0,0.0,-0.003382634104725252,-2.7148839711104095E-4,0.0,0.0,-0.006788230308803794,-5.431242461531022E-4,57264.00,1.696761385522534007970,6038.2776719826064923680,5.41853135018784595895170
ambul,artifact,314515.0,1.663883706371449277500,18906.4981125283090249742,7.18051839815844984118463,23156.266689602624,0.1105254236009891,402.46813614263516,0.35394362135805457,0.8591090462588391,0.9119888265960227,0.04536374212878233,0.1003091533978407,0.2906375387085934,0.328643213071706,0.02427034950133284,0.034073501585079734,0.45037825104545476,0.4947049890269817,0.047390514649084364,0.06590150803177948,314515.00,1.6638837063714492775000,18592.11306273945725246980,7.163390249201993164061570
ambul,engin,152508.0,1.58804602488676004443,7798.5824458808932710252,3.4910001849100267001955,23315.70166218465,0.24278337754136145,266.3591845896556,0.2739534719508455,-1.0,-1.0,-1.0,-1.0,0.0,0.0,-0.014516066429285667,-0.0019730232149957677,0.0,0.0,-0.029459772878669774,-0.003953847462824241,152508.00,1.588046024886760044430,7575.41251376319665288480,3.47725166224764746789090
ambul,equat,152508.0,1.58804602488676004443,7798.5824458808932710252,3.4910001849100267001955,23315.70166218465,0.24278337754136145,266.3591845896556,0.2739534719508455,-1.0,-1.0,-1.0,-1.0,0.0,0.0,-0.014516066429285667,-0.0019730232149957677,0.0,0.0,-0.029459772878669774,-0.003953847462824241,152508.00,1.588046024886760044430,7575.41251376319665288480,3.47725166224764746789090
ambul,fighter,152508.0,1.58804602488676004443,7798.5824458808932710252,3.4910001849100267001955,23315.70166218465,0.24278337754136145,266.3591845896556,0.2739534719508455,-1.0,-1.0,-1.0,-1.0,0.0,0.0,-0.014516066429285667,-0.0019730232149957677,0.0,0.0,-0.029459772878669774,-0.003953847462824241,152508.00,1.588046024886760044430,7575.41251376319665288480,3.47725166224764746789090
ambul,fuel,152508.0,1.58804602488676004443,7798.5824458808932710252,3.4910001849100267001955,23315.70166218465,0.24278337754136145,266.3591845896556,0.2739534719508455,-1.0,-1.0,-1.0,-1.0,0.0,0.0,-0.014516066429285667,-0.0019730232149957677,0.0,0.0,-0.029459772878669774,-0.003953847462824241,152508.00,1.588046024886760044430,7575.41251376319665288480,3.47725166224764746789090
ambul,green,152508.0,1.58804602488676004443,7798.5824458808932710252,3.4910001849100267001955,23315.70166218465,0.24278337754136145,266.3591845896556,0.2739534719508455,-1.0,-1.0,-1.0,-1.0,0.0,0.0,-0.014516066429285667,-0.0019730232149957677,0.0,0.0,-0.029459772878669774,-0.003953847462824241,152508.00,1.588046024886760044430,7575.41251376319665288480,3.47725166224764746789090
ambul,medic,152508.0,1.58804602488676004443,7798.5824458808932710252,3.4910001849100267001955,23315.70166218465,0.24278337754136145,266.3591845896556,0.2739534719508455,-1.0,-1.0,-1.0,-1.0,0.0,0.0,-0.014516066429285667,-0.0019730232149957677,0.0,0.0,-0.029459772878669774,-0.003953847462824241,152508.00,1.588046024886760044430,7575.41251376319665288480,3.47725166224764746789090
ambul,model,152508.0,1.58804602488676004443,7798.5824458808932710252,3.4910001849100267001955,23315.70166218465,0.24278337754136145,266.3591845896556,0.2739534719508455,-1.0,-1.0,-1.0,-1.0,0.0,0.0,-0.014516066429285667,-0.0019730232149957677,0.0,0.0,-0.029459772878669774,-0.003953847462824241,152508.00,1.588046024886760044430,7575.41251376319665288480,3.47725166224764746789090
ambul,motorcycl,152508.0,1.58804602488676004443,7798.5824458808932710252,3.4910001849100267001955,23315.70166218465,0.24278337754136145,266.3591845896556,0.2739534719508455,-1.0,-1.0,-1.0,-1.0,0.0,0.0,-0.014516066429285667,-0.0019730232149957677,0.0,0.0,-0.029459772878669774,-0.003953847462824241,152508.00,1.588046024886760044430,7575.41251376319665288480,3.47725166224764746789090
ambul,oil,152508.0,1.58804602488676004443,7798.5824458808932710252,3.4910001849100267001955,23315.70166218465,0.24278337754136145,266.3591845896556,0.2739534719508455,-1.0,-1.0,-1.0,-1.0,0.0,0.0,-0.014516066429285667,-0.0019730232149957677,0.0,0.0,-0.029459772878669774,-0.003953847462824241,152508.00,1.588046024886760044430,7575.41251376319665288480,3.47725166224764746789090
ambul,rockabilli,152508.0,1.58804602488676004443,7798.5824458808932710252,3.4910001849100267001955,23315.70166218465,0.24278337754136145,266.3591845896556,0.2739534719508455,-1.0,-1.0,-1.0,-1.0,0.0,0.0,-0.014516066429285667,-0.0019730232149957677,0.0,0.0,-0.029459772878669774,-0.003953847462824241,152508.00,1.588046024886760044430,7575.41251376319665288480,3.47725166224764746789090
ambul,top,152508.0,1.58804602488676004443,7798.5824458808932710252,3.4910001849100267001955,23315.70166218465,0.24278337754136145,266.3591845896556,0.2739534719508455,-1.0,-1.0,-1.0,-1.0,0.0,0.0,-0.014516066429285667,-0.0019730232149957677,0.0,0.0,-0.029459772878669774,-0.003953847462824241,152508.00,1.588046024886760044430,7575.41251376319665288480,3.47725166224764746789090
ambul,wasp,152508.0,1.58804602488676004443,7798.5824458808932710252,3.4910001849100267001955,23315.70166218465,0.24278337754136145,266.3591845896556,0.2739534719508455,-1.0,-1.0,-1.0,-1.0,0.0,0.0,-0.014516066429285667,-0.0019730232149957677,0.0,0.0,-0.029459772878669774,-0.003953847462824241,152508.00,1.588046024886760044430,7575.41251376319665288480,3.47725166224764746789090
appl,banana,587833.0,0.927365504604769708645,31153.2280769080409150357,13.950902845397341263200973,42473.17945480418,0.06107349821440662,535.6122620319368,0.5772492825752001,0.8926317759361759,0.9946498324294689,0.22813962744340377,0.5663772277443528,0.4111128920768175,0.6232284544337219,0.10024137993613147,0.2169016215400684,0.5826789541576062,0.7678875425469803,0.18221706938881072,0.3564817692749316,587833.00,0.9273655046047697086450,30112.18345256858614535030,13.8847198161914451298618730
appl,dressag,1609141.0,1.889736657913650500245,29610.3765227543390142507,14.806174836244925279399573,288321.62815335236,0.33859801595431255,505.2161074144759,0.7814460887506719,-1.0,-1.0,-1.0,-1.0,0.0,0.0,-0.02163553301832426,-0.0031773823381505153,0.0,0.0,-0.04422796155929789,-0.006375020554014703,1609141.00,1.8897366579136505002450,28356.23792197492680292530,14.7123830916371997529724730
appl,plum,1609141.0,1.889736657913650500245,29610.3765227543390142507,14.806174836244925279399573,288321.62815335236,0.33859801595431255,505.2161074144759,0.7814460887506719,-1.0,-1.0,-1.0,-1.0,0.0,0.0,-0.02163553301832426,-0.0031773823381505153,0.0,0.0,-0.04422796155929789,-0.006375020554014703,1609141.00,1.8897366579136505002450,28356.23792197492680292530,14.7123830916371997529724730
apricot,advisor,338555.0,2.94934274497027977208,12395.437834556786265261,7.7835925797955773459209,37737.205394676486,0.37522404178793267,343.78792858463675,0.5517917457597656,0.6421793203924664,0.8490719655309488,0.013733485628390357,6.912509525280803E-4,0.17592033649118366,0.2333983227886769,0.0026002845096010797,0.0034171083864502462,0.2992045141699148,0.3784638238537089,0.005187081132483319,0.006810943042310977,338555.00,2.949342744970279772080,12186.8051565636698365550,7.77139072361319468119650
apricot,banana,106400.0,1.08898403713746732026,11431.984574076852709222,8.4235448186298062498554,10237.739301232476,0.0895028266047188,357.5231735913714,0.6038558060500222,0.9231657336926284,0.9901211960484423,0.20449033770137812,0.43815311885060665,0.4472181669879105,0.5777706633129803,0.10316046943006103,0.18081724210227682,0.6180383541186523,0.732388650324865,0.18702713211498245,0.3062577944413438,106400.00,1.088984037137467320260,11306.0596823308272178820,8.41691917053409529584060
apricot,fruit,82561.0,2.34295362960440432978,4272.11412561570771519,4.2219892429931473802005,24483.457823599998,0.6948027079743458,225.7464113778296,0.4850594684308219,-1.0,-1.0,-1.0,-1.0,0.0,0.0,-0.007305072642206739,-4.8677550845147407E-4,0.0,0.0,-0.01471765885144651,-9.740251484898488E-4,82561.00,2.342953629604404329780,4210.150565873950425310,4.21788092090285247943750
apricot,lemon,82561.0,2.34295362960440432978,4272.11412561570771519,4.2219892429931473802005,24483.457823599998,0.6948027079743458,225.7464113778296,0.4850594684308219,-1.0,-1.0,-1.0,-1.0,0.0,0.0,-0.007305072642206739,-4.8677550845147407E-4,0.0,0.0,-0.01471765885144651,-9.740251484898488E-4,82561.00,2.342953629604404329780,4210.150565873950425310,4.21788092090285247943750
ax,adher,2886279.0,1.1887590299295734121164,56983.8547902831954024977,17.202794215682252739380348,242904.16823307087,0.07997700707384503,634.8093092855233,0.5397453642280147,0.9956097106146623,0.9897821493271313,0.044118451866704426,0.10977268075808626,0.6331267720640967,0.525243917383297,-0.05461776416556151,0.017640372547992673,0.775355328066654,0.6887343216348026,-0.11554641518592386,0.03466916805555637,2886279.00,1.18875902992957341211640,50079.33264011813946812290,16.7816997017017325897930480
ax,corkscrew,1676824.0,1.654560237444940852677,29088.4513832101791976026,11.88348728758296671566194,241785.93921897112,0.238575665069792,487.52846190223516,0.4889393110797997,-1.0,-1.0,-1.0,-1.0,0.0,0.0,-0.03895059149115472,-0.006909932202378395,0.0,0.0,-0.08105845786137068,-0.013916023181467457,1676824.00,1.6545602374449408526770,26907.38060618395465096660,11.720386122605045410223900
ax,dagger,1676824.0,1.654560237444940852677,29088.4513832101791976026,11.88348728758296671566194,241785.93921897112,0.238575665069792,487.52846190223516,0.4889393110797997,-1.0,-1.0,-1.0,-1.0,0.0,0.0,-0.03895059149115472,-0.006909932202378395,0.0,0.0,-0.08105845786137068,-0.013916023181467457,1676824.00,1.6545602374449408526770,26907.38060618395465096660,11.720386122605045410223900
ax,metal,1676824.0,1.654560237444940852677,29088.4513832101791976026,11.88348728758296671566194,241785.93921897112,0.238575665069792,487.52846190223516,0.4889393110797997,-1.0,-1.0,-1.0,-1.0,0.0,0.0,-0.03895059149115472,-0.006909932202378395,0.0,0.0,-0.08105845786137068,-0.013916023181467457,1676824.00,1.6545602374449408526770,26907.38060618395465096660,11.720386122605045410223900
ax,queer,1676824.0,1.654560237444940852677,29088.4513832101791976026,11.88348728758296671566194,241785.93921897112,0.238575665069792,487.52846190223516,0.4889393110797997,-1.0,-1.0,-1.0,-1.0,0.0,0.0,-0.03895059149115472,-0.006909932202378395,0.0,0.0,-0.08105845786137068,-0.013916023181467457,1676824.00,1.6545602374449408526770,26907.38060618395465096660,11.720386122605045410223900
ax,spitfir,1676824.0,1.654560237444940852677,29088.4513832101791976026,11.88348728758296671566194,241785.93921897112,0.238575665069792,487.52846190223516,0.4889393110797997,-1.0,-1.0,-1.0,-1.0,0.0,0.0,-0.03895059149115472,-0.006909932202378395,0.0,0.0,-0.08105845786137068,-0.013916023181467457,1676824.00,1.6545602374449408526770,26907.38060618395465096660,11.720386122605045410223900
ax,start-up,1676824.0,1.654560237444940852677,29088.4513832101791976026,11.88348728758296671566194,241785.93921897112,0.238575665069792,487.52846190223516,0.4889393110797997,-1.0,-1.0,-1.0,-1.0,0.0,0.0,-0.03895059149115472,-0.006909932202378395,0.0,0.0,-0.08105845786137068,-0.013916023181467457,1676824.00,1.6545602374449408526770,26907.38060618395465096660,11.720386122605045410223900
ax,stori,1676824.0,1.654560237444940852677,29088.4513832101791976026,11.88348728758296671566194,241785.93921897112,0.238575665069792,487.52846190223516,0.4889393110797997,-1.0,-1.0,-1.0,-1.0,0.0,0.0,-0.03895059149115472,-0.006909932202378395,0.0,0.0,-0.08105845786137068,-0.013916023181467457,1676824.00,1.6545602374449408526770,26907.38060618395465096660,11.720386122605045410223900
bag,domin,3727257.0,1.6705901388641128997158,38641.029271738462018813126,16.1374334414062653468258093,430606.4197605512,0.19300167350508904,540.7189433933819,0.7007352210685891,-1.0,-1.0,-1.0,-1.0,0.0,0.0,-0.05451689883565965,-0.010075363844945798,0.0,0.0,-0.1153207260257182,-0.020355819982578294,3727257.00,1.67059013886411289971580,34645.6659237653559602628740,15.81549605085978563999365070
bag,insid,3727257.0,1.6705901388641128997158,38641.029271738462018813126,16.1374334414062653468258093,430606.4197605512,0.19300167350508904,540.7189433933819,0.7007352210685891,-1.0,-1.0,-1.0,-1.0,0.0,0.0,-0.05451689883565965,-0.010075363844945798,0.0,0.0,-0.1153207260257182,-0.020355819982578294,3727257.00,1.67059013886411289971580,34645.6659237653559602628740,15.81549605085978563999365070
bag,interior,3727257.0,1.6705901388641128997158,38641.029271738462018813126,16.1374334414062653468258093,430606.4197605512,0.19300167350508904,540.7189433933819,0.7007352210685891,-1.0,-1.0,-1.0,-1.0,0.0,0.0,-0.05451689883565965,-0.010075363844945798,0.0,0.0,-0.1153207260257182,-0.020355819982578294,3727257.00,1.67059013886411289971580,34645.6659237653559602628740,15.81549605085978563999365070
bag,kiln,3727257.0,1.6705901388641128997158,38641.029271738462018813126,16.1374334414062653468258093,430606.4197605512,0.19300167350508904,540.7189433933819,0.7007352210685891,-1.0,-1.0,-1.0,-1.0,0.0,0.0,-0.05451689883565965,-0.010075363844945798,0.0,0.0,-0.1153207260257182,-0.020355819982578294,3727257.00,1.67059013886411289971580,34645.6659237653559602628740,15.81549605085978563999365070
bag,seizur,3727257.0,1.6705901388641128997158,38641.029271738462018813126,16.1374334414062653468258093,430606.4197605512,0.19300167350508904,540.7189433933819,0.7007352210685891,-1.0,-1.0,-1.0,-1.0,0.0,0.0,-0.05451689883565965,-0.010075363844945798,0.0,0.0,-0.1153207260257182,-0.020355819982578294,3727257.00,1.67059013886411289971580,34645.6659237653559602628740,15.81549605085978563999365070
banana,drizzl,268873.0,2.09326025520253480208,10052.622657366212628572,8.5595916560071754180140,76531.76967116336,0.5958237224003935,327.6617595959514,0.698769826126893,-1.0,-1.0,-1.0,-1.0,0.0,0.0,-0.008742359349443061,-7.694454144125764E-4,0.0,0.0,-0.017638924515538664,-0.0015400758331127894,268873.00,2.093260255202534802080,9878.3786814678941043320,8.54642950646486681325400
battleship,Serbia,471864.0,2.100113492222444763726,6775.8083612977196717549,5.46621188567135753236322,152918.28339345168,0.6805896405788179,251.47810868667946,0.9929018105809437,-1.0,-1.0,-1.0,-1.0,0.0,0.0,-0.023382524035019968,-0.0019634036290132792,0.0,0.0,-0.04788471353518648,-0.003934532333087813,471864.00,2.1001134922224447637260,6466.17731299713025065090,5.444789186569951166634320
battleship,decre,471864.0,2.100113492222444763726,6775.8083612977196717549,5.46621188567135753236322,152918.28339345168,0.6805896405788179,251.47810868667946,0.9929018105809437,-1.0,-1.0,-1.0,-1.0,0.0,0.0,-0.023382524035019968,-0.0019634036290132792,0.0,0.0,-0.04788471353518648,-0.003934532333087813,471864.00,2.1001134922224447637260,6466.17731299713025065090,5.444789186569951166634320
battleship,helicopt,471864.0,2.100113492222444763726,6775.8083612977196717549,5.46621188567135753236322,152918.28339345168,0.6805896405788179,251.47810868667946,0.9929018105809437,-1.0,-1.0,-1.0,-1.0,0.0,0.0,-0.023382524035019968,-0.0019634036290132792,0.0,0.0,-0.04788471353518648,-0.003934532333087813,471864.00,2.1001134922224447637260,6466.17731299713025065090,5.444789186569951166634320
battleship,iron,471864.0,2.100113492222444763726,6775.8083612977196717549,5.46621188567135753236322,152918.28339345168,0.6805896405788179,251.47810868667946,0.9929018105809437,-1.0,-1.0,-1.0,-1.0,0.0,0.0,-0.023382524035019968,-0.0019634036290132792,0.0,0.0,-0.04788471353518648,-0.003934532333087813,471864.00,2.1001134922224447637260,6466.17731299713025065090,5.444789186569951166634320
battleship,lipid,471864.0,2.100113492222444763726,6775.8083612977196717549,5.46621188567135753236322,152918.28339345168,0.6805896405788179,251.47810868667946,0.9929018105809437,-1.0,-1.0,-1.0,-1.0,0.0,0.0,-0.023382524035019968,-0.0019634036290132792,0.0,0.0,-0.04788471353518648,-0.003934532333087813,471864.00,2.1001134922224447637260,6466.17731299713025065090,5.444789186569951166634320
battleship,propel,471864.0,2.100113492222444763726,6775.8083612977196717549,5.46621188567135753236322,152918.28339345168,0.6805896405788179,251.47810868667946,0.9929018105809437,-1.0,-1.0,-1.0,-1.0,0.0,0.0,-0.023382524035019968,-0.0019634036290132792,0.0,0.0,-0.04788471353518648,-0.003934532333087813,471864.00,2.1001134922224447637260,6466.17731299713025065090,5.444789186569951166634320
battleship,shelter,471864.0,2.100113492222444763726,6775.8083612977196717549,5.46621188567135753236322,152918.28339345168,0.6805896405788179,251.47810868667946,0.9929018105809437,-1.0,-1.0,-1.0,-1.0,0.0,0.0,-0.023382524035019968,-0.0019634036290132792,0.0,0.0,-0.04788471353518648,-0.003934532333087813,471864.00,2.1001134922224447637260,6466.17731299713025065090,5.444789186569951166634320
battleship,start-up,471864.0,2.100113492222444763726,6775.8083612977196717549,5.46621188567135753236322,152918.28339345168,0.6805896405788179,251.47810868667946,0.9929018105809437,-1.0,-1.0,-1.0,-1.0,0.0,0.0,-0.023382524035019968,-0.0019634036290132792,0.0,0.0,-0.04788471353518648,-0.003934532333087813,471864.00,2.1001134922224447637260,6466.17731299713025065090,5.444789186569951166634320
battleship,try,471864.0,2.100113492222444763726,6775.8083612977196717549,5.46621188567135753236322,152918.28339345168,0.6805896405788179,251.47810868667946,0.9929018105809437,-1.0,-1.0,-1.0,-1.0,0.0,0.0,-0.023382524035019968,-0.0019634036290132792,0.0,0.0,-0.04788471353518648,-0.003934532333087813,471864.00,2.1001134922224447637260,6466.17731299713025065090,5.444789186569951166634320
battleship,vessel,471864.0,2.100113492222444763726,6775.8083612977196717549,5.46621188567135753236322,152918.28339345168,0.6805896405788179,251.47810868667946,0.9929018105809437,-1.0,-1.0,-1.0,-1.0,0.0,0.0,-0.023382524035019968,-0.0019634036290132792,0.0,0.0,-0.04788471353518648,-0.003934532333087813,471864.00,2.1001134922224447637260,6466.17731299713025065090,5.444789186569951166634320
battleship,wale,471864.0,2.100113492222444763726,6775.8083612977196717549,5.46621188567135753236322,152918.28339345168,0.6805896405788179,251.47810868667946,0.9929018105809437,-1.0,-1.0,-1.0,-1.0,0.0,0.0,-0.023382524035019968,-0.0019634036290132792,0.0,0.0,-0.04788471353518648,-0.003934532333087813,471864.00,2.1001134922224447637260,6466.17731299713025065090,5.444789186569951166634320
bear,associ,102968102.0,1.59935980316126426927003,158989.19355893450258155304,36.767255585610644438360082,2.2266143873138834E7,0.3458505575066705,888.3292757956987,0.7551515309511521,-1.0,-1.0,-1.0,-1.0,0.0,0.0,-0.26004733955514003,-0.10690126154902904,0.0,0.0,-0.7028756120663162,-0.23939404893672386,102968102.00,1.599359803161264269270030,93365.124517822315106521860,29.6655092197298125178560960
beaver,archdeaconri,28741.0,1.9895472795237436610,615.15373485511178177,1.885827896136036417829,12587.313255814364,0.8713355431132745,87.40429645874556,0.8645166215434683,-1.0,-1.0,-1.0,-1.0,0.0,0.0,-0.012685893470387316,-2.5779360458964726E-4,0.0,0.0,-0.025697786320460773,-5.157201585379236E-4,28741.00,1.98954727952374366100,599.741700780972623830,1.8848558379844499465550
beaver,be,998741406.0,1.369120956533774552976451,294671.43745308377351865000,66.107473505675984413405497,8.890788366888203E7,0.12187904296433397,975.9057832383597,0.6285122319173343,-1.0,-1.0,-1.0,-1.0,0.0,0.0,-0.38127479604639913,-0.2259908604947089,0.0,0.0,-1.2324527709881088,-0.5839488165195343,998741406.00,1.3691209565337745529764510,131994.477680555309899873940,41.7358647048559506397053350
beetl,arthropod,50626.0,1.5833489710389691489,3903.68089345485228207,3.047678096883454595149,7489.323200396682,0.23423166323877784,208.5388897278937,0.34872353177268545,-1.0,-1.0,-1.0,-1.0,0.0,0.0,-0.005629636999161291,-3.8911648866840094E-4,0.0,0.0,-0.011323018482111665,-7.785359184997108E-4,50626.00,1.58334897103896914890,3859.974332744707322670,3.0453072158330622051490
bu,acquisit,2840140.0,1.499527724848114354444,23423.71140720621528462831,6.1048838462498196460616777,996552.2976211534,0.5261563864964436,399.43420794603935,0.33832294234071075,-1.0,-1.0,-1.0,-1.0,0.0,0.0,-0.057200066317693636,-0.014868908625091423,0.0,0.0,-0.12134083653206586,-0.030186659938505184,2840140.00,1.4995277248481143544440,20889.020219443680962413690,5.92599776686512109615022230
butterfli,ant,751973.0,1.665440427360270721279,26794.879127429637366275,11.8475994180886312800598,104830.63305637336,0.232174791272897,499.84023280381183,0.5242204748477238,-1.0,-1.0,-1.0,-1.0,0.0,0.0,-0.020032736760080688,-0.003171086479005974,0.0,0.0,-0.04088450198601419,-0.0063623485153637424,751973.00,1.6654404273602707212790,25742.4133766088736601130,11.77269741417373643992320
carp,awkward,418468.0,1.729278069341708338126,12259.526270665779661930,4.30946039392849636975582,66522.4508568348,0.27489751996708456,324.13302522811375,0.24508768552536425,-1.0,-1.0,-1.0,-1.0,0.0,0.0,-0.01991442586072506,-0.003447669087038139,0.0,0.0,-0.04063813688557592,-0.006919193262795662,418468.00,1.7292780693417083381260,11780.7774250481695263080,4.279847303301697089250620
castl,anniversari,1129514.0,1.400553270583042108970,4963.431825161406146152,4.23899249713517619928628,592921.295687716,0.7351992625799819,200.2907988508182,0.6572090023132066,-1.0,-1.0,-1.0,-1.0,0.0,0.0,-0.06967219672810072,-0.00656582033041387,0.0,0.0,-0.1497798872248435,-0.013218430500544378,1129514.00,1.4005532705830421089700,4316.8539303130023025480,4.183690672741763446739880
cathedr,altar,897100.0,1.437706336741562235647,24428.078220395589464487,8.12472713447437438803497,176293.66796910207,0.2825309592761019,451.3291790696022,0.3016052652562023,-1.0,-1.0,-1.0,-1.0,0.0,0.0,-0.02149078219149896,-0.004313352451367726,0.0,0.0,-0.04392555900419695,-0.008664076116692222,897100.00,1.4377063367415622356470,23400.2108768153841154890,8.054938533901375611328370
cathedr,amend,9209567.0,1.5250096787195012766710,35524.70358664393405770448,10.987651872947312777868814,1186479.5925396273,0.19646883096958867,450.10222100563794,0.4955745688516565,-1.0,-1.0,-1.0,-1.0,0.0,0.0,-0.18625125017768918,-0.041969456494066935,0.0,0.0,-0.45776107236627706,-0.08761611365850366,9209567.00,1.52500967871950127667100,24369.359465045447222132480,10.1025092723086325601397740
chair,back,26723042.0,1.2889372335388243534362,55706.66911177486796046132,9.386543940367872266575839,9321421.86098548,0.44960179706138786,514.2859089587847,0.42696472718674255,-1.0,-1.0,-1.0,-1.0,0.0,0.0,-0.4180922943185469,-0.18309794339439361,0.0,0.0,-1.4369711562039984,-0.44827391953253903,26723042.00,1.28893723353882435343620,22858.977616521152168810080,6.4811937947467684207892010
clarinet,artifact,404501.0,1.470084134396976264437,12675.243015535378625412,4.13976978745471405014983,49199.76275349303,0.17880744581596927,313.8560856582166,0.2404717841671273,-1.0,-1.0,-1.0,-1.0,0.0,0.0,-0.01586374178798698,-0.0032002232578740085,0.0,0.0,-0.03223891337325251,-0.006420995133713624,404501.00,1.4700841343969762644370,12279.3694863856320240080,4.113357936163386629907970
coat,avoid,33698656.0,1.5469554358532559259294,89834.360179026147227083533,21.7006021650203507134251409,2889996.4975930336,0.1326668871170534,684.328715468665,0.4404435376971461,-1.0,-1.0,-1.0,-1.0,0.0,0.0,-0.16193018525016079,-0.05329643379870334,0.0,0.0,-0.3864360281213477,-0.11259371085409214,33698656.00,1.54695543585325592592940,64795.1714734027397235846330,19.50451629675463157823702290
coconut,anticip,8790962.0,1.6229053842624942017338,43439.40704808171884894375,8.097200821095325290146948,972545.7424080371,0.17954232105605372,475.5777552099825,0.17563019466985427,-1.0,-1.0,-1.0,-1.0,0.0,0.0,-0.1245756817503548,-0.043239035519085124,0.0,0.0,-0.2846063997843603,-0.09038628690823358,8790962.00,1.62290538426249420173380,33815.343793533684335522450,7.4259928965676565757665520
corkscrew,artefact,61672.0,1.48732666103943084755,4662.345568320919939163,1.7564980722030318424857,7939.278304732742,0.19146939116683329,204.39301332967935,0.17504562413491154,-1.0,-1.0,-1.0,-1.0,0.0,0.0,-0.005729097334971033,-9.83802233241896E-4,0.0,0.0,-0.011524218036784235,-0.0019695421064065384,61672.00,1.487326661039430847550,4609.2278219199028855430,1.75304537552150098402390
dolphin,abolit,1096373.0,1.326908809686043588012,7858.803081752464878633,2.11074450948260627352454,680459.3687024964,0.8235404656670187,228.89880998114967,0.15455220576615852,-1.0,-1.0,-1.0,-1.0,0.0,0.0,-0.07386834135333617,-0.018543358887911567,0.0,0.0,-0.15952017332239432,-0.037787423531823246,1096373.00,1.3269088096860435880120,6777.6337683151238708790,2.033889081348923598391260
dolphin,anim,13560998.0,1.5605524593578500099084,88968.5550471211617976072,23.07794015664906597079634,1438141.548496531,0.16549632485831559,736.4989618508077,0.5004885846093539,-1.0,-1.0,-1.0,-1.0,0.0,0.0,-0.09252083143555387,-0.02840004144891754,0.0,0.0,-0.2039073394531223,-0.05846035953165264,13560998.00,1.56055245935785000990840,73899.83608500578842491860,21.803310770051501146869100
dove,anim,13560998.0,1.5605524593578500099084,88968.5550471211617976072,23.07794015664906597079634,1438141.548496531,0.16549632485831559,736.4989618508077,0.5004885846093539,-1.0,-1.0,-1.0,-1.0,0.0,0.0,-0.09252083143555387,-0.02840004144891754,0.0,0.0,-0.2039073394531223,-0.05846035953165264,13560998.00,1.56055245935785000990840,73899.83608500578842491860,21.803310770051501146869100
freezer,artifact,404501.0,1.470084134396976264437,12675.243015535378625412,4.13976978745471405014983,49199.76275349303,0.17880744581596927,313.8560856582166,0.2404717841671273,-1.0,-1.0,-1.0,-1.0,0.0,0.0,-0.01586374178798698,-0.0032002232578740085,0.0,0.0,-0.03223891337325251,-0.006420995133713624,404501.00,1.4700841343969762644370,12279.3694863856320240080,4.113357936163386629907970
glider,aircraft,1537431.0,1.497683965246327706242,20438.6725653883480431599,9.97739124904391647805325,144309.80049532326,0.14057897507578695,399.80256679114996,0.5360310783513758,-1.0,-1.0,-1.0,-1.0,0.0,0.0,-0.03324692415875197,-0.004682295609841154,0.0,0.0,-0.06878059142417767,-0.0094086452781628,1537431.00,1.4976839652463277062420,19123.35677629895052811910,9.884392506163295409814370
glider,artifact,404501.0,1.470084134396976264437,12675.243015535378625412,4.13976978745471405014983,49199.76275349303,0.17880744581596927,313.8560856582166,0.2404717841671273,-1.0,-1.0,-1.0,-1.0,0.0,0.0,-0.01586374178798698,-0.0032002232578740085,0.0,0.0,-0.03223891337325251,-0.006420995133713624,404501.00,1.4700841343969762644370,12279.3694863856320240080,4.113357936163386629907970
glider,back,26723042.0,1.2889372335388243534362,55706.66911177486796046132,9.386543940367872266575839,9321421.86098548,0.44960179706138786,514.2859089587847,0.42696472718674255,-1.0,-1.0,-1.0,-1.0,0.0,0.0,-0.4180922943185469,-0.18309794339439361,0.0,0.0,-1.4369711562039984,-0.44827391953253903,26723042.00,1.28893723353882435343620,22858.977616521152168810080,6.4811937947467684207892010
grape,apricot,82561.0,2.34295362960440432978,4272.11412561570771519,4.2219892429931473802005,24483.457823599998,0.6948027079743458,225.7464113778296,0.4850594684308219,-1.0,-1.0,-1.0,-1.0,0.0,0.0,-0.007305072642206739,-4.8677550845147407E-4,0.0,0.0,-0.01471765885144651,-9.740251484898488E-4,82561.00,2.342953629604404329780,4210.150565873950425310,4.21788092090285247943750
grape,banana,268873.0,2.09326025520253480208,10052.622657366212628572,8.5595916560071754180140,76531.76967116336,0.5958237224003935,327.6617595959514,0.698769826126893,-1.0,-1.0,-1.0,-1.0,0.0,0.0,-0.008742359349443061,-7.694454144125764E-4,0.0,0.0,-0.017638924515538664,-0.0015400758331127894,268873.00,2.093260255202534802080,9878.3786814678941043320,8.54642950646486681325400
gun,artefact,61672.0,1.48732666103943084755,4662.345568320919939163,1.7564980722030318424857,7939.278304732742,0.19146939116683329,204.39301332967935,0.17504562413491154,-1.0,-1.0,-1.0,-1.0,0.0,0.0,-0.005729097334971033,-9.83802233241896E-4,0.0,0.0,-0.011524218036784235,-0.0019695421064065384,61672.00,1.487326661039430847550,4609.2278219199028855430,1.75304537552150098402390
hammer,anvil,70224.0,1.60920277733220283440,5447.047225088557225208,4.0765433411073924610179,12504.962215056868,0.2865547380796276,241.95386962318912,0.4318302522819798,-1.0,-1.0,-1.0,-1.0,0.0,0.0,-0.006530164315334719,-5.23470499165514E-4,0.0,0.0,-0.013146175315598493,-0.001047489328092475,70224.00,1.609202777332202834400,5376.3685416783845707920,4.07227767370315915159210
hatchet,andrew,1556659.0,1.754541448146282135275,37654.121254152232115360,16.08873555537316545961058,203768.94660129154,0.22967204934225963,575.0166315622913,0.5126573767099247,-1.0,-1.0,-1.0,-1.0,0.0,0.0,-0.015257871605489122,-0.002786926611590114,0.0,0.0,-0.030988562722232712,-0.0055894305559402125,1556659.00,1.7545414481462821352750,36522.3462370231404384660,15.999308531393877592732140
jar,artifact,404501.0,1.470084134396976264437,12675.243015535378625412,4.13976978745471405014983,49199.76275349303,0.17880744581596927,313.8560856582166,0.2404717841671273,-1.0,-1.0,-1.0,-1.0,0.0,0.0,-0.01586374178798698,-0.0032002232578740085,0.0,0.0,-0.03223891337325251,-0.006420995133713624,404501.00,1.4700841343969762644370,12279.3694863856320240080,4.113357936163386629907970
lemon,account,55411693.0,1.5091241072718331887551,91589.47576738070444858611,17.096877681611629715215170,1.640695847071379E7,0.4468395606530555,639.2836338885767,0.4174712008436647,-1.0,-1.0,-1.0,-1.0,0.0,0.0,-0.3645955403811941,-0.16369804719154454,0.0,0.0,-1.1476014524667442,-0.3914807244962575,55411693.00,1.50912410727183318875510,42647.333685764014301637110,12.2868232240881563639052660
lemon,barrow,384667.0,1.773868813753158830486,15434.3977231435885517405,8.51546819810212011267547,48013.862008799086,0.22141304672679563,384.99598005066275,0.47821344388217174,-1.0,-1.0,-1.0,-1.0,0.0,0.0,-0.008371481691074302,-0.0010798408698409674,0.0,0.0,-0.016884310074806265,-0.0021620163733231143,384667.00,1.7738688137531588304860,15178.12554508601832045550,8.497097334539126326263130
lettuc,barn,1669055.0,1.652210711793267648430,30884.6639386228414441923,12.90231033324339316897679,242522.33266443733,0.24007477038040906,506.3196518074788,0.5551870866210421,-1.0,-1.0,-1.0,-1.0,0.0,0.0,-0.023489535113064813,-0.004438486290792638,0.0,0.0,-0.04810913135638447,-0.008916548560130603,1669055.00,1.6522107117932676484300,29467.03068854501711975770,12.788282986989211817935350
musket,affair,8474217.0,1.5454578944632844729434,63493.5264129139296838077,15.857167068357520782810205,1280726.072542837,0.2335682717891558,641.9376749627424,0.46422243729632223,-1.0,-1.0,-1.0,-1.0,0.0,0.0,-0.05400876528989826,-0.017711218622222434,0.0,0.0,-0.11418449412261035,-0.03606112368987933,8474217.00,1.54545789446328447294340,56986.54643629135759404410,15.3052428141334188373357350
musket,barrel,1538245.0,1.416233639490605390540,20651.028061474238238558,7.18528731501327639291302,358286.0097115153,0.32986728350315175,392.99506247839423,0.3271522052308006,-1.0,-1.0,-1.0,-1.0,0.0,0.0,-0.04012553491236998,-0.00920083102761992,0.0,0.0,-0.08360579715745808,-0.01857254490264193,1538245.00,1.4162336394906053905400,19057.6943346432191413460,7.054271540079716804128120
oven,artefact,61672.0,1.48732666103943084755,4662.345568320919939163,1.7564980722030318424857,7939.278304732742,0.19146939116683329,204.39301332967935,0.17504562413491154,-1.0,-1.0,-1.0,-1.0,0.0,0.0,-0.005729097334971033,-9.83802233241896E-4,0.0,0.0,-0.011524218036784235,-0.0019695421064065384,61672.00,1.487326661039430847550,4609.2278219199028855430,1.75304537552150098402390
owl,ancient,1644333.0,1.977031878593465539495,27004.1400802201494197837,8.36471099604185354301860,398051.8215747794,0.47858988452189244,451.7521009978045,0.4769139857715598,-1.0,-1.0,-1.0,-1.0,0.0,0.0,-0.03167405264244663,-0.007213421027875784,0.0,0.0,-0.06542022906415214,-0.014531665074167617,1644333.00,1.9770318785934655394950,25345.99901856579947486170,8.244898886847803854304600
phone,artilleri,1077802.0,1.778694976986588030535,17315.451559946921294859,7.15824794817608054077513,188069.8823363273,0.3103714365292364,362.8485572537881,0.4969217143403915,-1.0,-1.0,-1.0,-1.0,0.0,0.0,-0.026576157850482465,-0.004436050614018081,0.0,0.0,-0.054603466033453445,-0.008911633686121384,1077802.00,1.7786949769865880305350,16418.9215355733069630570,7.095019731334623016633950
pine,accus,15506018.0,1.7495363271514047891094,71911.9949814814306158066,13.645848169448732286154211,4108901.9638375407,0.4636053724713544,675.5863272176407,0.26190729601308294,-1.0,-1.0,-1.0,-1.0,0.0,0.0,-0.09810453569626207,-0.038288630953100436,0.0,0.0,-0.21755189948094178,-0.07962603372578665,15506018.00,1.74953632715140478910940,59062.77589656625640676640,12.6394211913887863369466230
pineappl,apricot,82561.0,2.34295362960440432978,4272.11412561570771519,4.2219892429931473802005,24483.457823599998,0.6948027079743458,225.7464113778296,0.4850594684308219,-1.0,-1.0,-1.0,-1.0,0.0,0.0,-0.007305072642206739,-4.8677550845147407E-4,0.0,0.0,-0.01471765885144651,-9.740251484898488E-4,82561.00,2.342953629604404329780,4210.150565873950425310,4.21788092090285247943750
pistol,anyon,5342136.0,1.0704029497646756318965,23257.0162757694802010521,8.229725820863550854648730,557604.9858026737,0.11172722326924511,368.3611864836625,0.367093927134997,-1.0,-1.0,-1.0,-1.0,0.0,0.0,-0.15490801041239655,-0.034061627003505235,0.0,0.0,-0.36660626847969563,-0.07052546612852875,5342136.00,1.07040294976467563189650,17018.08107586257662708090,7.6875572615994906910462020
pub,artist,5903676.0,1.5614542952003539974596,57234.93061578477547539318,15.64859990076967388661086,647527.5287491644,0.17126357222616104,625.5447817678719,0.40247265631646445,-1.0,-1.0,-1.0,-1.0,0.0,0.0,-0.048690034782049155,-0.01397435335596285,0.0,0.0,-0.10236418530713903,-0.028344807061611247,5903676.00,1.56145429520035399745960,51920.165203696332317916380,15.217269337396594605704800
radish,accomod,10216.0,1.4983866236432971516,996.60494606216269059,0.246750067575965933066,1526.1474371763693,0.22384092654390866,89.69464851097241,0.05723277313385505,-1.0,-1.0,-1.0,-1.0,0.0,0.0,-0.008265292679098734,-0.0013706095076900901,0.0,0.0,-0.01666835418400717,-0.002744981312866026,10216.00,1.49838662364329715160,980.265532964338539970,0.2460745974045194963380
rake,ax,1676824.0,1.654560237444940852677,29088.4513832101791976026,11.88348728758296671566194,241785.93921897112,0.238575665069792,487.52846190223516,0.4889393110797997,-1.0,-1.0,-1.0,-1.0,0.0,0.0,-0.03895059149115472,-0.006909932202378395,0.0,0.0,-0.08105845786137068,-0.013916023181467457,1676824.00,1.6545602374449408526770,26907.38060618395465096660,11.720386122605045410223900
rat,anim,13560998.0,1.5605524593578500099084,88968.5550471211617976072,23.07794015664906597079634,1438141.548496531,0.16549632485831559,736.4989618508077,0.5004885846093539,-1.0,-1.0,-1.0,-1.0,0.0,0.0,-0.09252083143555387,-0.02840004144891754,0.0,0.0,-0.2039073394531223,-0.05846035953165264,13560998.00,1.56055245935785000990840,73899.83608500578842491860,21.803310770051501146869100
rat,autumn,501490.0,1.569682457705369556450,11888.835740873772306371,4.0367121327445836128355,141248.2351818953,0.4421122593608316,304.9439986719977,0.49393921257937246,-1.0,-1.0,-1.0,-1.0,0.0,0.0,-0.025333055020542533,-0.0050303313674275995,0.0,0.0,-0.051982998194478554,-0.010111527066631066,501490.00,1.5696824577053695564500,11301.3573045178631164210,3.99630340272149538535850
restaur,battl,8163519.0,1.4042413201196599822876,48616.78330721477824992077,11.8005355086958700890776016,1920543.8726634183,0.3303608484400664,542.8565341876357,0.40306095700466205,-1.0,-1.0,-1.0,-1.0,0.0,0.0,-0.1119946780895078,-0.034846629556437886,0.0,0.0,-0.25223875426457515,-0.07220951741674628,8163519.00,1.40424132011965998228760,38823.892921096211602478370,11.00581119362442590131153840
revolv,amalgam,427249.0,1.457550967495428609312,11681.1098082388678796026,2.86707265520569488264100,89606.44206194107,0.3056904903726054,289.3597893673434,0.15798481865884925,-1.0,-1.0,-1.0,-1.0,0.0,0.0,-0.0312898450180546,-0.008167348597598195,0.0,0.0,-0.06460104677779036,-0.016469206949478767,427249.00,1.4575509674954286093120,10972.28848646531166109740,2.820619292354220863450880
revolv,bazooka,4287.0,1.8478448275862069025,476.881071640869631177,0.6647609092077307150529,1481.0189060238224,0.6383702181137166,78.4357288852033,0.20936512138543756,-1.0,-1.0,-1.0,-1.0,0.0,0.0,-0.0017175138045157552,-3.7620047232091145E-5,0.0,0.0,-0.0034409374666309243,-7.524292510657869E-5,4287.00,1.84784482758620690250,475.2457806284469468230,0.66471089441568466876710
rifl,barrel,1538245.0,1.416233639490605390540,20651.028061474238238558,7.18528731501327639291302,358286.0097115153,0.32986728350315175,392.99506247839423,0.3271522052308006,-1.0,-1.0,-1.0,-1.0,0.0,0.0,-0.04012553491236998,-0.00920083102761992,0.0,0.0,-0.08360579715745808,-0.01857254490264193,1538245.00,1.4162336394906053905400,19057.6943346432191413460,7.054271540079716804128120
robe,apparel,244048.0,1.74893400505944488225,11862.399712790229853374,4.9564404904768022850493,42593.7720095321,0.30524198629458077,329.0083203334165,0.3931132749349932,-1.0,-1.0,-1.0,-1.0,0.0,0.0,-0.011680847177174044,-0.0020341738104237253,0.0,0.0,-0.023637803929654384,-0.004076640215608562,244048.00,1.748934005059444882250,11588.4736449274671069920,4.93631690247518366479550
saxophon,artifact,404501.0,1.470084134396976264437,12675.243015535378625412,4.13976978745471405014983,49199.76275349303,0.17880744581596927,313.8560856582166,0.2404717841671273,-1.0,-1.0,-1.0,-1.0,0.0,0.0,-0.01586374178798698,-0.0032002232578740085,0.0,0.0,-0.03223891337325251,-0.006420995133713624,404501.00,1.4700841343969762644370,12279.3694863856320240080,4.113357936163386629907970
saxophon,bass,682424.0,1.891141268050979201552,19968.160116502577375366,13.4922549759836511412592,115183.69059029147,0.31919837327191813,442.88780399931306,0.7869260051821043,-1.0,-1.0,-1.0,-1.0,0.0,0.0,-0.012290289497995599,-0.0012801342880448543,0.0,0.0,-0.024886440554986643,-0.002563550264682655,682424.00,1.8911412680509792015520,19483.2903689208840531760,13.45775534371024831498440
sheep,acryl,47975.0,1.63720438180391089154,3773.65519313079056728,4.2056373808867459423615,10862.701551639904,0.3707027113824491,217.1802777241474,0.5074216945087002,-1.0,-1.0,-1.0,-1.0,0.0,0.0,-0.004674767059836116,-3.012587421550932E-4,0.0,0.0,-0.009393446292981,-6.026990526686913E-4,47975.00,1.637204381803910891540,3738.537442450830150100,4.20310417398281867502150
shirt,backpack,19195.0,1.3823275241250179658,2151.699278481498984864,1.8960184126427622417687,3593.5206970323684,0.2587873179484638,150.47974632512486,0.5301825846342608,-1.0,-1.0,-1.0,-1.0,0.0,0.0,-0.010682735412711586,-6.164455491803338E-4,0.0,0.0,-0.02159617707099872,-0.0012336515773847857,19195.00,1.38232752412501796580,2106.2131268448947508640,1.89368226852513061523670
shovel,bannist,57737.0,1.84286626236833706555,4307.76230997838766246,3.5620383105523168645591,9488.72441374498,0.3028638497843913,217.3472266767398,0.45286312771358345,-1.0,-1.0,-1.0,-1.0,0.0,0.0,-0.004635700002693725,-3.692308580652584E-4,0.0,0.0,-0.009314579602073877,-7.387344796963375E-4,57737.00,1.842866262368337065550,4268.007613321844013660,3.55940885250563457747910
siev,artifact,404501.0,1.470084134396976264437,12675.243015535378625412,4.13976978745471405014983,49199.76275349303,0.17880744581596927,313.8560856582166,0.2404717841671273,-1.0,-1.0,-1.0,-1.0,0.0,0.0,-0.01586374178798698,-0.0032002232578740085,0.0,0.0,-0.03223891337325251,-0.006420995133713624,404501.00,1.4700841343969762644370,12279.3694863856320240080,4.113357936163386629907970
sofa,artefact,61672.0,1.48732666103943084755,4662.345568320919939163,1.7564980722030318424857,7939.278304732742,0.19146939116683329,204.39301332967935,0.17504562413491154,-1.0,-1.0,-1.0,-1.0,0.0,0.0,-0.005729097334971033,-9.83802233241896E-4,0.0,0.0,-0.011524218036784235,-0.0019695421064065384,61672.00,1.487326661039430847550,4609.2278219199028855430,1.75304537552150098402390
sofa,back,26723042.0,1.2889372335388243534362,55706.66911177486796046132,9.386543940367872266575839,9321421.86098548,0.44960179706138786,514.2859089587847,0.42696472718674255,-1.0,-1.0,-1.0,-1.0,0.0,0.0,-0.4180922943185469,-0.18309794339439361,0.0,0.0,-1.4369711562039984,-0.44827391953253903,26723042.00,1.28893723353882435343620,22858.977616521152168810080,6.4811937947467684207892010
spade,artifact,404501.0,1.470084134396976264437,12675.243015535378625412,4.13976978745471405014983,49199.76275349303,0.17880744581596927,313.8560856582166,0.2404717841671273,-1.0,-1.0,-1.0,-1.0,0.0,0.0,-0.01586374178798698,-0.0032002232578740085,0.0,0.0,-0.03223891337325251,-0.006420995133713624,404501.00,1.4700841343969762644370,12279.3694863856320240080,4.113357936163386629907970
spade,ax,1676824.0,1.654560237444940852677,29088.4513832101791976026,11.88348728758296671566194,241785.93921897112,0.238575665069792,487.52846190223516,0.4889393110797997,-1.0,-1.0,-1.0,-1.0,0.0,0.0,-0.03895059149115472,-0.006909932202378395,0.0,0.0,-0.08105845786137068,-0.013916023181467457,1676824.00,1.6545602374449408526770,26907.38060618395465096660,11.720386122605045410223900
strawberri,account,55411693.0,1.5091241072718331887551,91589.47576738070444858611,17.096877681611629715215170,1.640695847071379E7,0.4468395606530555,639.2836338885767,0.4174712008436647,-1.0,-1.0,-1.0,-1.0,0.0,0.0,-0.3645955403811941,-0.16369804719154454,0.0,0.0,-1.1476014524667442,-0.3914807244962575,55411693.00,1.50912410727183318875510,42647.333685764014301637110,12.2868232240881563639052660
swan,approach,60326466.0,1.63420821102691663627349,151542.98332083166245694877,30.811129312580647092783191,7510973.397257908,0.20346781789942092,878.7386704837046,0.4224273664901991,-1.0,-1.0,-1.0,-1.0,0.0,0.0,-0.15995491169603257,-0.06971791977533047,0.0,0.0,-0.38082458649684625,-0.1498855481737176,60326466.00,1.634208211026916636273490,109748.178590371427466755030,26.7949530816486894432957390
swan,asphalt,95239.0,1.77409980813292848246,7129.04325389363477317,4.9468259541432791114177,14882.047406187094,0.27722085960522125,272.9688828513209,0.44191746352179595,-1.0,-1.0,-1.0,-1.0,0.0,0.0,-0.008777875090375328,-7.671953344543651E-4,0.0,0.0,-0.01771121703155215,-0.0015355687500895328,95239.00,1.774099808132928482460,7004.976593151387748350,4.93924140938587797651770
sword,anim,13560998.0,1.5605524593578500099084,88968.5550471211617976072,23.07794015664906597079634,1438141.548496531,0.16549632485831559,736.4989618508077,0.5004885846093539,-1.0,-1.0,-1.0,-1.0,0.0,0.0,-0.09252083143555387,-0.02840004144891754,0.0,0.0,-0.2039073394531223,-0.05846035953165264,13560998.00,1.56055245935785000990840,73899.83608500578842491860,21.803310770051501146869100
tabl,artefact,61672.0,1.48732666103943084755,4662.345568320919939163,1.7564980722030318424857,7939.278304732742,0.19146939116683329,204.39301332967935,0.17504562413491154,-1.0,-1.0,-1.0,-1.0,0.0,0.0,-0.005729097334971033,-9.83802233241896E-4,0.0,0.0,-0.011524218036784235,-0.0019695421064065384,61672.00,1.487326661039430847550,4609.2278219199028855430,1.75304537552150098402390
tiger,assassin,1789434.0,1.416725979492936686159,32889.6070281092161476334,12.20631173882865584545548,393058.73020707734,0.3111914239647126,535.9477792252867,0.44077266316986013,-1.0,-1.0,-1.0,-1.0,0.0,0.0,-0.03985254722688546,-0.0076742158417331344,0.0,0.0,-0.08301338947842363,-0.015467129775817995,1789434.00,1.4167259794929366861590,30368.60610185878075542860,12.020390794454775849668340
van,artifact,404501.0,1.470084134396976264437,12675.243015535378625412,4.13976978745471405014983,49199.76275349303,0.17880744581596927,313.8560856582166,0.2404717841671273,-1.0,-1.0,-1.0,-1.0,0.0,0.0,-0.01586374178798698,-0.0032002232578740085,0.0,0.0,-0.03223891337325251,-0.006420995133713624,404501.00,1.4700841343969762644370,12279.3694863856320240080,4.113357936163386629907970
villa,bathroom,215902.0,1.44902616142498554646,7510.0572572943227089792,3.68157525896091309116808,33011.55688543029,0.22155704697667278,258.1631172315192,0.3081719514637253,-1.0,-1.0,-1.0,-1.0,0.0,0.0,-0.013535378586123126,-0.001860857886398128,0.0,0.0,-0.027442197707451856,-0.0037286542684974414,215902.00,1.449026161424985546460,7309.46935414141361205920,3.667898931951873531779480
violin,artifact,404501.0,1.470084134396976264437,12675.243015535378625412,4.13976978745471405014983,49199.76275349303,0.17880744581596927,313.8560856582166,0.2404717841671273,-1.0,-1.0,-1.0,-1.0,0.0,0.0,-0.01586374178798698,-0.0032002232578740085,0.0,0.0,-0.03223891337325251,-0.006420995133713624,404501.00,1.4700841343969762644370,12279.3694863856320240080,4.113357936163386629907970
wardrob,alleg,4652969.0,1.4555197034511343449879,31336.5105999398279725286,6.878392466599463263878464,581264.9243632373,0.1818285379369012,422.76199298671327,0.19764451366800098,-1.0,-1.0,-1.0,-1.0,0.0,0.0,-0.11397708737800048,-0.03356728546380572,0.0,0.0,-0.25727796822027804,-0.06946636834394655,4652969.00,1.45551970345113434498790,24924.09108567915163964660,6.4316117553566046498706640
woodpeck,alibi,41397.0,1.48216970998925886012,4845.38829721072199987,4.9264357184458232984886,5319.023876614957,0.19044124155442022,240.43963795733887,0.4716274426539851,-1.0,-1.0,-1.0,-1.0,0.0,0.0,-0.009679159100469653,-4.6908311507749036E-4,0.0,0.0,-0.019547521774211794,-9.38606514622692E-4,41397.00,1.482169709989258860120,4752.488916631173907450,4.92181606981891660928540
yacht,artefact,61672.0,1.48732666103943084755,4662.345568320919939163,1.7564980722030318424857,7939.278304732742,0.19146939116683329,204.39301332967935,0.17504562413491154,-1.0,-1.0,-1.0,-1.0,0.0,0.0,-0.005729097334971033,-9.83802233241896E-4,0.0,0.0,-0.011524218036784235,-0.0019695421064065384,61672.00,1.487326661039430847550,4609.2278219199028855430,1.75304537552150098402390
