w1,w2,c1,c2,c3,c4,c5,c6,c7,c8,c9,c10,c11,c12,c13,c14,c15,c16,c17,c18,c19,c20,c21,c22,c23,c24
acacia,birch,37702.0,1.7794034359071172423,4857.83067807791419368,5.1639482930921967207067,7389.790660093153,0.34877244950411335,249.19320425489062,0.4692971981150297,-1.0,-1.0,-1.0,-1.0,0.0,0.0,-0.002496623428041559,-1.2736710049681424E-4,0.0,0.0,-0.005005744314613769,-2.5476664988312737E-4,37702.00,1.77940343590711724230,4833.634738466913828520,5.16263302637149206464130
acacia,conduct,37702.0,1.7794034359071172423,4857.83067807791419368,5.1639482930921967207067,7389.790660093153,0.34877244950411335,249.19320425489062,0.4692971981150297,-1.0,-1.0,-1.0,-1.0,0.0,0.0,-0.002496623428041559,-1.2736710049681424E-4,0.0,0.0,-0.005005744314613769,-2.5476664988312737E-4,37702.00,1.77940343590711724230,4833.634738466913828520,5.16263302637149206464130
acacia,greet,37702.0,1.7794034359071172423,4857.83067807791419368,5.1639482930921967207067,7389.790660093153,0.34877244950411335,249.19320425489062,0.4692971981150297,-1.0,-1.0,-1.0,-1.0,0.0,0.0,-0.002496623428041559,-1.2736710049681424E-4,0.0,0.0,-0.005005744314613769,-2.5476664988312737E-4,37702.00,1.77940343590711724230,4833.634738466913828520,5.16263302637149206464130
acacia,knock-on,37702.0,1.7794034359071172423,4857.83067807791419368,5.1639482930921967207067,7389.790660093153,0.34877244950411335,249.19320425489062,0.4692971981150297,-1.0,-1.0,-1.0,-1.0,0.0,0.0,-0.002496623428041559,-1.2736710049681424E-4,0.0,0.0,-0.005005744314613769,-2.5476664988312737E-4,37702.00,1.77940343590711724230,4833.634738466913828520,5.16263302637149206464130
acacia,limb,37702.0,1.7794034359071172423,4857.83067807791419368,5.1639482930921967207067,7389.790660093153,0.34877244950411335,249.19320425489062,0.4692971981150297,-1.0,-1.0,-1.0,-1.0,0.0,0.0,-0.002496623428041559,-1.2736710049681424E-4,0.0,0.0,-0.005005744314613769,-2.5476664988312737E-4,37702.00,1.77940343590711724230,4833.634738466913828520,5.16263302637149206464130
acacia,mezzo-soprano,37702.0,1.7794034359071172423,4857.83067807791419368,5.1639482930921967207067,7389.790660093153,0.34877244950411335,249.19320425489062,0.4692971981150297,-1.0,-1.0,-1.0,-1.0,0.0,0.0,-0.002496623428041559,-1.2736710049681424E-4,0.0,0.0,-0.005005744314613769,-2.5476664988312737E-4,37702.00,1.77940343590711724230,4833.634738466913828520,5.16263302637149206464130
allig,rectifi,57264.0,1.69676138552253400797,6079.266891488532029888,5.4214742859426736839351,9021.613824588148,0.26731499672844083,267.07502808229503,0.5153505161037774,-1.0,-1.0,-1.0,-1.0,0.0,0.0,-0.003382634104725252,-2.7148839711104095E-4,0.0,0.0,-0.006788230308803794,-5.431242461531022E-4,57264.00,1.696761385522534007970,6038.2776719826064923680,5.41853135018784595895170
allig,tail,57264.0,1.69676138552253400797,6079.266891488532029888,5.4214742859426736839351,9021.613824588148,0.26731499672844083,267.07502808229503,0.5153505161037774,-1.0,-1.0,-1.0,-1.0,0.0,0.0,-0.003382634104725252,-2.7148839711104095E-4,0.0,0.0,-0.006788230308803794,-5.431242461531022E-4,57264.00,1.696761385522534007970,6038.2776719826064923680,5.41853135018784595895170
allig,teenag,57264.0,1.69676138552253400797,6079.266891488532029888,5.4214742859426736839351,9021.613824588148,0.26731499672844083,267.07502808229503,0.5153505161037774,-1.0,-1.0,-1.0,-1.0,0.0,0.0,-0.003382634104725252,-2.7148839711104095E-4,0.0,0.0,-0.006788230308803794,-5.431242461531022E-4,57264.00,1.696761385522534007970,6038.2776719826064923680,5.41853135018784595895170
allig,turtl,57264.0,1.69676138552253400797,6079.266891488532029888,5.4214742859426736839351,9021.613824588148,0.26731499672844083,267.07502808229503,0.5153505161037774,-1.0,-1.0,-1.0,-1.0,0.0,0.0,-0.003382634104725252,-2.7148839711104095E-4,0.0,0.0,-0.006788230308803794,-5.431242461531022E-4,57264.00,1.696761385522534007970,6038.2776719826064923680,5.41853135018784595895170
ambul,Saxon,152508.0,1.58804602488676004443,7798.5824458808932710252,3.4910001849100267001955,23315.70166218465,0.24278337754136145,266.3591845896556,0.2739534719508455,-1.0,-1.0,-1.0,-1.0,0.0,0.0,-0.014516066429285667,-0.0019730232149957677,0.0,0.0,-0.029459772878669774,-0.003953847462824241,152508.00,1.588046024886760044430,7575.41251376319665288480,3.47725166224764746789090
ambul,air,9000521.0,1.3649098169547148509443,110309.10671311410219357670,32.468853463169862307606675,744969.1082890619,0.14220115565881228,866.7948555549289,0.7391232613821795,0.9180347911855217,0.8127097145045074,0.08506914440254475,0.09441956354239243,0.2971154506947221,0.4109397537527205,-0.032907193002188494,0.019282543284429524,0.4581172023440011,0.5825050327765324,-0.06805384708494262,0.03783552148807626,9000521.00,1.36490981695471485094430,98377.044726971719768731100,31.5557969111696894099890690
ambul,aspect,11964120.0,0.9987306737890883530908,57113.572570502076652699501,14.75384036865363343311877634,1475397.8370968285,0.08687556969177723,566.3120827922088,0.42546654261695777,0.72870909025237,0.6995552339011513,0.0791000450479898,0.2802664142797638,0.3047325423457161,0.3749637001574535,-0.14073051414047677,0.005371060711142122,0.46711878864897793,0.5454161446073299,-0.3275585051171804,0.01068473307227073,11964120.00,0.99873067378908835309080,41204.4627592908961015346990,13.387948943403366671877035660
ambul,emul,152508.0,1.58804602488676004443,7798.5824458808932710252,3.4910001849100267001955,23315.70166218465,0.24278337754136145,266.3591845896556,0.2739534719508455,-1.0,-1.0,-1.0,-1.0,0.0,0.0,-0.014516066429285667,-0.0019730232149957677,0.0,0.0,-0.029459772878669774,-0.003953847462824241,152508.00,1.588046024886760044430,7575.41251376319665288480,3.47725166224764746789090
ambul,ferri,152508.0,1.58804602488676004443,7798.5824458808932710252,3.4910001849100267001955,23315.70166218465,0.24278337754136145,266.3591845896556,0.2739534719508455,-1.0,-1.0,-1.0,-1.0,0.0,0.0,-0.014516066429285667,-0.0019730232149957677,0.0,0.0,-0.029459772878669774,-0.003953847462824241,152508.00,1.588046024886760044430,7575.41251376319665288480,3.47725166224764746789090
ambul,furnish,152508.0,1.58804602488676004443,7798.5824458808932710252,3.4910001849100267001955,23315.70166218465,0.24278337754136145,266.3591845896556,0.2739534719508455,-1.0,-1.0,-1.0,-1.0,0.0,0.0,-0.014516066429285667,-0.0019730232149957677,0.0,0.0,-0.029459772878669774,-0.003953847462824241,152508.00,1.588046024886760044430,7575.41251376319665288480,3.47725166224764746789090
ambul,handbrak,152508.0,1.58804602488676004443,7798.5824458808932710252,3.4910001849100267001955,23315.70166218465,0.24278337754136145,266.3591845896556,0.2739534719508455,-1.0,-1.0,-1.0,-1.0,0.0,0.0,-0.014516066429285667,-0.0019730232149957677,0.0,0.0,-0.029459772878669774,-0.003953847462824241,152508.00,1.588046024886760044430,7575.41251376319665288480,3.47725166224764746789090
ambul,light,152508.0,1.58804602488676004443,7798.5824458808932710252,3.4910001849100267001955,23315.70166218465,0.24278337754136145,266.3591845896556,0.2739534719508455,-1.0,-1.0,-1.0,-1.0,0.0,0.0,-0.014516066429285667,-0.0019730232149957677,0.0,0.0,-0.029459772878669774,-0.003953847462824241,152508.00,1.588046024886760044430,7575.41251376319665288480,3.47725166224764746789090
ambul,sauna,152508.0,1.58804602488676004443,7798.5824458808932710252,3.4910001849100267001955,23315.70166218465,0.24278337754136145,266.3591845896556,0.2739534719508455,-1.0,-1.0,-1.0,-1.0,0.0,0.0,-0.014516066429285667,-0.0019730232149957677,0.0,0.0,-0.029459772878669774,-0.003953847462824241,152508.00,1.588046024886760044430,7575.41251376319665288480,3.47725166224764746789090
ant,coffee-t,751973.0,1.665440427360270721279,26794.879127429637366275,11.8475994180886312800598,104830.63305637336,0.232174791272897,499.84023280381183,0.5242204748477238,-1.0,-1.0,-1.0,-1.0,0.0,0.0,-0.020032736760080688,-0.003171086479005974,0.0,0.0,-0.04088450198601419,-0.0063623485153637424,751973.00,1.6654404273602707212790,25742.4133766088736601130,11.77269741417373643992320
ant,headlin,751973.0,1.665440427360270721279,26794.879127429637366275,11.8475994180886312800598,104830.63305637336,0.232174791272897,499.84023280381183,0.5242204748477238,-1.0,-1.0,-1.0,-1.0,0.0,0.0,-0.020032736760080688,-0.003171086479005974,0.0,0.0,-0.04088450198601419,-0.0063623485153637424,751973.00,1.6654404273602707212790,25742.4133766088736601130,11.77269741417373643992320
appl,backdrop,1148090.0,1.592066214234975500260,31268.6255596106927060007,15.271519973415056855309073,111643.51369425812,0.134102379236301,522.0496871636878,0.7858543781803273,0.31136703976534613,0.9648132234890056,0.04806644343551639,0.04014101081119684,0.09464050267170517,0.32699109124075476,3.9525458010987094E-4,0.011546517596049365,0.17291613537177675,0.492830876407789,7.90196831302981E-4,0.022829434722369035,1148090.00,1.5920662142349755002600,30148.90863960113134939530,15.1954333337825169653909730
appl,enclosur,1609141.0,1.889736657913650500245,29610.3765227543390142507,14.806174836244925279399573,288321.62815335236,0.33859801595431255,505.2161074144759,0.7814460887506719,-1.0,-1.0,-1.0,-1.0,0.0,0.0,-0.02163553301832426,-0.0031773823381505153,0.0,0.0,-0.04422796155929789,-0.006375020554014703,1609141.00,1.8897366579136505002450,28356.23792197492680292530,14.7123830916371997529724730
appl,leaf,1609141.0,1.889736657913650500245,29610.3765227543390142507,14.806174836244925279399573,288321.62815335236,0.33859801595431255,505.2161074144759,0.7814460887506719,-1.0,-1.0,-1.0,-1.0,0.0,0.0,-0.02163553301832426,-0.0031773823381505153,0.0,0.0,-0.04422796155929789,-0.006375020554014703,1609141.00,1.8897366579136505002450,28356.23792197492680292530,14.7123830916371997529724730
appl,lime,1609141.0,1.889736657913650500245,29610.3765227543390142507,14.806174836244925279399573,288321.62815335236,0.33859801595431255,505.2161074144759,0.7814460887506719,-1.0,-1.0,-1.0,-1.0,0.0,0.0,-0.02163553301832426,-0.0031773823381505153,0.0,0.0,-0.04422796155929789,-0.006375020554014703,1609141.00,1.8897366579136505002450,28356.23792197492680292530,14.7123830916371997529724730
appl,peach,1609141.0,1.889736657913650500245,29610.3765227543390142507,14.806174836244925279399573,288321.62815335236,0.33859801595431255,505.2161074144759,0.7814460887506719,-1.0,-1.0,-1.0,-1.0,0.0,0.0,-0.02163553301832426,-0.0031773823381505153,0.0,0.0,-0.04422796155929789,-0.006375020554014703,1609141.00,1.8897366579136505002450,28356.23792197492680292530,14.7123830916371997529724730
appl,stalk,1609141.0,1.889736657913650500245,29610.3765227543390142507,14.806174836244925279399573,288321.62815335236,0.33859801595431255,505.2161074144759,0.7814460887506719,-1.0,-1.0,-1.0,-1.0,0.0,0.0,-0.02163553301832426,-0.0031773823381505153,0.0,0.0,-0.04422796155929789,-0.006375020554014703,1609141.00,1.8897366579136505002450,28356.23792197492680292530,14.7123830916371997529724730
apricot,pen,82561.0,2.34295362960440432978,4272.11412561570771519,4.2219892429931473802005,24483.457823599998,0.6948027079743458,225.7464113778296,0.4850594684308219,-1.0,-1.0,-1.0,-1.0,0.0,0.0,-0.007305072642206739,-4.8677550845147407E-4,0.0,0.0,-0.01471765885144651,-9.740251484898488E-4,82561.00,2.342953629604404329780,4210.150565873950425310,4.21788092090285247943750
apricot,warn,82561.0,2.34295362960440432978,4272.11412561570771519,4.2219892429931473802005,24483.457823599998,0.6948027079743458,225.7464113778296,0.4850594684308219,-1.0,-1.0,-1.0,-1.0,0.0,0.0,-0.007305072642206739,-4.8677550845147407E-4,0.0,0.0,-0.01471765885144651,-9.740251484898488E-4,82561.00,2.342953629604404329780,4210.150565873950425310,4.21788092090285247943750
ax,cashier,1676824.0,1.654560237444940852677,29088.4513832101791976026,11.88348728758296671566194,241785.93921897112,0.238575665069792,487.52846190223516,0.4889393110797997,-1.0,-1.0,-1.0,-1.0,0.0,0.0,-0.03895059149115472,-0.006909932202378395,0.0,0.0,-0.08105845786137068,-0.013916023181467457,1676824.00,1.6545602374449408526770,26907.38060618395465096660,11.720386122605045410223900
ax,chmod,1676824.0,1.654560237444940852677,29088.4513832101791976026,11.88348728758296671566194,241785.93921897112,0.238575665069792,487.52846190223516,0.4889393110797997,-1.0,-1.0,-1.0,-1.0,0.0,0.0,-0.03895059149115472,-0.006909932202378395,0.0,0.0,-0.08105845786137068,-0.013916023181467457,1676824.00,1.6545602374449408526770,26907.38060618395465096660,11.720386122605045410223900
ax,clearanc,1676824.0,1.654560237444940852677,29088.4513832101791976026,11.88348728758296671566194,241785.93921897112,0.238575665069792,487.52846190223516,0.4889393110797997,-1.0,-1.0,-1.0,-1.0,0.0,0.0,-0.03895059149115472,-0.006909932202378395,0.0,0.0,-0.08105845786137068,-0.013916023181467457,1676824.00,1.6545602374449408526770,26907.38060618395465096660,11.720386122605045410223900
ax,coast,1676824.0,1.654560237444940852677,29088.4513832101791976026,11.88348728758296671566194,241785.93921897112,0.238575665069792,487.52846190223516,0.4889393110797997,-1.0,-1.0,-1.0,-1.0,0.0,0.0,-0.03895059149115472,-0.006909932202378395,0.0,0.0,-0.08105845786137068,-0.013916023181467457,1676824.00,1.6545602374449408526770,26907.38060618395465096660,11.720386122605045410223900
ax,gain,1676824.0,1.654560237444940852677,29088.4513832101791976026,11.88348728758296671566194,241785.93921897112,0.238575665069792,487.52846190223516,0.4889393110797997,-1.0,-1.0,-1.0,-1.0,0.0,0.0,-0.03895059149115472,-0.006909932202378395,0.0,0.0,-0.08105845786137068,-0.013916023181467457,1676824.00,1.6545602374449408526770,26907.38060618395465096660,11.720386122605045410223900
ax,obelisk,1676824.0,1.654560237444940852677,29088.4513832101791976026,11.88348728758296671566194,241785.93921897112,0.238575665069792,487.52846190223516,0.4889393110797997,-1.0,-1.0,-1.0,-1.0,0.0,0.0,-0.03895059149115472,-0.006909932202378395,0.0,0.0,-0.08105845786137068,-0.013916023181467457,1676824.00,1.6545602374449408526770,26907.38060618395465096660,11.720386122605045410223900
ax,vruttanama,1676824.0,1.654560237444940852677,29088.4513832101791976026,11.88348728758296671566194,241785.93921897112,0.238575665069792,487.52846190223516,0.4889393110797997,-1.0,-1.0,-1.0,-1.0,0.0,0.0,-0.03895059149115472,-0.006909932202378395,0.0,0.0,-0.08105845786137068,-0.013916023181467457,1676824.00,1.6545602374449408526770,26907.38060618395465096660,11.720386122605045410223900
bag,exterior,3727257.0,1.6705901388641128997158,38641.029271738462018813126,16.1374334414062653468258093,430606.4197605512,0.19300167350508904,540.7189433933819,0.7007352210685891,-1.0,-1.0,-1.0,-1.0,0.0,0.0,-0.05451689883565965,-0.010075363844945798,0.0,0.0,-0.1153207260257182,-0.020355819982578294,3727257.00,1.67059013886411289971580,34645.6659237653559602628740,15.81549605085978563999365070
banana,gambl,268873.0,2.09326025520253480208,10052.622657366212628572,8.5595916560071754180140,76531.76967116336,0.5958237224003935,327.6617595959514,0.698769826126893,-1.0,-1.0,-1.0,-1.0,0.0,0.0,-0.008742359349443061,-7.694454144125764E-4,0.0,0.0,-0.017638924515538664,-0.0015400758331127894,268873.00,2.093260255202534802080,9878.3786814678941043320,8.54642950646486681325400
banana,mango,268873.0,2.09326025520253480208,10052.622657366212628572,8.5595916560071754180140,76531.76967116336,0.5958237224003935,327.6617595959514,0.698769826126893,-1.0,-1.0,-1.0,-1.0,0.0,0.0,-0.008742359349443061,-7.694454144125764E-4,0.0,0.0,-0.017638924515538664,-0.0015400758331127894,268873.00,2.093260255202534802080,9878.3786814678941043320,8.54642950646486681325400
battleship,anchor,1706108.0,1.933043269618001038922,34102.3948907751970786738,13.096938951486660143003972,175455.06372288032,0.399770501606922,516.658940716261,1.0297747279021474,0.8718179240206082,0.8247960476599208,0.03970907668809503,0.02744949876220792,0.31708640911860086,0.4037484148145051,-0.024605239036413092,0.02245582877644866,0.48149674451624824,0.5752432708789308,-0.050451858101238346,0.043925279008524165,1706108.00,1.9330432696180010389220,31073.58652701648364216020,12.9156254128565843080428840
battleship,bow,471864.0,2.100113492222444763726,6775.8083612977196717549,5.46621188567135753236322,152918.28339345168,0.6805896405788179,251.47810868667946,0.9929018105809437,-1.0,-1.0,-1.0,-1.0,0.0,0.0,-0.023382524035019968,-0.0019634036290132792,0.0,0.0,-0.04788471353518648,-0.003934532333087813,471864.00,2.1001134922224447637260,6466.17731299713025065090,5.444789186569951166634320
battleship,cano,471864.0,2.100113492222444763726,6775.8083612977196717549,5.46621188567135753236322,152918.28339345168,0.6805896405788179,251.47810868667946,0.9929018105809437,-1.0,-1.0,-1.0,-1.0,0.0,0.0,-0.023382524035019968,-0.0019634036290132792,0.0,0.0,-0.04788471353518648,-0.003934532333087813,471864.00,2.1001134922224447637260,6466.17731299713025065090,5.444789186569951166634320
battleship,courtesi,471864.0,2.100113492222444763726,6775.8083612977196717549,5.46621188567135753236322,152918.28339345168,0.6805896405788179,251.47810868667946,0.9929018105809437,-1.0,-1.0,-1.0,-1.0,0.0,0.0,-0.023382524035019968,-0.0019634036290132792,0.0,0.0,-0.04788471353518648,-0.003934532333087813,471864.00,2.1001134922224447637260,6466.17731299713025065090,5.444789186569951166634320
battleship,gate,471864.0,2.100113492222444763726,6775.8083612977196717549,5.46621188567135753236322,152918.28339345168,0.6805896405788179,251.47810868667946,0.9929018105809437,-1.0,-1.0,-1.0,-1.0,0.0,0.0,-0.023382524035019968,-0.0019634036290132792,0.0,0.0,-0.04788471353518648,-0.003934532333087813,471864.00,2.1001134922224447637260,6466.17731299713025065090,5.444789186569951166634320
battleship,keel,471864.0,2.100113492222444763726,6775.8083612977196717549,5.46621188567135753236322,152918.28339345168,0.6805896405788179,251.47810868667946,0.9929018105809437,-1.0,-1.0,-1.0,-1.0,0.0,0.0,-0.023382524035019968,-0.0019634036290132792,0.0,0.0,-0.04788471353518648,-0.003934532333087813,471864.00,2.1001134922224447637260,6466.17731299713025065090,5.444789186569951166634320
battleship,sailor,471864.0,2.100113492222444763726,6775.8083612977196717549,5.46621188567135753236322,152918.28339345168,0.6805896405788179,251.47810868667946,0.9929018105809437,-1.0,-1.0,-1.0,-1.0,0.0,0.0,-0.023382524035019968,-0.0019634036290132792,0.0,0.0,-0.04788471353518648,-0.003934532333087813,471864.00,2.1001134922224447637260,6466.17731299713025065090,5.444789186569951166634320
battleship,vehicl,471864.0,2.100113492222444763726,6775.8083612977196717549,5.46621188567135753236322,152918.28339345168,0.6805896405788179,251.47810868667946,0.9929018105809437,-1.0,-1.0,-1.0,-1.0,0.0,0.0,-0.023382524035019968,-0.0019634036290132792,0.0,0.0,-0.04788471353518648,-0.003934532333087813,471864.00,2.1001134922224447637260,6466.17731299713025065090,5.444789186569951166634320
battleship,yacht,471864.0,2.100113492222444763726,6775.8083612977196717549,5.46621188567135753236322,152918.28339345168,0.6805896405788179,251.47810868667946,0.9929018105809437,-1.0,-1.0,-1.0,-1.0,0.0,0.0,-0.023382524035019968,-0.0019634036290132792,0.0,0.0,-0.04788471353518648,-0.003934532333087813,471864.00,2.1001134922224447637260,6466.17731299713025065090,5.444789186569951166634320
blous,barrel,1538245.0,1.416233639490605390540,20651.028061474238238558,7.18528731501327639291302,358286.0097115153,0.32986728350315175,392.99506247839423,0.3271522052308006,-1.0,-1.0,-1.0,-1.0,0.0,0.0,-0.04012553491236998,-0.00920083102761992,0.0,0.0,-0.08360579715745808,-0.01857254490264193,1538245.00,1.4162336394906053905400,19057.6943346432191413460,7.054271540079716804128120
bookcas,balconi,305049.0,1.332341880789842649666,10315.649974090565620041,4.47981567531718292699289,45854.44494266614,0.2002753571311038,300.40485881533687,0.3871557271561258,-1.0,-1.0,-1.0,-1.0,0.0,0.0,-0.014164972767904033,-0.0019787671523262508,0.0,0.0,-0.028737004420860697,-0.003965380870064648,305049.00,1.3323418807898426496660,10027.4899510374657585390,4.462121663433104246974110
bottl,artefact,61672.0,1.48732666103943084755,4662.345568320919939163,1.7564980722030318424857,7939.278304732742,0.19146939116683329,204.39301332967935,0.17504562413491154,-1.0,-1.0,-1.0,-1.0,0.0,0.0,-0.005729097334971033,-9.83802233241896E-4,0.0,0.0,-0.011524218036784235,-0.0019695421064065384,61672.00,1.487326661039430847550,4609.2278219199028855430,1.75304537552150098402390
bull,auto,114750.0,1.79316487740846655212,8586.92942853348091006,5.9769948338544571680071,13618.212144037117,0.21280784060814648,299.2060341484738,0.4755529544758083,-1.0,-1.0,-1.0,-1.0,0.0,0.0,-0.007678877000755704,-6.488772514515306E-4,0.0,0.0,-0.015476596885384556,-0.001298597133041492,114750.00,1.793164877408466552120,8456.058421110689386580,5.96924319175921121136810
butterfli,affidavit,129997.0,1.25388955871714492320,5423.691722798387314530,2.1329913114029063447900,27033.964803557763,0.2607568343723922,213.87130413389167,0.20551715410949498,-1.0,-1.0,-1.0,-1.0,0.0,0.0,-0.011869984900665506,-0.0016923394764597215,0.0,0.0,-0.02402514794467051,-0.003390416688923757,129997.00,1.253889558717144923200,5296.4438751180326242100,2.12578401779193716531980
car,back,26723042.0,1.2889372335388243534362,55706.66911177486796046132,9.386543940367872266575839,9321421.86098548,0.44960179706138786,514.2859089587847,0.42696472718674255,-1.0,-1.0,-1.0,-1.0,0.0,0.0,-0.4180922943185469,-0.18309794339439361,0.0,0.0,-1.4369711562039984,-0.44827391953253903,26723042.00,1.28893723353882435343620,22858.977616521152168810080,6.4811937947467684207892010
carrot,answer,95179532.0,1.55684659123344173594336,188451.738923151559377112961,33.8631885668572411169087996,1.0559711255375026E7,0.17272464075931804,968.286097518908,0.4420221740166589,-1.0,-1.0,-1.0,-1.0,0.0,0.0,-0.17113710609541727,-0.09354916803266233,0.0,0.0,-0.41294430563595313,-0.2064075948380468,95179532.00,1.556846591233441735943360,133375.2067731581167850672390,28.06944246020199934955114040
cherri,bather,15518.0,1.4211924168879934040,2610.52295297939288598,1.6275110793676944743578,1938.3910854107846,0.1775245979861512,170.74174731001423,0.22012083068166627,-1.0,-1.0,-1.0,-1.0,0.0,0.0,-0.003318872120754959,-2.399325953363485E-4,0.0,0.0,-0.0066598474234520946,-4.799803536046478E-4,15518.00,1.42119241688799340400,2593.252288408077106820,1.62673028079230039804920
chisel,bark,2151117.0,1.683378500098211286167,39249.8776384180878269144,13.36423033992487448897030,330202.80846625153,0.2584035682132285,558.0395010501583,0.43010456127708996,-1.0,-1.0,-1.0,-1.0,0.0,0.0,-0.03358750196188811,-0.006699749204610339,0.0,0.0,-0.06950965975724278,-0.013489877203283667,2151117.00,1.6833785000982112861670,36698.94636325867484073940,13.186348122986042690587900
clarinet,armament,261120.0,1.57838425967902803007,10050.257855708894024115,3.4145176596368326449059,44091.6623184021,0.26651955341011335,281.8763889955199,0.30476803477340403,-1.0,-1.0,-1.0,-1.0,0.0,0.0,-0.013162794986896029,-0.002232084275097607,0.0,0.0,-0.026676730305727064,-0.00447415524175468,261120.00,1.578384259679028030070,9789.1162417951133184650,3.39930862513335037103150
clarinet,ballpark,6949.0,1.6385286489035604611,783.873336930254377075,0.4449236800153213433978,1631.1777953368542,0.3846210316757496,91.41101025776011,0.10508131514617712,-1.0,-1.0,-1.0,-1.0,0.0,0.0,-0.006558446780673381,-4.821887775792789E-4,0.0,0.0,-0.01320348793428302,-9.648427915247593E-4,6949.00,1.63852864890356046110,773.6583482636973182050,0.44449481239970733556220
cloak,apparel,244048.0,1.74893400505944488225,11862.399712790229853374,4.9564404904768022850493,42593.7720095321,0.30524198629458077,329.0083203334165,0.3931132749349932,-1.0,-1.0,-1.0,-1.0,0.0,0.0,-0.011680847177174044,-0.0020341738104237253,0.0,0.0,-0.023637803929654384,-0.004076640215608562,244048.00,1.748934005059444882250,11588.4736449274671069920,4.93631690247518366479550
cockroach,antenna,453030.0,1.531836763676570534332,14226.7830229253603828401,8.12575724903347094878808,46679.89335891846,0.15783938540867734,358.9686078543784,0.5228078352532752,-1.0,-1.0,-1.0,-1.0,0.0,0.0,-0.013509499744095523,-0.0015291118938040174,0.0,0.0,-0.027389011329741215,-0.0030629073156139596,453030.00,1.5318367636765705343320,13847.51332361609668463110,8.100944805924021358483240
coconut,appl,1609141.0,1.889736657913650500245,29610.3765227543390142507,14.806174836244925279399573,288321.62815335236,0.33859801595431255,505.2161074144759,0.7814460887506719,-1.0,-1.0,-1.0,-1.0,0.0,0.0,-0.02163553301832426,-0.0031773823381505153,0.0,0.0,-0.04422796155929789,-0.006375020554014703,1609141.00,1.8897366579136505002450,28356.23792197492680292530,14.7123830916371997529724730
cottag,accommod,4622957.0,1.5336598846178089293917,33730.60367773296785810262,7.399603411602641195778133,500928.49177003297,0.16618236615434706,437.94659358562956,0.22656408792945562,-1.0,-1.0,-1.0,-1.0,0.0,0.0,-0.11473130853989856,-0.03189783745150717,0.0,0.0,-0.25920109825790544,-0.06589766800548673,4622957.00,1.53365988461780892939170,26787.304843046106992367220,6.9421330336980825287870130
cypress,bark,2151117.0,1.683378500098211286167,39249.8776384180878269144,13.36423033992487448897030,330202.80846625153,0.2584035682132285,558.0395010501583,0.43010456127708996,-1.0,-1.0,-1.0,-1.0,0.0,0.0,-0.03358750196188811,-0.006699749204610339,0.0,0.0,-0.06950965975724278,-0.013489877203283667,2151117.00,1.6833785000982112861670,36698.94636325867484073940,13.186348122986042690587900
dagger,arm,14728171.0,1.7217455173236940934237,95602.03978645566173206563,22.860404856936642892434798,2318725.797731806,0.2710625608670312,764.9217514907918,0.5047294159834467,-1.0,-1.0,-1.0,-1.0,0.0,0.0,-0.08056922478551427,-0.02617679884701819,0.0,0.0,-0.17525892532087364,-0.05376088558174734,14728171.00,1.72174551732369409342370,81345.512658288494372653070,21.6941102765606564423285420
dishwash,applianc,630380.0,1.703131332234620275567,14738.6331971666081237725,5.57441019274700156814043,85744.66700617597,0.23166094887249333,337.4324266733737,0.36561951647829954,-1.0,-1.0,-1.0,-1.0,0.0,0.0,-0.01624001810814874,-0.002653953222453812,0.0,0.0,-0.03301622023070678,-0.005322030865874109,630380.00,1.7031313322346202755670,14267.57190112172922288250,5.544900063461074420724630
dress,amplifi,2018655.0,1.606070056989826475372,22141.8138202166149241002,10.10678398313063851348200,200141.7058011648,0.15923553100560414,404.0201341665173,0.5084597761283316,-1.0,-1.0,-1.0,-1.0,0.0,0.0,-0.07522490428681573,-0.0101350510210528,0.0,0.0,-0.16268799762347075,-0.020477644008927032,2018655.00,1.6060700569898264753720,19043.64185875693806437600,9.903973930703988480847140
eleph,basic,929097.0,1.669977514276008227102,14673.88910085216820862534,5.216193187551354480486754,186416.2240766613,0.3350682463771406,333.7762992199616,0.39050477687680074,-1.0,-1.0,-1.0,-1.0,0.0,0.0,-0.04487151604949205,-0.0074803579941345845,0.0,0.0,-0.09395912027227776,-0.015073470947168172,929097.00,1.6699775142760082271020,13413.562562739961687339340,5.1387346205433864674633940
elm,bark,2151117.0,1.683378500098211286167,39249.8776384180878269144,13.36423033992487448897030,330202.80846625153,0.2584035682132285,558.0395010501583,0.43010456127708996,-1.0,-1.0,-1.0,-1.0,0.0,0.0,-0.03358750196188811,-0.006699749204610339,0.0,0.0,-0.06950965975724278,-0.013489877203283667,2151117.00,1.6833785000982112861670,36698.94636325867484073940,13.186348122986042690587900
flute,artefact,61672.0,1.48732666103943084755,4662.345568320919939163,1.7564980722030318424857,7939.278304732742,0.19146939116683329,204.39301332967935,0.17504562413491154,-1.0,-1.0,-1.0,-1.0,0.0,0.0,-0.005729097334971033,-9.83802233241896E-4,0.0,0.0,-0.011524218036784235,-0.0019695421064065384,61672.00,1.487326661039430847550,4609.2278219199028855430,1.75304537552150098402390
fox,altar,897100.0,1.437706336741562235647,24428.078220395589464487,8.12472713447437438803497,176293.66796910207,0.2825309592761019,451.3291790696022,0.3016052652562023,-1.0,-1.0,-1.0,-1.0,0.0,0.0,-0.02149078219149896,-0.004313352451367726,0.0,0.0,-0.04392555900419695,-0.008664076116692222,897100.00,1.4377063367415622356470,23400.2108768153841154890,8.054938533901375611328370
frigat,artefact,61672.0,1.48732666103943084755,4662.345568320919939163,1.7564980722030318424857,7939.278304732742,0.19146939116683329,204.39301332967935,0.17504562413491154,-1.0,-1.0,-1.0,-1.0,0.0,0.0,-0.005729097334971033,-9.83802233241896E-4,0.0,0.0,-0.011524218036784235,-0.0019695421064065384,61672.00,1.487326661039430847550,4609.2278219199028855430,1.75304537552150098402390
frog,bandanna,12857.0,1.5586131652321493443,974.20708299779481998,1.1078926082354512092246,4146.833611323223,0.5027074325764604,107.51164205151055,0.2669538479699438,-1.0,-1.0,-1.0,-1.0,0.0,0.0,-0.009215955398265365,-4.428354498787082E-4,0.0,0.0,-0.01860335851889884,-8.86063279988631E-4,12857.00,1.55861316523214934430,956.414560044590402380,1.10691181432259436464460
gorilla,accordionist,68.0,1.0000000000000000,27.359519709529673,0.016621552950403764,48.41487374764082,0.7119834374653061,19.368024291588288,0.012197146267412064,-1.0,-1.0,-1.0,-1.0,0.0,0.0,0.0,0.0,0.0,0.0,0.0,0.0,68.00,1.00000000000000000,27.3595197095296730,0.0166215529504037640
gorilla,baboon,77297.0,1.59533146206554942913,6052.820084607935730770,4.7805148031086626230731,10477.047341689356,0.21623560104204897,258.79153736621697,0.5081066168471695,-1.0,-1.0,-1.0,-1.0,0.0,0.0,-0.005470765920064009,-4.1788031712224456E-4,0.0,0.0,-0.011001719673178138,-8.361100281682091E-4,77297.00,1.595331462065549429130,5986.9533026754919409980,4.77652110591225228450570
grasshopp,arthropod,50626.0,1.5833489710389691489,3903.68089345485228207,3.047678096883454595149,7489.323200396682,0.23423166323877784,208.5388897278937,0.34872353177268545,-1.0,-1.0,-1.0,-1.0,0.0,0.0,-0.005629636999161291,-3.8911648866840094E-4,0.0,0.0,-0.011323018482111665,-7.785359184997108E-4,50626.00,1.58334897103896914890,3859.974332744707322670,3.0453072158330622051490
grenad,artifact,404501.0,1.470084134396976264437,12675.243015535378625412,4.13976978745471405014983,49199.76275349303,0.17880744581596927,313.8560856582166,0.2404717841671273,-1.0,-1.0,-1.0,-1.0,0.0,0.0,-0.01586374178798698,-0.0032002232578740085,0.0,0.0,-0.03223891337325251,-0.006420995133713624,404501.00,1.4700841343969762644370,12279.3694863856320240080,4.113357936163386629907970
gun,ammo,3806.0,1.4774844720496894010,610.4140007529738715,0.490635946112346780589,766.8324458445926,0.2976834028899816,84.05262442424106,0.12272982080483053,-1.0,-1.0,-1.0,-1.0,0.0,0.0,0.0,0.0,0.0,0.0,0.0,0.0,3806.00,1.47748447204968940100,610.41400075297387150,0.4906359461123467805890
helicopt,artifact,404501.0,1.470084134396976264437,12675.243015535378625412,4.13976978745471405014983,49199.76275349303,0.17880744581596927,313.8560856582166,0.2404717841671273,-1.0,-1.0,-1.0,-1.0,0.0,0.0,-0.01586374178798698,-0.0032002232578740085,0.0,0.0,-0.03223891337325251,-0.006420995133713624,404501.00,1.4700841343969762644370,12279.3694863856320240080,4.113357936163386629907970
hornet,ant,751973.0,1.665440427360270721279,26794.879127429637366275,11.8475994180886312800598,104830.63305637336,0.232174791272897,499.84023280381183,0.5242204748477238,-1.0,-1.0,-1.0,-1.0,0.0,0.0,-0.020032736760080688,-0.003171086479005974,0.0,0.0,-0.04088450198601419,-0.0063623485153637424,751973.00,1.6654404273602707212790,25742.4133766088736601130,11.77269741417373643992320
hors,assur,37360994.0,1.5128344961791822091354,83941.794273070732260320996,15.6046861403454767557310104,5005476.885101358,0.2026835287521755,636.4281173138716,0.3240841189484897,-1.0,-1.0,-1.0,-1.0,0.0,0.0,-0.222062567870603,-0.10377798803967275,0.0,0.0,-0.5709008429193738,-0.23158991110400592,37360994.00,1.51283449617918220913540,53435.4505260005298332337560,12.67035885862147545013419380
hotel,arteri,8927952.0,1.9304360348267409374830,31038.4968563061219424655,20.09603906604399890782953,1241425.3440888019,0.2684257508078235,487.67985420854103,1.0647476642433484,-1.0,-1.0,-1.0,-1.0,0.0,0.0,-0.07653359449632105,-0.009237631998501207,0.0,0.0,-0.16575285043439764,-0.01864752295171395,8927952.00,1.93043603482674093748300,26625.28068856118441108750,19.728157790844197325707630
hotel,audienc,2297497.0,1.324472184894828976870,28425.3038426728221867731,7.20075882959264289592587,225122.99582006276,0.12977999368176235,422.73543431009676,0.2547984587896748,-1.0,-1.0,-1.0,-1.0,0.0,0.0,-0.04832496188982907,-0.013054731316161567,0.0,0.0,-0.10155769554656476,-0.02645482324176087,2297497.00,1.3244721848948289768700,25804.64369464453127786170,7.015173650654324432931110
hotel,bar,7079268.0,1.6068834382871393533188,72615.86868274966617453793,18.552963286234866278907236,693608.6620551967,0.15743834979958335,683.914000873591,0.4393302027188296,-1.0,-1.0,-1.0,-1.0,0.0,0.0,-0.07417898067502751,-0.019824153250636252,0.0,0.0,-0.16024475384910214,-0.04045019741382262,7079268.00,1.60688343828713935331880,62586.681337577383798882130,17.8316687644932210987096560
jet,ambul,152508.0,1.58804602488676004443,7798.5824458808932710252,3.4910001849100267001955,23315.70166218465,0.24278337754136145,266.3591845896556,0.2739534719508455,-1.0,-1.0,-1.0,-1.0,0.0,0.0,-0.014516066429285667,-0.0019730232149957677,0.0,0.0,-0.029459772878669774,-0.003953847462824241,152508.00,1.588046024886760044430,7575.41251376319665288480,3.47725166224764746789090
mackerel,anim,13560998.0,1.5605524593578500099084,88968.5550471211617976072,23.07794015664906597079634,1438141.548496531,0.16549632485831559,736.4989618508077,0.5004885846093539,-1.0,-1.0,-1.0,-1.0,0.0,0.0,-0.09252083143555387,-0.02840004144891754,0.0,0.0,-0.2039073394531223,-0.05846035953165264,13560998.00,1.56055245935785000990840,73899.83608500578842491860,21.803310770051501146869100
moth,ant,751973.0,1.665440427360270721279,26794.879127429637366275,11.8475994180886312800598,104830.63305637336,0.232174791272897,499.84023280381183,0.5242204748477238,-1.0,-1.0,-1.0,-1.0,0.0,0.0,-0.020032736760080688,-0.003171086479005974,0.0,0.0,-0.04088450198601419,-0.0063623485153637424,751973.00,1.6654404273602707212790,25742.4133766088736601130,11.77269741417373643992320
mug,bag,3727257.0,1.6705901388641128997158,38641.029271738462018813126,16.1374334414062653468258093,430606.4197605512,0.19300167350508904,540.7189433933819,0.7007352210685891,-1.0,-1.0,-1.0,-1.0,0.0,0.0,-0.05451689883565965,-0.010075363844945798,0.0,0.0,-0.1153207260257182,-0.020355819982578294,3727257.00,1.67059013886411289971580,34645.6659237653559602628740,15.81549605085978563999365070
pear,banana,268873.0,2.09326025520253480208,10052.622657366212628572,8.5595916560071754180140,76531.76967116336,0.5958237224003935,327.6617595959514,0.698769826126893,-1.0,-1.0,-1.0,-1.0,0.0,0.0,-0.008742359349443061,-7.694454144125764E-4,0.0,0.0,-0.017638924515538664,-0.0015400758331127894,268873.00,2.093260255202534802080,9878.3786814678941043320,8.54642950646486681325400
penguin,aviat,329482.0,1.775953515448136086090,9259.6365333060288608364,4.005872722208700847460214,53505.34728417338,0.2884012164688848,280.32911789619226,0.2922465984897169,-1.0,-1.0,-1.0,-1.0,0.0,0.0,-0.014292515427833753,-0.0023244296196561357,0.0,0.0,-0.028999506753339174,-0.0046596903616072174,329482.00,1.7759535154481360860900,8998.67927295872897883560,3.9872931706525090674424660
piano,bagpip,12445.0,1.6020854788877445913,1991.88776084783203642,2.130745743147041749061,1957.6202389636248,0.2520108443568003,159.3185923042575,0.34145402845353096,-1.0,-1.0,-1.0,-1.0,0.0,0.0,-0.0019849455480350484,-8.540487288011604E-5,0.0,0.0,-0.003977786786242481,-1.7082433499084678E-4,12445.00,1.60208547888774459130,1983.995848378193316620,2.1303818220890068059810
pistol,anthropologist,722204.0,1.376410565255259660199,9703.045069020374922280,4.53657859422995877958332,239291.42107062676,0.45605291598572667,279.59676975720697,0.3911353200538221,-1.0,-1.0,-1.0,-1.0,0.0,0.0,-0.042076132553596664,-0.006220021546041413,0.0,0.0,-0.08784859420146114,-0.012517904729209805,722204.00,1.3764105652552596601990,8919.4811858381149519260,4.480492219486461465227740
pistol,artefact,61672.0,1.48732666103943084755,4662.345568320919939163,1.7564980722030318424857,7939.278304732742,0.19146939116683329,204.39301332967935,0.17504562413491154,-1.0,-1.0,-1.0,-1.0,0.0,0.0,-0.005729097334971033,-9.83802233241896E-4,0.0,0.0,-0.011524218036784235,-0.0019695421064065384,61672.00,1.487326661039430847550,4609.2278219199028855430,1.75304537552150098402390
pistol,back,26723042.0,1.2889372335388243534362,55706.66911177486796046132,9.386543940367872266575839,9321421.86098548,0.44960179706138786,514.2859089587847,0.42696472718674255,-1.0,-1.0,-1.0,-1.0,0.0,0.0,-0.4180922943185469,-0.18309794339439361,0.0,0.0,-1.4369711562039984,-0.44827391953253903,26723042.00,1.28893723353882435343620,22858.977616521152168810080,6.4811937947467684207892010
pub,barman,20942.0,1.6493659919666062926,1713.78966807177697321,2.839447935886905197776,4047.1758054228385,0.3187505556763675,147.32980011370861,0.5740891903437276,-1.0,-1.0,-1.0,-1.0,0.0,0.0,-0.002495900073181453,-8.083979047318714E-5,0.0,0.0,-0.005004290355026237,-1.6169265214649483E-4,20942.00,1.64936599196660629260,1705.256071560019237690,2.8389888922435039061520
rabbit,audit,660253.0,1.660696319697366060327,12935.984707281888821958,4.59880635634989437942946,97206.6340482994,0.2444982444823113,310.18482290753116,0.2583203346623857,-1.0,-1.0,-1.0,-1.0,0.0,0.0,-0.039482540559093796,-0.006731816821466251,0.0,0.0,-0.08221097944867263,-0.01355488262983301,660253.00,1.6606963196973660603270,11953.2927986667316499140,4.537303736742447762059140
rifl,arm,14728171.0,1.7217455173236940934237,95602.03978645566173206563,22.860404856936642892434798,2318725.797731806,0.2710625608670312,764.9217514907918,0.5047294159834467,-1.0,-1.0,-1.0,-1.0,0.0,0.0,-0.08056922478551427,-0.02617679884701819,0.0,0.0,-0.17525892532087364,-0.05376088558174734,14728171.00,1.72174551732369409342370,81345.512658288494372653070,21.6941102765606564423285420
rifl,ayri,788.0,1.836829836829836886,184.4443679811502498,1.54227184204233444006,286.083903776497,0.6668622465652612,56.067390178433854,0.8373766395144172,-1.0,-1.0,-1.0,-1.0,0.0,0.0,0.0,0.0,0.0,0.0,0.0,0.0,788.00,1.8368298368298368860,184.44436798115024980,1.542271842042334440060
robe,abus,10752560.0,1.8312743639880394354253,51569.2906070812730676898,13.98284565607692994103003,1527655.1435307644,0.260175781522015,546.5693835099709,0.6265148667648034,-1.0,-1.0,-1.0,-1.0,0.0,0.0,-0.10894519246346733,-0.028524695706092805,0.0,0.0,-0.24453084488633015,-0.05872448960877142,10752560.00,1.83127436398803943542530,41436.73161575306685996580,13.207256272350879628415730
robin,addict,1491092.0,1.752475468620166416440,20053.2410292463848915850,6.672400659845598921359543,311609.0354819642,0.36623306307225384,390.02247825436154,0.3367651809818134,-1.0,-1.0,-1.0,-1.0,0.0,0.0,-0.043042288869316804,-0.008795141140336414,0.0,0.0,-0.08995651190993725,-0.017746364057284435,1491092.00,1.7524754686201664164400,18398.20287334856284025600,6.5560545293876766269570770
saw,artefact,61672.0,1.48732666103943084755,4662.345568320919939163,1.7564980722030318424857,7939.278304732742,0.19146939116683329,204.39301332967935,0.17504562413491154,-1.0,-1.0,-1.0,-1.0,0.0,0.0,-0.005729097334971033,-9.83802233241896E-4,0.0,0.0,-0.011524218036784235,-0.0019695421064065384,61672.00,1.487326661039430847550,4609.2278219199028855430,1.75304537552150098402390
scarf,astrophysicist,1495.0,1.497995991983967936,390.7120942609830179,0.39604072614017508827,409.2444257409012,0.4100645548506024,70.97481231659492,0.16357693862746253,-1.0,-1.0,-1.0,-1.0,0.0,0.0,0.0,0.0,0.0,0.0,0.0,0.0,1495.00,1.4979959919839679360,390.71209426098301790,0.396040726140175088270
scarf,backup,157080.0,1.68528114841159997800,5239.74929009662311947,3.1076439722042800104312,27537.691152309773,0.2954465989926698,214.68453160104687,0.40532936359550015,-1.0,-1.0,-1.0,-1.0,0.0,0.0,-0.013309678159524939,-0.001591523903566759,0.0,0.0,-0.02697843054687792,-0.003188121779152521,157080.00,1.685281148411599978000,5102.102570261768659630,3.09776791086090455591820
shirt,back,26723042.0,1.2889372335388243534362,55706.66911177486796046132,9.386543940367872266575839,9321421.86098548,0.44960179706138786,514.2859089587847,0.42696472718674255,-1.0,-1.0,-1.0,-1.0,0.0,0.0,-0.4180922943185469,-0.18309794339439361,0.0,0.0,-1.4369711562039984,-0.44827391953253903,26723042.00,1.28893723353882435343620,22858.977616521152168810080,6.4811937947467684207892010
siev,attrit,49016.0,1.55947949476631351962,3822.173512675859094241,1.47456101625324590916407,9736.068405675876,0.309760058721513,187.34515741673482,0.1594862065542963,-1.0,-1.0,-1.0,-1.0,0.0,0.0,-0.007734911861089354,-0.0010735679311471395,0.0,0.0,-0.015590414201908345,-0.002149443435836808,49016.00,1.559479494766313519620,3763.4990043495794973810,1.471398328773961468070870
snake,attest,1807314.0,1.527249957325554484434,20680.5236875372569676679,5.03255779302328979206614,298625.53309789166,0.25235008010787063,362.4159792037387,0.2425018827817548,-1.0,-1.0,-1.0,-1.0,0.0,0.0,-0.06857079048856587,-0.01725080009673134,0.0,0.0,-0.14723779282063434,-0.03510722796503793,1807314.00,1.5272499573255544844340,18026.36194253283909705890,4.861870980185321327751460
stove,artefact,61672.0,1.48732666103943084755,4662.345568320919939163,1.7564980722030318424857,7939.278304732742,0.19146939116683329,204.39301332967935,0.17504562413491154,-1.0,-1.0,-1.0,-1.0,0.0,0.0,-0.005729097334971033,-9.83802233241896E-4,0.0,0.0,-0.011524218036784235,-0.0019695421064065384,61672.00,1.487326661039430847550,4609.2278219199028855430,1.75304537552150098402390
swan,bandwagon,13404.0,1.6537939543491671794,1603.55480775471406028,1.769746100634667843264,2146.7617473767323,0.2648688152222988,134.08290023061033,0.42049673953928673,-1.0,-1.0,-1.0,-1.0,0.0,0.0,-0.00613482001838492,-2.4232997020889188E-4,0.0,0.0,-0.012345376700888958,-4.8477741651468574E-4,13404.00,1.65379395434916717940,1583.999734340176547220,1.7688885833971062719640
sword,arm,14728171.0,1.7217455173236940934237,95602.03978645566173206563,22.860404856936642892434798,2318725.797731806,0.2710625608670312,764.9217514907918,0.5047294159834467,-1.0,-1.0,-1.0,-1.0,0.0,0.0,-0.08056922478551427,-0.02617679884701819,0.0,0.0,-0.17525892532087364,-0.05376088558174734,14728171.00,1.72174551732369409342370,81345.512658288494372653070,21.6941102765606564423285420
tanker,audienc,2297497.0,1.324472184894828976870,28425.3038426728221867731,7.20075882959264289592587,225122.99582006276,0.12977999368176235,422.73543431009676,0.2547984587896748,-1.0,-1.0,-1.0,-1.0,0.0,0.0,-0.04832496188982907,-0.013054731316161567,0.0,0.0,-0.10155769554656476,-0.02645482324176087,2297497.00,1.3244721848948289768700,25804.64369464453127786170,7.015173650654324432931110
truck,ambul,152508.0,1.58804602488676004443,7798.5824458808932710252,3.4910001849100267001955,23315.70166218465,0.24278337754136145,266.3591845896556,0.2739534719508455,-1.0,-1.0,-1.0,-1.0,0.0,0.0,-0.014516066429285667,-0.0019730232149957677,0.0,0.0,-0.029459772878669774,-0.003953847462824241,152508.00,1.588046024886760044430,7575.41251376319665288480,3.47725166224764746789090
truck,artifact,404501.0,1.470084134396976264437,12675.243015535378625412,4.13976978745471405014983,49199.76275349303,0.17880744581596927,313.8560856582166,0.2404717841671273,-1.0,-1.0,-1.0,-1.0,0.0,0.0,-0.01586374178798698,-0.0032002232578740085,0.0,0.0,-0.03223891337325251,-0.006420995133713624,404501.00,1.4700841343969762644370,12279.3694863856320240080,4.113357936163386629907970
trumpet,advanc,33758330.0,1.6270688437436348916160,94087.912993355750786570896,17.5623361883348804762761112,4723484.644855109,0.22766039373230895,685.4457302418368,0.31462743207829236,-1.0,-1.0,-1.0,-1.0,0.0,0.0,-0.1833530434079733,-0.07662433124880473,0.0,0.0,-0.449038698859858,-0.16596567105224697,33758330.00,1.62706884374363489161600,64931.2630969667080266764040,15.06248136146704056439643080
trumpet,bass,682424.0,1.891141268050979201552,19968.160116502577375366,13.4922549759836511412592,115183.69059029147,0.31919837327191813,442.88780399931306,0.7869260051821043,-1.0,-1.0,-1.0,-1.0,0.0,0.0,-0.012290289497995599,-0.0012801342880448543,0.0,0.0,-0.024886440554986643,-0.002563550264682655,682424.00,1.8911412680509792015520,19483.2903689208840531760,13.45775534371024831498440
van,acceler,3971616.0,1.5951283636183997344640,28919.9401262974767484936,8.48664971857871246002836,442816.34076443024,0.17784924449570486,421.1437090802841,0.35008351233563684,-1.0,-1.0,-1.0,-1.0,0.0,0.0,-0.10805032167955252,-0.02310282922683972,0.0,0.0,-0.2422789632774186,-0.04729838496421297,3971616.00,1.59512836361839973446400,23279.74712700599951275700,8.103373251042211869544240
vest,affin,1242845.0,1.563238558823714387270,14242.4858747316375089661,4.31941242825490507399816,264677.89878831967,0.33290933065212625,320.53940169674183,0.2547256360615107,-1.0,-1.0,-1.0,-1.0,0.0,0.0,-0.046372707522266236,-0.010930995387226583,0.0,0.0,-0.09725541181142106,-0.022103605180724746,1242845.00,1.5632385588237143872700,12980.10082376281896663790,4.226002536691142826538240
vultur,amus,7008807.0,1.7815668713487231505361,43642.2069144823460478392,9.039982886527749648243695,819517.4823022386,0.20831294069886386,512.394732729147,0.21579102681518858,-1.0,-1.0,-1.0,-1.0,0.0,0.0,-0.07928776080822986,-0.025820057157728997,0.0,0.0,-0.1722313605341689,-0.0530088046822157,7008807.00,1.78156687134872315053610,37230.02846007738774969640,8.5849072166646302309208750
washer,ammunit,257794.0,1.68051263999165589965,8660.118936117955984391,3.45094818095498798574766,49291.4474325922,0.32132206511383293,268.70604408602946,0.2610985322557517,-1.0,-1.0,-1.0,-1.0,0.0,0.0,-0.015773339574300254,-0.0025175934852684134,0.0,0.0,-0.0320522501747269,-0.005047895519410811,257794.00,1.680512639991655899650,8391.1632716771791717330,3.433615647910521613519660
wrench,artefact,61672.0,1.48732666103943084755,4662.345568320919939163,1.7564980722030318424857,7939.278304732742,0.19146939116683329,204.39301332967935,0.17504562413491154,-1.0,-1.0,-1.0,-1.0,0.0,0.0,-0.005729097334971033,-9.83802233241896E-4,0.0,0.0,-0.011524218036784235,-0.0019695421064065384,61672.00,1.487326661039430847550,4609.2278219199028855430,1.75304537552150098402390
