w1,w2,c1,c2,c3,c4,c5,c6,c7,c8,c9,c10,c11,c12,c13,c14,c15,c16,c17,c18,c19,c20,c21,c22,c23,c24
acacia,crown,37702.0,1.7794034359071172423,4857.83067807791419368,5.1639482930921967207067,7389.790660093153,0.34877244950411335,249.19320425489062,0.4692971981150297,-1.0,-1.0,-1.0,-1.0,0.0,0.0,-0.002496623428041559,-1.2736710049681424E-4,0.0,0.0,-0.005005744314613769,-2.5476664988312737E-4,37702.00,1.77940343590711724230,4833.634738466913828520,5.16263302637149206464130
acacia,leaf,37702.0,1.7794034359071172423,4857.83067807791419368,5.1639482930921967207067,7389.790660093153,0.34877244950411335,249.19320425489062,0.4692971981150297,-1.0,-1.0,-1.0,-1.0,0.0,0.0,-0.002496623428041559,-1.2736710049681424E-4,0.0,0.0,-0.005005744314613769,-2.5476664988312737E-4,37702.00,1.77940343590711724230,4833.634738466913828520,5.16263302637149206464130
acacia,manuscript,37702.0,1.7794034359071172423,4857.83067807791419368,5.1639482930921967207067,7389.790660093153,0.34877244950411335,249.19320425489062,0.4692971981150297,-1.0,-1.0,-1.0,-1.0,0.0,0.0,-0.002496623428041559,-1.2736710049681424E-4,0.0,0.0,-0.005005744314613769,-2.5476664988312737E-4,37702.00,1.77940343590711724230,4833.634738466913828520,5.16263302637149206464130
allig,altern,2704269.0,1.5969411201131434333115,51198.3456236036740703118,15.07789759076759971441291,147981.37393266763,0.0944140356463162,590.3890245521595,0.5785797014044138,0.9166845566375642,0.9405609695811992,0.035901480321580616,0.03384956709823793,0.29460065822028025,0.35463906293113445,-0.07294974092993332,0.0021096486171526384,0.45512205845048015,0.5235919628122567,-0.15738033664563114,0.004210414738674194,2704269.00,1.59694112011314343331150,42817.73453507932039521320,14.497960961870874787616590
allig,clone,57264.0,1.69676138552253400797,6079.266891488532029888,5.4214742859426736839351,9021.613824588148,0.26731499672844083,267.07502808229503,0.5153505161037774,-1.0,-1.0,-1.0,-1.0,0.0,0.0,-0.003382634104725252,-2.7148839711104095E-4,0.0,0.0,-0.006788230308803794,-5.431242461531022E-4,57264.00,1.696761385522534007970,6038.2776719826064923680,5.41853135018784595895170
allig,courthous,57264.0,1.69676138552253400797,6079.266891488532029888,5.4214742859426736839351,9021.613824588148,0.26731499672844083,267.07502808229503,0.5153505161037774,-1.0,-1.0,-1.0,-1.0,0.0,0.0,-0.003382634104725252,-2.7148839711104095E-4,0.0,0.0,-0.006788230308803794,-5.431242461531022E-4,57264.00,1.696761385522534007970,6038.2776719826064923680,5.41853135018784595895170
allig,crocodil,57264.0,1.69676138552253400797,6079.266891488532029888,5.4214742859426736839351,9021.613824588148,0.26731499672844083,267.07502808229503,0.5153505161037774,-1.0,-1.0,-1.0,-1.0,0.0,0.0,-0.003382634104725252,-2.7148839711104095E-4,0.0,0.0,-0.006788230308803794,-5.431242461531022E-4,57264.00,1.696761385522534007970,6038.2776719826064923680,5.41853135018784595895170
allig,lizard,57264.0,1.69676138552253400797,6079.266891488532029888,5.4214742859426736839351,9021.613824588148,0.26731499672844083,267.07502808229503,0.5153505161037774,-1.0,-1.0,-1.0,-1.0,0.0,0.0,-0.003382634104725252,-2.7148839711104095E-4,0.0,0.0,-0.006788230308803794,-5.431242461531022E-4,57264.00,1.696761385522534007970,6038.2776719826064923680,5.41853135018784595895170
ambul,belt,152508.0,1.58804602488676004443,7798.5824458808932710252,3.4910001849100267001955,23315.70166218465,0.24278337754136145,266.3591845896556,0.2739534719508455,-1.0,-1.0,-1.0,-1.0,0.0,0.0,-0.014516066429285667,-0.0019730232149957677,0.0,0.0,-0.029459772878669774,-0.003953847462824241,152508.00,1.588046024886760044430,7575.41251376319665288480,3.47725166224764746789090
ambul,dump,152508.0,1.58804602488676004443,7798.5824458808932710252,3.4910001849100267001955,23315.70166218465,0.24278337754136145,266.3591845896556,0.2739534719508455,-1.0,-1.0,-1.0,-1.0,0.0,0.0,-0.014516066429285667,-0.0019730232149957677,0.0,0.0,-0.029459772878669774,-0.003953847462824241,152508.00,1.588046024886760044430,7575.41251376319665288480,3.47725166224764746789090
ambul,fender,152508.0,1.58804602488676004443,7798.5824458808932710252,3.4910001849100267001955,23315.70166218465,0.24278337754136145,266.3591845896556,0.2739534719508455,-1.0,-1.0,-1.0,-1.0,0.0,0.0,-0.014516066429285667,-0.0019730232149957677,0.0,0.0,-0.029459772878669774,-0.003953847462824241,152508.00,1.588046024886760044430,7575.41251376319665288480,3.47725166224764746789090
ambul,review,152508.0,1.58804602488676004443,7798.5824458808932710252,3.4910001849100267001955,23315.70166218465,0.24278337754136145,266.3591845896556,0.2739534719508455,-1.0,-1.0,-1.0,-1.0,0.0,0.0,-0.014516066429285667,-0.0019730232149957677,0.0,0.0,-0.029459772878669774,-0.003953847462824241,152508.00,1.588046024886760044430,7575.41251376319665288480,3.47725166224764746789090
ambul,roof,152508.0,1.58804602488676004443,7798.5824458808932710252,3.4910001849100267001955,23315.70166218465,0.24278337754136145,266.3591845896556,0.2739534719508455,-1.0,-1.0,-1.0,-1.0,0.0,0.0,-0.014516066429285667,-0.0019730232149957677,0.0,0.0,-0.029459772878669774,-0.003953847462824241,152508.00,1.588046024886760044430,7575.41251376319665288480,3.47725166224764746789090
ant,dragonfli,751973.0,1.665440427360270721279,26794.879127429637366275,11.8475994180886312800598,104830.63305637336,0.232174791272897,499.84023280381183,0.5242204748477238,-1.0,-1.0,-1.0,-1.0,0.0,0.0,-0.020032736760080688,-0.003171086479005974,0.0,0.0,-0.04088450198601419,-0.0063623485153637424,751973.00,1.6654404273602707212790,25742.4133766088736601130,11.77269741417373643992320
ant,grasshopp,751973.0,1.665440427360270721279,26794.879127429637366275,11.8475994180886312800598,104830.63305637336,0.232174791272897,499.84023280381183,0.5242204748477238,-1.0,-1.0,-1.0,-1.0,0.0,0.0,-0.020032736760080688,-0.003171086479005974,0.0,0.0,-0.04088450198601419,-0.0063623485153637424,751973.00,1.6654404273602707212790,25742.4133766088736601130,11.77269741417373643992320
ant,ladybug,751973.0,1.665440427360270721279,26794.879127429637366275,11.8475994180886312800598,104830.63305637336,0.232174791272897,499.84023280381183,0.5242204748477238,-1.0,-1.0,-1.0,-1.0,0.0,0.0,-0.020032736760080688,-0.003171086479005974,0.0,0.0,-0.04088450198601419,-0.0063623485153637424,751973.00,1.6654404273602707212790,25742.4133766088736601130,11.77269741417373643992320
ant,leg,751973.0,1.665440427360270721279,26794.879127429637366275,11.8475994180886312800598,104830.63305637336,0.232174791272897,499.84023280381183,0.5242204748477238,-1.0,-1.0,-1.0,-1.0,0.0,0.0,-0.020032736760080688,-0.003171086479005974,0.0,0.0,-0.04088450198601419,-0.0063623485153637424,751973.00,1.6654404273602707212790,25742.4133766088736601130,11.77269741417373643992320
ant,mosquito,751973.0,1.665440427360270721279,26794.879127429637366275,11.8475994180886312800598,104830.63305637336,0.232174791272897,499.84023280381183,0.5242204748477238,-1.0,-1.0,-1.0,-1.0,0.0,0.0,-0.020032736760080688,-0.003171086479005974,0.0,0.0,-0.04088450198601419,-0.0063623485153637424,751973.00,1.6654404273602707212790,25742.4133766088736601130,11.77269741417373643992320
ant,nowt,751973.0,1.665440427360270721279,26794.879127429637366275,11.8475994180886312800598,104830.63305637336,0.232174791272897,499.84023280381183,0.5242204748477238,-1.0,-1.0,-1.0,-1.0,0.0,0.0,-0.020032736760080688,-0.003171086479005974,0.0,0.0,-0.04088450198601419,-0.0063623485153637424,751973.00,1.6654404273602707212790,25742.4133766088736601130,11.77269741417373643992320
appl,stem,1609141.0,1.889736657913650500245,29610.3765227543390142507,14.806174836244925279399573,288321.62815335236,0.33859801595431255,505.2161074144759,0.7814460887506719,-1.0,-1.0,-1.0,-1.0,0.0,0.0,-0.02163553301832426,-0.0031773823381505153,0.0,0.0,-0.04422796155929789,-0.006375020554014703,1609141.00,1.8897366579136505002450,28356.23792197492680292530,14.7123830916371997529724730
appl,sub-committe,1609141.0,1.889736657913650500245,29610.3765227543390142507,14.806174836244925279399573,288321.62815335236,0.33859801595431255,505.2161074144759,0.7814460887506719,-1.0,-1.0,-1.0,-1.0,0.0,0.0,-0.02163553301832426,-0.0031773823381505153,0.0,0.0,-0.04422796155929789,-0.006375020554014703,1609141.00,1.8897366579136505002450,28356.23792197492680292530,14.7123830916371997529724730
apricot,coconut,82561.0,2.34295362960440432978,4272.11412561570771519,4.2219892429931473802005,24483.457823599998,0.6948027079743458,225.7464113778296,0.4850594684308219,-1.0,-1.0,-1.0,-1.0,0.0,0.0,-0.007305072642206739,-4.8677550845147407E-4,0.0,0.0,-0.01471765885144651,-9.740251484898488E-4,82561.00,2.342953629604404329780,4210.150565873950425310,4.21788092090285247943750
ax,hairbrush,1676824.0,1.654560237444940852677,29088.4513832101791976026,11.88348728758296671566194,241785.93921897112,0.238575665069792,487.52846190223516,0.4889393110797997,-1.0,-1.0,-1.0,-1.0,0.0,0.0,-0.03895059149115472,-0.006909932202378395,0.0,0.0,-0.08105845786137068,-0.013916023181467457,1676824.00,1.6545602374449408526770,26907.38060618395465096660,11.720386122605045410223900
ax,skunk,1676824.0,1.654560237444940852677,29088.4513832101791976026,11.88348728758296671566194,241785.93921897112,0.238575665069792,487.52846190223516,0.4889393110797997,-1.0,-1.0,-1.0,-1.0,0.0,0.0,-0.03895059149115472,-0.006909932202378395,0.0,0.0,-0.08105845786137068,-0.013916023181467457,1676824.00,1.6545602374449408526770,26907.38060618395465096660,11.720386122605045410223900
ax,steel,1676824.0,1.654560237444940852677,29088.4513832101791976026,11.88348728758296671566194,241785.93921897112,0.238575665069792,487.52846190223516,0.4889393110797997,-1.0,-1.0,-1.0,-1.0,0.0,0.0,-0.03895059149115472,-0.006909932202378395,0.0,0.0,-0.08105845786137068,-0.013916023181467457,1676824.00,1.6545602374449408526770,26907.38060618395465096660,11.720386122605045410223900
ax,utensil,1676824.0,1.654560237444940852677,29088.4513832101791976026,11.88348728758296671566194,241785.93921897112,0.238575665069792,487.52846190223516,0.4889393110797997,-1.0,-1.0,-1.0,-1.0,0.0,0.0,-0.03895059149115472,-0.006909932202378395,0.0,0.0,-0.08105845786137068,-0.013916023181467457,1676824.00,1.6545602374449408526770,26907.38060618395465096660,11.720386122605045410223900
bag,backpack,2024170.0,1.4057137687145489982251,38555.904807698274558959126,15.6099178147946250601050793,199908.85752262204,0.22329683012684726,544.8324425224408,0.8022387996285115,0.8202955138253557,0.6305826601881768,0.11791249894019895,0.08438591521620341,0.25451854929118917,0.3872047575993799,-0.024616409782764363,0.04568741666470546,0.40576291109444934,0.5582517728232926,-0.0504753412496551,0.08738255034268028,2024170.00,1.40571376871454899822510,34691.8171766940994104488740,15.31973299711328243813492070
bag,siren,3727257.0,1.6705901388641128997158,38641.029271738462018813126,16.1374334414062653468258093,430606.4197605512,0.19300167350508904,540.7189433933819,0.7007352210685891,-1.0,-1.0,-1.0,-1.0,0.0,0.0,-0.05451689883565965,-0.010075363844945798,0.0,0.0,-0.1153207260257182,-0.020355819982578294,3727257.00,1.67059013886411289971580,34645.6659237653559602628740,15.81549605085978563999365070
banana,groom,268873.0,2.09326025520253480208,10052.622657366212628572,8.5595916560071754180140,76531.76967116336,0.5958237224003935,327.6617595959514,0.698769826126893,-1.0,-1.0,-1.0,-1.0,0.0,0.0,-0.008742359349443061,-7.694454144125764E-4,0.0,0.0,-0.017638924515538664,-0.0015400758331127894,268873.00,2.093260255202534802080,9878.3786814678941043320,8.54642950646486681325400
banana,papaya,268873.0,2.09326025520253480208,10052.622657366212628572,8.5595916560071754180140,76531.76967116336,0.5958237224003935,327.6617595959514,0.698769826126893,-1.0,-1.0,-1.0,-1.0,0.0,0.0,-0.008742359349443061,-7.694454144125764E-4,0.0,0.0,-0.017638924515538664,-0.0015400758331127894,268873.00,2.093260255202534802080,9878.3786814678941043320,8.54642950646486681325400
battleship,air,9917062.0,1.6392983030710662993095,111041.07314905342472376150,34.000047042329413940079075,789769.6129644391,0.35524359895756974,869.2791782160399,1.0593558309423623,0.2594763897782862,0.8401563465623362,0.05768653640447835,0.1815709243026427,0.11193856232912962,0.4039890685001301,-0.04133307462900432,0.022682167858782257,0.20133947345913922,0.5754874842889031,-0.08623031323002779,0.044358195677299296,9917062.00,1.63929830307106629930950,98731.867319420324886522300,33.0000199991179953033982690
battleship,arrow,908389.0,1.535901943928588544856,29720.2360742831248241728,14.382052084682071247626786,72729.21322962322,0.19539749732978684,501.97445156923976,0.8440654331031109,0.9068335286341003,0.9574872630790221,0.06830293160311972,0.5971715323273907,0.3343048223179136,0.47321432137324465,0.018011590556673483,0.07091778258424349,0.5010921293639177,0.6424242752841851,0.035385826102086536,0.13244300120427732,908389.00,1.5359019439285885448560,28469.84664172795898689880,14.3003918808871551093111260
battleship,artifact,478155.0,1.931297230258636798010,17937.897416582987016278,9.14115746683949624792433,89966.49672516987,0.39632702931585423,393.40550604642374,1.0199620424933238,0.4420559653675149,0.39470698605711935,0.043103539031361375,0.006772584671286526,0.2775586982141238,0.2693137340852288,0.02091435623374135,0.0215986334959723,0.4345142005641198,0.42434541887206206,0.04097181336717916,0.04228399057673065,478155.00,1.9312972302586367980100,17542.8865838501320412540,9.120041882319501302163470
battleship,goon,471864.0,2.100113492222444763726,6775.8083612977196717549,5.46621188567135753236322,152918.28339345168,0.6805896405788179,251.47810868667946,0.9929018105809437,-1.0,-1.0,-1.0,-1.0,0.0,0.0,-0.023382524035019968,-0.0019634036290132792,0.0,0.0,-0.04788471353518648,-0.003934532333087813,471864.00,2.1001134922224447637260,6466.17731299713025065090,5.444789186569951166634320
battleship,porthol,471864.0,2.100113492222444763726,6775.8083612977196717549,5.46621188567135753236322,152918.28339345168,0.6805896405788179,251.47810868667946,0.9929018105809437,-1.0,-1.0,-1.0,-1.0,0.0,0.0,-0.023382524035019968,-0.0019634036290132792,0.0,0.0,-0.04788471353518648,-0.003934532333087813,471864.00,2.1001134922224447637260,6466.17731299713025065090,5.444789186569951166634320
battleship,superfluid,471864.0,2.100113492222444763726,6775.8083612977196717549,5.46621188567135753236322,152918.28339345168,0.6805896405788179,251.47810868667946,0.9929018105809437,-1.0,-1.0,-1.0,-1.0,0.0,0.0,-0.023382524035019968,-0.0019634036290132792,0.0,0.0,-0.04788471353518648,-0.003934532333087813,471864.00,2.1001134922224447637260,6466.17731299713025065090,5.444789186569951166634320
beetl,antenna,453030.0,1.531836763676570534332,14226.7830229253603828401,8.12575724903347094878808,46679.89335891846,0.15783938540867734,358.9686078543784,0.5228078352532752,-1.0,-1.0,-1.0,-1.0,0.0,0.0,-0.013509499744095523,-0.0015291118938040174,0.0,0.0,-0.027389011329741215,-0.0030629073156139596,453030.00,1.5318367636765705343320,13847.51332361609668463110,8.100944805924021358483240
bomber,artefact,61672.0,1.48732666103943084755,4662.345568320919939163,1.7564980722030318424857,7939.278304732742,0.19146939116683329,204.39301332967935,0.17504562413491154,-1.0,-1.0,-1.0,-1.0,0.0,0.0,-0.005729097334971033,-9.83802233241896E-4,0.0,0.0,-0.011524218036784235,-0.0019695421064065384,61672.00,1.487326661039430847550,4609.2278219199028855430,1.75304537552150098402390
bookcas,arm,14728171.0,1.7217455173236940934237,95602.03978645566173206563,22.860404856936642892434798,2318725.797731806,0.2710625608670312,764.9217514907918,0.5047294159834467,-1.0,-1.0,-1.0,-1.0,0.0,0.0,-0.08056922478551427,-0.02617679884701819,0.0,0.0,-0.17525892532087364,-0.05376088558174734,14728171.00,1.72174551732369409342370,81345.512658288494372653070,21.6941102765606564423285420
bowl,artefact,61672.0,1.48732666103943084755,4662.345568320919939163,1.7564980722030318424857,7939.278304732742,0.19146939116683329,204.39301332967935,0.17504562413491154,-1.0,-1.0,-1.0,-1.0,0.0,0.0,-0.005729097334971033,-9.83802233241896E-4,0.0,0.0,-0.011524218036784235,-0.0019695421064065384,61672.00,1.487326661039430847550,4609.2278219199028855430,1.75304537552150098402390
cabbag,axl,140456.0,1.65166570632298122337,7823.192547082567427116,4.38220848626622733904773,22072.192369585762,0.25955376203372293,275.19474539872664,0.40424273755697776,-1.0,-1.0,-1.0,-1.0,0.0,0.0,-0.006662756225422004,-8.55296951797351E-4,0.0,0.0,-0.013414892610095286,-0.001712058221773084,140456.00,1.651665706322981223370,7719.6344795502124983960,4.374718713125476300318330
car,antibiot,714138.0,1.489109084312327183783,14069.9853946542671265116,8.28330978676330293376070,109466.88686538958,0.22825859380489677,366.2612708200561,0.623597576920822,-1.0,-1.0,-1.0,-1.0,0.0,0.0,-0.025081716293341383,-0.0026771770131090405,0.0,0.0,-0.051453986887968095,-0.005368727058889798,714138.00,1.4891090843123271837830,13381.45612657552959871640,8.239076434170908311874380
carp,barbel,20275.0,1.6497152156224572520,2348.9615366366169710,2.330246189954281310087,2959.635957343403,0.24081659539002462,165.67778035084058,0.407804099880846,-1.0,-1.0,-1.0,-1.0,0.0,0.0,-0.0033843954213312617,-2.0345803859790813E-4,0.0,0.0,-0.00679177690131002,-4.0699888439054587E-4,20275.00,1.64971521562245725200,2333.11553642821627540,2.3292981681984116144590
cello,artifact,404501.0,1.470084134396976264437,12675.243015535378625412,4.13976978745471405014983,49199.76275349303,0.17880744581596927,313.8560856582166,0.2404717841671273,-1.0,-1.0,-1.0,-1.0,0.0,0.0,-0.01586374178798698,-0.0032002232578740085,0.0,0.0,-0.03223891337325251,-0.006420995133713624,404501.00,1.4700841343969762644370,12279.3694863856320240080,4.113357936163386629907970
chair,artefact,61672.0,1.48732666103943084755,4662.345568320919939163,1.7564980722030318424857,7939.278304732742,0.19146939116683329,204.39301332967935,0.17504562413491154,-1.0,-1.0,-1.0,-1.0,0.0,0.0,-0.005729097334971033,-9.83802233241896E-4,0.0,0.0,-0.011524218036784235,-0.0019695421064065384,61672.00,1.487326661039430847550,4609.2278219199028855430,1.75304537552150098402390
cherri,auction,233197.0,1.52227299432077813581,10161.8678112308190348834,3.67537112819003922101923,25453.90573173398,0.16615905562852654,288.4744457394295,0.27914253536294226,-1.0,-1.0,-1.0,-1.0,0.0,0.0,-0.01644698142104492,-0.002728925233683711,0.0,0.0,-0.03344401595108243,-0.005472785289241766,233197.00,1.522272994320778135810,9833.01238807678786190940,3.655366094401803896731030
cloak,artifact,404501.0,1.470084134396976264437,12675.243015535378625412,4.13976978745471405014983,49199.76275349303,0.17880744581596927,313.8560856582166,0.2404717841671273,-1.0,-1.0,-1.0,-1.0,0.0,0.0,-0.01586374178798698,-0.0032002232578740085,0.0,0.0,-0.03223891337325251,-0.006420995133713624,404501.00,1.4700841343969762644370,12279.3694863856320240080,4.113357936163386629907970
coconut,apricot,82561.0,2.34295362960440432978,4272.11412561570771519,4.2219892429931473802005,24483.457823599998,0.6948027079743458,225.7464113778296,0.4850594684308219,-1.0,-1.0,-1.0,-1.0,0.0,0.0,-0.007305072642206739,-4.8677550845147407E-4,0.0,0.0,-0.01471765885144651,-9.740251484898488E-4,82561.00,2.342953629604404329780,4210.150565873950425310,4.21788092090285247943750
cow,barrio,204435.0,1.61338310499400214699,7010.0952979184672383124,5.87029080468008842819841,33140.507886874635,0.2615419840810234,271.4980828059267,0.6173901382538809,-1.0,-1.0,-1.0,-1.0,0.0,0.0,-0.01253005711720961,-0.0010046804550090634,0.0,0.0,-0.025378103318526808,-0.002011381705905613,204435.00,1.613383104994002146990,6836.59547169092246858240,5.858507110653801422547470
dress,apparel,244048.0,1.74893400505944488225,11862.399712790229853374,4.9564404904768022850493,42593.7720095321,0.30524198629458077,329.0083203334165,0.3931132749349932,-1.0,-1.0,-1.0,-1.0,0.0,0.0,-0.011680847177174044,-0.0020341738104237253,0.0,0.0,-0.023637803929654384,-0.004076640215608562,244048.00,1.748934005059444882250,11588.4736449274671069920,4.93631690247518366479550
dress,artifact,404501.0,1.470084134396976264437,12675.243015535378625412,4.13976978745471405014983,49199.76275349303,0.17880744581596927,313.8560856582166,0.2404717841671273,-1.0,-1.0,-1.0,-1.0,0.0,0.0,-0.01586374178798698,-0.0032002232578740085,0.0,0.0,-0.03223891337325251,-0.006420995133713624,404501.00,1.4700841343969762644370,12279.3694863856320240080,4.113357936163386629907970
dresser,acceler,3971616.0,1.5951283636183997344640,28919.9401262974767484936,8.48664971857871246002836,442816.34076443024,0.17784924449570486,421.1437090802841,0.35008351233563684,-1.0,-1.0,-1.0,-1.0,0.0,0.0,-0.10805032167955252,-0.02310282922683972,0.0,0.0,-0.2422789632774186,-0.04729838496421297,3971616.00,1.59512836361839973446400,23279.74712700599951275700,8.103373251042211869544240
dresser,artefact,61672.0,1.48732666103943084755,4662.345568320919939163,1.7564980722030318424857,7939.278304732742,0.19146939116683329,204.39301332967935,0.17504562413491154,-1.0,-1.0,-1.0,-1.0,0.0,0.0,-0.005729097334971033,-9.83802233241896E-4,0.0,0.0,-0.011524218036784235,-0.0019695421064065384,61672.00,1.487326661039430847550,4609.2278219199028855430,1.75304537552150098402390
fork,ax,1676824.0,1.654560237444940852677,29088.4513832101791976026,11.88348728758296671566194,241785.93921897112,0.238575665069792,487.52846190223516,0.4889393110797997,-1.0,-1.0,-1.0,-1.0,0.0,0.0,-0.03895059149115472,-0.006909932202378395,0.0,0.0,-0.08105845786137068,-0.013916023181467457,1676824.00,1.6545602374449408526770,26907.38060618395465096660,11.720386122605045410223900
fox,audit,660253.0,1.660696319697366060327,12935.984707281888821958,4.59880635634989437942946,97206.6340482994,0.2444982444823113,310.18482290753116,0.2583203346623857,-1.0,-1.0,-1.0,-1.0,0.0,0.0,-0.039482540559093796,-0.006731816821466251,0.0,0.0,-0.08221097944867263,-0.01355488262983301,660253.00,1.6606963196973660603270,11953.2927986667316499140,4.537303736742447762059140
fridg,artefact,61672.0,1.48732666103943084755,4662.345568320919939163,1.7564980722030318424857,7939.278304732742,0.19146939116683329,204.39301332967935,0.17504562413491154,-1.0,-1.0,-1.0,-1.0,0.0,0.0,-0.005729097334971033,-9.83802233241896E-4,0.0,0.0,-0.011524218036784235,-0.0019695421064065384,61672.00,1.487326661039430847550,4609.2278219199028855430,1.75304537552150098402390
gorilla,arm,14728171.0,1.7217455173236940934237,95602.03978645566173206563,22.860404856936642892434798,2318725.797731806,0.2710625608670312,764.9217514907918,0.5047294159834467,-1.0,-1.0,-1.0,-1.0,0.0,0.0,-0.08056922478551427,-0.02617679884701819,0.0,0.0,-0.17525892532087364,-0.05376088558174734,14728171.00,1.72174551732369409342370,81345.512658288494372653070,21.6941102765606564423285420
grasshopp,ant,751973.0,1.665440427360270721279,26794.879127429637366275,11.8475994180886312800598,104830.63305637336,0.232174791272897,499.84023280381183,0.5242204748477238,-1.0,-1.0,-1.0,-1.0,0.0,0.0,-0.020032736760080688,-0.003171086479005974,0.0,0.0,-0.04088450198601419,-0.0063623485153637424,751973.00,1.6654404273602707212790,25742.4133766088736601130,11.77269741417373643992320
grasshopp,barbecu,31194.0,1.6230813257713720911,3566.41541334673046344,2.4978182310755769312896,4097.444813539287,0.2131976072396736,197.90201937466549,0.34269465813292416,-1.0,-1.0,-1.0,-1.0,0.0,0.0,-0.006301311990040261,-4.491237116147572E-4,0.0,0.0,-0.012682540625387451,-8.986510287149773E-4,31194.00,1.62308132577137209110,3521.750667434506957980,2.49557557951381086978040
guitar,adam,6109278.0,1.7857699697377063200330,65008.2183775603763344054,24.77022517725698583609842,919707.3727550519,0.26883468180893627,707.5076809239325,0.7360739792785365,-1.0,-1.0,-1.0,-1.0,0.0,0.0,-0.03664509964901913,-0.007539132553931389,0.0,0.0,-0.07607808842964967,-0.01519280568377891,6109278.00,1.78576996973770632003300,60412.17554427546887610020,24.399527891229590872403720
hammer,ax,1676824.0,1.654560237444940852677,29088.4513832101791976026,11.88348728758296671566194,241785.93921897112,0.238575665069792,487.52846190223516,0.4889393110797997,-1.0,-1.0,-1.0,-1.0,0.0,0.0,-0.03895059149115472,-0.006909932202378395,0.0,0.0,-0.08105845786137068,-0.013916023181467457,1676824.00,1.6545602374449408526770,26907.38060618395465096660,11.720386122605045410223900
hat,accessori,236552.0,1.59394098661114368343,13354.274603712961177260,4.20580325163322587102095,32411.125281298086,0.21839350759262088,337.72335669870625,0.21352513127857348,-1.0,-1.0,-1.0,-1.0,0.0,0.0,-0.009938030683313236,-0.0018054081977423233,0.0,0.0,-0.02007557302735745,-0.003617347183744259,236552.00,1.593940986611143683430,13091.4561203347355902780,4.190644236506225963609950
hat,artifact,404501.0,1.470084134396976264437,12675.243015535378625412,4.13976978745471405014983,49199.76275349303,0.17880744581596927,313.8560856582166,0.2404717841671273,-1.0,-1.0,-1.0,-1.0,0.0,0.0,-0.01586374178798698,-0.0032002232578740085,0.0,0.0,-0.03223891337325251,-0.006420995133713624,404501.00,1.4700841343969762644370,12279.3694863856320240080,4.113357936163386629907970
hornet,analogu,304551.0,1.55771001268464341722,12758.318024969930228044,6.1718059932404566568038,53611.49273243565,0.2742107529585685,347.702751721989,0.35938702532015826,-1.0,-1.0,-1.0,-1.0,0.0,0.0,-0.009011842129643479,-0.0010240583881075945,0.0,0.0,-0.018187587930435047,-0.002050216317432491,304551.00,1.557710012684643417220,12530.4199110327480015840,6.15917834529495608911020
jet,abattoir,5570.0,1.6493929523245483959,1176.812315002617291089,1.2128373989409310490924,1218.8330484524943,0.36092183845202674,123.47490236507014,0.26416621515396355,-1.0,-1.0,-1.0,-1.0,0.0,0.0,-5.5216690015400904E-5,-2.919136533678749E-6,0.0,0.0,-1.1043947813323134E-4,-5.838290110123453E-6,5570.00,1.64939295232454839590,1176.6823628165392549110,1.21283031808567971158760
lemon,appl,1609141.0,1.889736657913650500245,29610.3765227543390142507,14.806174836244925279399573,288321.62815335236,0.33859801595431255,505.2161074144759,0.7814460887506719,-1.0,-1.0,-1.0,-1.0,0.0,0.0,-0.02163553301832426,-0.0031773823381505153,0.0,0.0,-0.04422796155929789,-0.006375020554014703,1609141.00,1.8897366579136505002450,28356.23792197492680292530,14.7123830916371997529724730
lion,airman,12965.0,1.5581059968753755315,2162.74423441324237602,1.532047870375544018936,1584.5046544582947,0.19042238366281633,155.5319522489385,0.2427502950815459,-1.0,-1.0,-1.0,-1.0,0.0,0.0,-0.0028226382067918256,-2.2513308227289618E-4,0.0,0.0,-0.005661256091325458,-4.503675571820965E-4,12965.00,1.55810599687537553150,2150.569310802643316580,1.5313581963254941249060
lion,archaeologist,146363.0,1.53986890972024955111,6387.416806854503380260,3.1178536095799488304515,19715.328528837657,0.20742278749737142,238.56705026269043,0.3040542246434825,-1.0,-1.0,-1.0,-1.0,0.0,0.0,-0.013912149671251178,-0.0017550037573638819,0.0,0.0,-0.02821685647300704,-0.003516178421068301,146363.00,1.539868909720249551110,6212.1300255323981415940,3.10692909254893893460450
lizard,allig,57264.0,1.69676138552253400797,6079.266891488532029888,5.4214742859426736839351,9021.613824588148,0.26731499672844083,267.07502808229503,0.5153505161037774,-1.0,-1.0,-1.0,-1.0,0.0,0.0,-0.003382634104725252,-2.7148839711104095E-4,0.0,0.0,-0.006788230308803794,-5.431242461531022E-4,57264.00,1.696761385522534007970,6038.2776719826064923680,5.41853135018784595895170
mug,architect,1710140.0,1.703180803237969670951,32029.5800882650191697015,12.00278511741692682870430,306408.46866233967,0.30516157845278163,520.8431893491868,0.5026508356640108,-1.0,-1.0,-1.0,-1.0,0.0,0.0,-0.025617594972019878,-0.00491620879879068,0.0,0.0,-0.052582219957644345,-0.009880994630323763,1710140.00,1.7031808032379696709510,30429.52795607157573554950,11.885346076653969356014600
mug,artifact,404501.0,1.470084134396976264437,12675.243015535378625412,4.13976978745471405014983,49199.76275349303,0.17880744581596927,313.8560856582166,0.2404717841671273,-1.0,-1.0,-1.0,-1.0,0.0,0.0,-0.01586374178798698,-0.0032002232578740085,0.0,0.0,-0.03223891337325251,-0.006420995133713624,404501.00,1.4700841343969762644370,12279.3694863856320240080,4.113357936163386629907970
musket,android,2461.0,1.770503597122302159,847.99435146306682884,2.331782810329393387289,448.9264973244507,0.3229687031111156,114.55405081752808,0.6580524865755673,-1.0,-1.0,-1.0,-1.0,0.0,0.0,0.0,0.0,0.0,0.0,0.0,0.0,2461.00,1.7705035971223021590,847.994351463066828840,2.3317828103293933872890
musket,artefact,61672.0,1.48732666103943084755,4662.345568320919939163,1.7564980722030318424857,7939.278304732742,0.19146939116683329,204.39301332967935,0.17504562413491154,-1.0,-1.0,-1.0,-1.0,0.0,0.0,-0.005729097334971033,-9.83802233241896E-4,0.0,0.0,-0.011524218036784235,-0.0019695421064065384,61672.00,1.487326661039430847550,4609.2278219199028855430,1.75304537552150098402390
oak,bark,2151117.0,1.683378500098211286167,39249.8776384180878269144,13.36423033992487448897030,330202.80846625153,0.2584035682132285,558.0395010501583,0.43010456127708996,-1.0,-1.0,-1.0,-1.0,0.0,0.0,-0.03358750196188811,-0.006699749204610339,0.0,0.0,-0.06950965975724278,-0.013489877203283667,2151117.00,1.6833785000982112861670,36698.94636325867484073940,13.186348122986042690587900
onion,acquaint,12383045.0,1.6703182967914034445283,44255.72847711410870112912,9.474223520542148626338676,3616232.87936922,0.48778470431699705,520.996893873261,0.32545846858860056,-1.0,-1.0,-1.0,-1.0,0.0,0.0,-0.12777503161223555,-0.04621181929609729,0.0,0.0,-0.2929864111742114,-0.09690163965335076,12383045.00,1.67031829679140344452830,34227.527911081257922563320,8.6372589647475117924990560
peach,abbess,29721.0,1.4288942307692307981,3520.78324191142276372,2.2880262487711111299286,7866.364026664416,0.37819057820502,197.92414067228424,0.27949590794067364,-1.0,-1.0,-1.0,-1.0,0.0,0.0,-0.008492996219042499,-5.567266826212941E-4,0.0,0.0,-0.017131490118891306,-0.0011140735997419685,29721.00,1.42889423076923079810,3461.482882119678101080,2.28548005577823179979140
peach,banana,268873.0,2.09326025520253480208,10052.622657366212628572,8.5595916560071754180140,76531.76967116336,0.5958237224003935,327.6617595959514,0.698769826126893,-1.0,-1.0,-1.0,-1.0,0.0,0.0,-0.008742359349443061,-7.694454144125764E-4,0.0,0.0,-0.017638924515538664,-0.0015400758331127894,268873.00,2.093260255202534802080,9878.3786814678941043320,8.54642950646486681325400
pear,apricot,82561.0,2.34295362960440432978,4272.11412561570771519,4.2219892429931473802005,24483.457823599998,0.6948027079743458,225.7464113778296,0.4850594684308219,-1.0,-1.0,-1.0,-1.0,0.0,0.0,-0.007305072642206739,-4.8677550845147407E-4,0.0,0.0,-0.01471765885144651,-9.740251484898488E-4,82561.00,2.342953629604404329780,4210.150565873950425310,4.21788092090285247943750
phone,artifact,404501.0,1.470084134396976264437,12675.243015535378625412,4.13976978745471405014983,49199.76275349303,0.17880744581596927,313.8560856582166,0.2404717841671273,-1.0,-1.0,-1.0,-1.0,0.0,0.0,-0.01586374178798698,-0.0032002232578740085,0.0,0.0,-0.03223891337325251,-0.006420995133713624,404501.00,1.4700841343969762644370,12279.3694863856320240080,4.113357936163386629907970
pub,ars,7957.0,1.6185923515052888767,1233.5203597290584225,1.617275424630538079292,1578.268354875051,0.3210472650274717,126.40751688545396,0.36879890768751156,-1.0,-1.0,-1.0,-1.0,0.0,0.0,-0.008958801268601504,-2.413358654773613E-4,0.0,0.0,-0.01807957384631313,-4.8278824507368975E-4,7957.00,1.61859235150528887670,1211.61487904998251090,1.6164949998463918453780
rabbit,acreag,198451.0,1.59907013472571393158,4947.899068755722209145,1.8250811885889354084630,46713.33262570762,0.3764047301110973,197.219169312071,0.17250547179115838,-1.0,-1.0,-1.0,-1.0,0.0,0.0,-0.01991636085597059,-0.003447079495342492,0.0,0.0,-0.0406421657510064,-0.006918005906995647,198451.00,1.599070134725713931580,4754.6594128106875386750,1.81254201224157044730700
radio,affin,1242845.0,1.563238558823714387270,14242.4858747316375089661,4.31941242825490507399816,264677.89878831967,0.33290933065212625,320.53940169674183,0.2547256360615107,-1.0,-1.0,-1.0,-1.0,0.0,0.0,-0.046372707522266236,-0.010930995387226583,0.0,0.0,-0.09725541181142106,-0.022103605180724746,1242845.00,1.5632385588237143872700,12980.10082376281896663790,4.226002536691142826538240
shirt,apron,254176.0,1.72208295505359150643,10832.829913862604880829,6.5854038598313128101619,43096.541554978634,0.29198594530399213,330.60614779674887,0.47429233898491474,-1.0,-1.0,-1.0,-1.0,0.0,0.0,-0.008697273511862894,-0.0010149986593625563,0.0,0.0,-0.017547159468983813,-0.0020320598567554636,254176.00,1.722082955053591506430,10646.0224600457979134810,6.57204906275426250246390
sofa,automobil,573231.0,1.788803420136992722160,15318.1200730266803263763,6.844892383697203495286983,128198.30759023303,0.40005088886187773,357.3362663310678,0.45055772752062034,-1.0,-1.0,-1.0,-1.0,0.0,0.0,-0.01731900271398094,-0.002445244660504977,0.0,0.0,-0.035248473842096846,-0.004902477076905505,573231.00,1.7888034201369927221600,14796.56378161742113357170,6.8114991651805448906529370
spade,barangai,12737.0,1.5578522504892367361,1067.81985438901042798,2.1093957508741007084405,3059.5439202600114,0.37421036206702685,120.78582713285684,0.4433772485853051,-1.0,-1.0,-1.0,-1.0,0.0,0.0,-0.005668924416543323,-1.456990326565706E-4,0.0,0.0,-0.011402488679571627,-2.9144052791613546E-4,12737.00,1.55785225048923673610,1055.781319841415497080,2.10878116657765371300350
stereo,applianc,630380.0,1.703131332234620275567,14738.6331971666081237725,5.57441019274700156814043,85744.66700617597,0.23166094887249333,337.4324266733737,0.36561951647829954,-1.0,-1.0,-1.0,-1.0,0.0,0.0,-0.01624001810814874,-0.002653953222453812,0.0,0.0,-0.03301622023070678,-0.005322030865874109,630380.00,1.7031313322346202755670,14267.57190112172922288250,5.544900063461074420724630
televis,approach,60326466.0,1.63420821102691663627349,151542.98332083166245694877,30.811129312580647092783191,7510973.397257908,0.20346781789942092,878.7386704837046,0.4224273664901991,-1.0,-1.0,-1.0,-1.0,0.0,0.0,-0.15995491169603257,-0.06971791977533047,0.0,0.0,-0.38082458649684625,-0.1498855481737176,60326466.00,1.634208211026916636273490,109748.178590371427466755030,26.7949530816486894432957390
toaster,artefact,61672.0,1.48732666103943084755,4662.345568320919939163,1.7564980722030318424857,7939.278304732742,0.19146939116683329,204.39301332967935,0.17504562413491154,-1.0,-1.0,-1.0,-1.0,0.0,0.0,-0.005729097334971033,-9.83802233241896E-4,0.0,0.0,-0.011524218036784235,-0.0019695421064065384,61672.00,1.487326661039430847550,4609.2278219199028855430,1.75304537552150098402390
train,anyth,16342309.0,1.1415130958245872137985,65421.5612251210777221450,16.25054173061839482085359,1692513.3762659011,0.11822235057884496,604.3687465226479,0.5282976483309132,-1.0,-1.0,-1.0,-1.0,0.0,0.0,-0.1559258756489691,-0.05240116038584615,0.0,0.0,-0.3694601484646937,-0.11059777238052129,16342309.00,1.14151309582458721379850,47771.78897718594117899800,14.632247727083062251996830
truck,amount,75404413.0,1.57471146771852905866663,61483.77592079263742091456,17.9031778477966181379651675,2.5018343976923075E7,0.5224717174548863,519.9566777368617,0.6232574668486367,-1.0,-1.0,-1.0,-1.0,0.0,0.0,-0.5994399201301904,-0.17041954455191585,0.0,0.0,-2.9930087907163445,-0.4108571831284684,75404413.00,1.574711467718529058666630,15397.856389332532225798400,12.68957486405369820326649350
truck,averag,8623956.0,1.2942015453061393204296,30985.6946639846255448465,8.744862425213696549658205,1976606.563348407,0.2966303711136473,403.9695443841425,0.45578701811055783,-1.0,-1.0,-1.0,-1.0,0.0,0.0,-0.2941754896673392,-0.06584377182720225,0.0,0.0,-0.8335655261636973,-0.14096950775780223,8623956.00,1.29420154530613932042960,16899.14771075286964731850,7.6644137864813129304762250
trumpet,abseil,259.0,1.423076923076923084,97.1352849066663376,0.17231931211107747740,136.9634987870856,0.7525466966323385,37.15598591849774,0.13406493074960416,-1.0,-1.0,-1.0,-1.0,0.0,0.0,0.0,0.0,0.0,0.0,0.0,0.0,259.00,1.4230769230769230840,97.13528490666633760,0.172319312111077477400
turnip,addit,10039273.0,1.1407927720317354204292,23772.8129528070302291546,4.095391693260833699632006,6291882.497350773,0.7149655234448498,361.7565588573041,0.24508709024375291,-1.0,-1.0,-1.0,-1.0,0.0,0.0,-0.3250478592845383,-0.1349449716249169,0.0,0.0,-0.9631730597668201,-0.3119916472328868,10039273.00,1.14079277203173542042920,12109.38222411767152462260,3.1215074439676488662452340
wardrob,artefact,61672.0,1.48732666103943084755,4662.345568320919939163,1.7564980722030318424857,7939.278304732742,0.19146939116683329,204.39301332967935,0.17504562413491154,-1.0,-1.0,-1.0,-1.0,0.0,0.0,-0.005729097334971033,-9.83802233241896E-4,0.0,0.0,-0.011524218036784235,-0.0019695421064065384,61672.00,1.487326661039430847550,4609.2278219199028855430,1.75304537552150098402390
washer,artefact,61672.0,1.48732666103943084755,4662.345568320919939163,1.7564980722030318424857,7939.278304732742,0.19146939116683329,204.39301332967935,0.17504562413491154,-1.0,-1.0,-1.0,-1.0,0.0,0.0,-0.005729097334971033,-9.83802233241896E-4,0.0,0.0,-0.011524218036784235,-0.0019695421064065384,61672.00,1.487326661039430847550,4609.2278219199028855430,1.75304537552150098402390
whale,axon,456888.0,1.520097150366809175402,9644.173767039595566678,6.74179377084940487766668,91282.0719199559,0.30370160171662003,304.67335483462466,0.5702487064210469,-1.0,-1.0,-1.0,-1.0,0.0,0.0,-0.019244895863317284,-0.001849484520792635,0.0,0.0,-0.0392450587963195,-0.0037058229036824293,456888.00,1.5200971503668091754020,9279.9803909673883786680,6.716902121127138837389620
yacht,ambul,152508.0,1.58804602488676004443,7798.5824458808932710252,3.4910001849100267001955,23315.70166218465,0.24278337754136145,266.3591845896556,0.2739534719508455,-1.0,-1.0,-1.0,-1.0,0.0,0.0,-0.014516066429285667,-0.0019730232149957677,0.0,0.0,-0.029459772878669774,-0.003953847462824241,152508.00,1.588046024886760044430,7575.41251376319665288480,3.47725166224764746789090
